0.899238 0.000301862 4.85315e-005 0.447779 0.00113366 
6.69068e-007 0.000387922 0.239429 0.236888 0.945481 
0.637155 0.00196685 0.316841 0.316905 0.634349 
7.36476e-005 0.635656 0.316131 0.632775 0.312503 
6.33715e-006 0.583464 0.574621 8.97278e-005 0.577825 
0.801417 0.538198 1.10037e-005 0.268539 3.09782e-005 
0.540876 0.000291065 0.810531 2.61255e-005 0.268466 
1.59238e-005 0.808869 0.539145 8.30695e-005 0.270648 
0.947235 9.13926e-006 0.236421 3.08566e-006 0.23508 
0.000979879 0.536355 0.800898 5.72802e-005 0.269277 
1.02738e-005 1.51199e-005 1.0043 9.28544e-006 1.64355e-006 
0.44888 5.33444e-006 8.68085e-005 2.2304e-006 0.897456 
4.42662e-005 0.000778452 0.232105 0.9477 0.236876 
9.8846e-005 0.803774 0.266827 0.533626 1.19462e-006 
0.000100253 0.98174 8.09109e-007 0.000332748 0.197505 
0.26981 0.538854 7.06035e-006 4.33169e-006 0.801893 
0.00458836 0.317701 0.317112 0.633638 0.639214 
8.57551e-005 0.542103 0.266662 1.02002e-005 0.805771 
0.000309881 0.266251 4.87088e-005 0.528332 0.807833 
0.804283 0.000350065 0.268755 8.7186e-006 0.531129 
1.87354e-005 0.897443 7.11558e-006 5.12463e-006 0.445394 
0.446576 0.000321919 0.896864 3.79609e-005 0.00020429 
0.318578 0.320615 8.41884e-007 0.633322 0.634014 
1.78902e-006 0.000479627 0.982022 2.61299e-005 0.19498 
0.984893 0.000426008 4.81371e-005 4.88829e-005 0.198874 
0.631521 0.634043 0.317339 9.9479e-006 0.316708 
0.356528 0.351778 0.711693 0.355111 0.349337 
1.10629e-007 1.71202e-006 3.43666e-009 1.01461 1.66025e-006 
0.292448 0.879258 0.296277 0.289631 0.00133265 
3.44407e-005 0.318537 0.634454 0.631125 0.314128 
4.98624e-005 0.811338 0.268591 3.06824e-005 0.53739 
0.196935 5.18075e-005 7.27099e-007 5.54375e-006 0.981966 
3.80247e-005 0.236795 2.54465e-005 0.236577 0.943629 
0.264852 0.806095 0.00098238 3.70991e-005 0.531889 
0.805428 0.27032 1.02181e-005 0.000108467 0.531491 
6.02799e-005 0.451193 8.22162e-005 0.895382 1.66275e-007 
0.00011992 8.99756e-005 4.21371e-007 0.982765 0.192025 
0.240654 0.963203 0.236889 4.36973e-005 0.000697482 
7.89885e-008 7.80592e-008 0.266373 0.534404 0.80324 
0.000166029 4.47277e-008 0.804772 0.533891 0.267288 
1.41094e-005 2.7479e-006 0.896492 0.446713 4.73433e-005 
0.000117002 1.01077 0.000105042 4.36471e-005 3.31625e-005 
0.198999 4.03084e-006 1.54544e-005 0.988748 5.764e-006 
0.808917 0.000654459 0.000122902 0.270516 0.539536 
6.79956e-005 0.537784 0.801152 0.268625 2.98055e-005 
0.316005 0.636573 0.632869 0.317556 2.90545e-005 
0.631976 0.320174 0.316968 0.632364 8.04293e-006 
0.315039 0.638535 3.28909e-005 0.317788 0.632993 
6.11345e-005 0.449257 8.71588e-005 0.000129897 0.894859 
0.866445 0.296794 0.287405 1.0447e-005 0.284273 
0.237764 3.94059e-005 0.955225 7.20094e-005 0.236911 
0.713511 0.347683 0.354516 0.355685 0.348844 
0.576627 5.68299e-005 8.76253e-005 0.58064 0.578496 
0.538684 0.0001335 0.267614 5.60439e-006 0.801086 
0.291522 0.00221405 0.291909 0.867771 0.287466 
3.64384e-005 0.268752 0.803016 0.53372 3.38686e-005 
2.19901e-005 0.198266 2.09143e-005 1.22143e-006 0.983237 
0.268206 0.000241189 0.803495 0.533723 1.79543e-005 
0.318216 4.3392e-006 0.636209 0.315234 0.635332 
8.68445e-005 0.294036 0.291315 0.86868 0.290627 
9.47808e-005 0.710345 0.706186 2.33719e-005 5.07248e-005 
5.5138e-006 5.3253e-005 0.449192 2.90321e-006 0.895247 
0.866087 0.2926 7.64743e-006 0.290072 0.28955 
0.000171496 9.27173e-006 0.000134519 0.200793 0.982112 
0.237904 5.5828e-005 0.945517 0.236212 3.81776e-005 
0.537124 0.269448 0.804051 6.18385e-005 0.00134397 
0.000111483 0.236962 2.12292e-005 0.944876 0.236494 
0.803584 0.000913204 0.266764 0.5335 0.00238155 
0.000123102 0.866539 0.290563 0.287377 0.289527 
3.49171e-005 3.46311e-005 0.803183 0.267663 0.533967 
1.37906e-005 0.291579 0.867488 0.288041 0.292968 
1.06124e-008 3.96451e-011 7.31536e-012 2.47667e-008 1.00559 
0.31335 0.315274 0.635998 0.000363787 0.63324 
0.314926 0.637521 0.316654 0.63272 4.50101e-005 
0.000127604 0.981989 0.195841 3.01747e-005 1.27753e-006 
0.803806 0.000281049 0.534948 6.38471e-005 0.265812 
0.803564 1.59475e-005 6.07349e-005 0.534806 0.266706 
0.319039 8.65254e-005 0.63372 0.632822 0.315239 
0.541318 0.810928 0.00126163 0.000138551 0.274628 
0.357922 0.720513 0.324046 0.352742 0.357869 
0.349889 0.359021 0.35101 0.363905 0.703917 
0.803242 0.264505 0.536799 4.11623e-006 4.29023e-006 
0.536761 0.000289665 0.804364 0.266868 0.00239806 
0.00014956 0.584942 5.87662e-006 0.577867 0.576137 
0.706353 0.710279 0.000525786 1.33167e-005 0.000299765 
0.53531 9.39347e-005 8.13467e-005 0.803731 0.267012 
0.000291561 0.237906 0.23718 0.950234 1.66549e-005 
0.944591 0.000645186 0.23757 0.236294 0.000562003 
0.805164 0.268047 6.52372e-005 0.534552 0.000219069 
8.03483e-005 0.537147 0.267109 0.801535 8.65415e-005 
2.56102e-005 0.71085 1.05208e-005 4.77245e-006 0.705096 
2.65058e-005 0.198395 1.81536e-006 0.983779 4.84512e-005 
0.633186 0.639023 0.000304108 0.316506 0.315709 
0.267573 0.00610588 0.802118 0.00338575 0.535988 
0.713933 0.000305165 0.00523809 0.719722 4.95604e-005 
0.287549 0.289392 0.00294847 0.87265 0.290946 
0.194918 0.98482 0.000175992 1.42077e-005 4.92446e-005 
0.289922 0.291377 0.290702 0.86678 2.78313e-005 
1.28934e-005 0.581938 0.583079 0.584682 4.98765e-005 
0.289396 5.17358e-005 0.870855 0.283487 0.287348 
0.29032 0.291176 2.60285e-005 0.292385 0.868142 
0.000348693 0.000395265 0.956985 0.237637 0.238048 
0.287761 0.292365 0.868242 1.19404e-006 0.29006 
0.000130094 0.269401 0.536944 0.80136 8.51132e-005 
0.955407 0.242945 0.234948 1.04167e-005 3.80191e-005 
0.000925131 0.944584 2.32789e-005 0.233346 0.234189 
0.709216 0.000511245 0.709915 1.65254e-005 0.000204612 
0.537471 0.805165 0.271275 0.000142866 0.000197511 
6.706e-006 0.448796 0.895319 0.000234182 0.000228785 
0.288636 7.82799e-005 0.293149 0.289713 0.867155 
0.875773 0.291356 0.292485 0.288252 4.43815e-005 
1.4487e-008 6.07239e-007 4.84652e-009 0.44782 0.89478 
0.287869 0.294925 0.288662 0.000116986 0.866323 
3.27748e-005 3.29568e-007 0.535305 0.267378 0.802287 
0.269067 0.539491 6.51917e-005 0.803483 2.94258e-005 
0.804153 0.000343729 0.535257 0.263283 4.89479e-005 
0.000362449 0.538308 1.18684e-005 0.800208 0.270088 
1.70319e-005 0.944919 0.234007 0.235306 7.80636e-007 
2.98561e-005 0.238371 0.944963 2.00335e-005 0.235342 
0.000161727 0.269339 0.804242 1.88851e-005 0.532629 
0.802975 0.533461 0.268339 0.000113385 3.54085e-005 
0.633676 0.000465779 0.633914 0.318273 0.315763 
0.000639388 0.944654 0.237271 4.32345e-005 0.234182 
0.317204 0.316093 0.633406 0.634989 0.000297256 
6.83528e-005 0.29319 0.290339 0.290908 0.870929 
0.235905 0.000653359 0.236413 0.944571 0.000204286 
5.06246e-005 0.0008883 0.264859 0.810205 0.529598 
0.86826 0.000110396 0.288132 0.286778 0.289954 
0.000117361 0.910911 1.09302e-005 0.456518 4.0567e-005 
1.18063e-008 3.78724e-006 0.197068 0.98297 3.63046e-006 
0.000125177 0.802804 0.537169 0.264092 4.91201e-005 
0.317507 0.00659577 0.316953 0.633321 0.635354 
0.634719 0.316989 0.634655 0.00140903 0.314867 
0.947488 0.23673 0.00784969 0.000513286 0.226559 
0.266201 0.811443 9.81192e-005 0.525246 1.60581e-005 
2.64645e-009 0.000164922 0.00011029 0.707347 0.707846 
0.316278 0.636618 0.631509 0.000107105 0.314632 
0.945356 0.000301715 0.000167327 0.229541 0.236432 
0.541693 0.267566 6.87861e-005 0.799511 8.69533e-006 
0.579902 0.00111333 0.576022 3.8638e-005 0.57772 
0.354583 0.360235 0.354912 0.708428 0.347722 
0.230151 2.10697e-005 1.72484e-005 0.232388 0.950325 
0.285781 0.869876 9.4771e-005 0.288311 0.290093 
6.31603e-007 0.000171369 0.578775 0.577358 0.578316 
3.17405e-005 0.804925 6.19851e-005 0.265774 0.533979 
0.577197 0.580324 0.576518 0.000233588 3.19562e-005 
0.985125 2.21121e-006 0.196071 7.18653e-006 1.59832e-005 
0.536237 0.000131889 2.91337e-005 0.267021 0.803227 
0.268292 0.000103547 0.536715 0.801725 7.14246e-006 
0.63068 2.63403e-005 0.314366 0.637665 0.314309 
0.00268679 0.636342 0.316438 0.31428 0.632809 
0.273309 1.66868e-005 0.53608 0.000101563 0.801249 
0.446963 4.14563e-005 6.71059e-005 0.896627 0.000127684 
8.73146e-005 0.537492 0.00021897 0.264743 0.803217 
0.235313 0.235676 4.58009e-006 3.21859e-005 0.946451 
1.00265 1.22314e-005 2.5118e-005 6.15352e-005 4.50321e-005 
0.896973 0.000646592 0.449251 9.18995e-006 0.000203902 
0.801905 0.538994 2.83244e-005 9.12183e-005 0.265965 
0.000444633 0.710721 4.4183e-005 0.706478 0.000467636 
9.55754e-005 0.908145 0.451523 4.18932e-005 7.42123e-006 
0.944178 0.236811 1.32461e-005 0.237273 0.00128107 
0.236986 0.946927 0.000147044 0.235433 3.11583e-005 
2.92854e-006 9.75744e-006 0.443102 0.900671 0.000690122 
0.577625 0.580271 6.03327e-006 0.579317 4.32077e-005 
0.983346 0.193407 1.21525e-005 0.000123618 0.000158279 
0.228352 0.94635 0.000184055 1.12644e-005 0.233576 
0.981509 0.000205008 2.16791e-005 0.196078 8.45802e-007 
0.318919 0.634555 0.316363 0.000107264 0.630514 
0.448828 0.904047 7.82628e-005 0.00207105 3.12961e-005 
0.286365 0.866929 0.295097 0.00202912 0.285629 
0.230218 0.244931 0.963359 0.00323769 0.000140617 
0.289874 0.292193 0.867302 0.286665 3.20106e-005 
0.577551 6.70288e-005 0.578772 0.578186 1.48914e-005 
0.3204 0.642987 7.25113e-006 0.637526 0.318587 
3.91217e-006 2.56501e-006 0.541906 0.821647 0.272405 
0.235671 0.000980622 1.9955e-006 0.946638 0.22825 
0.237444 1.24199e-005 0.236465 1.16478e-005 0.944702 
5.55817e-005 0.23841 0.947528 0.236714 5.029e-005 
0.00010105 1.72836e-006 1.14521e-006 0.895816 0.446995 
0.639997 0.324671 3.03338e-005 0.321478 0.635714 
4.84138e-005 0.23721 0.235889 1.05519e-005 0.944694 
0.635827 0.32029 0.00246516 0.636085 0.313618 
7.72883e-007 0.000209701 0.709422 0.708272 3.59064e-006 
0.71145 0.000204112 0.000778446 1.15173e-005 0.706067 
1.20055e-005 6.18967e-007 0.707361 3.12842e-005 0.707669 
9.25155e-005 0.320178 0.636356 0.317427 0.629329 
0.278864 0.000509128 0.000105794 0.554401 0.830533 
0.230443 0.233644 0.000144752 0.945829 5.71271e-006 
8.22598e-007 0.269994 0.536422 2.2716e-005 0.801389 
7.67042e-005 0.986082 9.55273e-006 0.195998 1.65367e-005 
2.79891e-005 5.84564e-005 0.896242 1.4792e-005 0.444933 
0.579591 0.580663 0.000174579 0.000152457 0.577196 
0.531171 9.66083e-005 0.262292 0.808546 0.000445509 
0.89515 0.450581 1.99615e-005 4.01921e-005 0.000254399 
0.632573 0.635277 0.314387 0.323505 4.53607e-005 
0.000259987 0.270106 9.69632e-005 0.802763 0.535642 
0.265403 5.01353e-005 1.31848e-005 0.805709 0.536592 
0.19475 2.21112e-005 0.982229 0.000392727 1.08155e-005 
0.000221792 0.197716 0.9814 1.86155e-005 1.73667e-005 
0.533004 0.807366 7.47922e-005 0.262203 5.15674e-005 
1.79962e-008 1.84483e-006 0.196683 8.40789e-006 0.981868 
0.89728 0.000126881 5.4077e-005 2.66559e-005 0.446396 
0.64693 0.298262 0.634367 0.314488 0.00460824 
0.267837 0.539264 0.799297 0.000290934 1.54428e-006 
0.00751319 0.805297 6.73348e-006 0.53272 0.26485 
0.00044827 0.636498 0.629775 0.316027 0.317329 
1.01999e-005 2.46215e-006 0.991003 0.198511 3.92316e-005 
0.537644 0.266882 6.39767e-005 2.59679e-005 0.804773 
0.266457 0.805516 0.534488 0.000366627 0.000347879 
0.634479 0.316954 0.321504 5.30174e-005 0.62979 
0.000116774 0.906353 1.08755e-005 0.462802 6.31655e-006 
0.766529 0.509248 0.25616 0.299612 0.0104259 

