0.166949 0.000232983 0.333022 
0.000952337 0.375163 0.123981 
0.333417 4.70703e-005 0.166624 
0.416974 9.92246e-005 0.0830239 
0.334977 0.0413538 0.123837 
0.207975 0.000110984 0.292002 
0.0829651 0.417634 2.14937e-005 
0.00118998 0.2094 0.28963 
1.4757e-009 0.500589 6.72909e-012 
0.000367255 0.334046 0.165952 
0.000741298 0.126105 0.373227 
0.0408274 0.125459 0.333842 
5.45205e-005 0.416995 0.0830233 
0.0409609 0.0838905 0.375341 
0.249668 0.250261 0.000232473 
1.19454e-012 2.11279e-010 0.500079 
0.291935 0.000316035 0.20798 
0.209275 0.125067 0.165917 
0.167001 0.333123 1.85141e-005 
0.416989 0.0429037 0.0403635 
0.500113 8.78804e-007 8.65743e-011 
0.0412151 0.458822 0.000134175 
0.0832922 1.63922e-005 0.416785 
0.0014097 0.248064 0.250748 
0.331526 0.0848518 0.0841569 
0.123597 0.209867 0.166624 
0.20891 0.208543 0.0829807 
0.248885 0.209643 0.0416893 
0.0413907 0.20939 0.249443 
0.125361 0.250766 0.123985 
0.081646 0.168054 0.250477 
0.289893 0.084781 0.125653 
0.000845538 0.0421289 0.457175 
0.16586 0.251093 0.0833163 
0.249814 0.125545 0.124766 
0.0834018 0.210044 0.206693 
0.167054 0.0821917 0.250878 
0.167774 0.209151 0.123192 
0.0414497 0.335309 0.123371 
0.0414708 0.249946 0.208821 
0.291024 0.209097 1.83803e-005 
0.0416326 0.0423419 0.41615 
0.414378 0.0857624 1.23494e-007 
0.165132 0.293763 0.041451 
0.206911 0.0442287 0.249047 
0.0838226 0.125165 0.291164 
0.167195 0.0435515 0.289346 
0.206073 0.294001 1.61779e-005 
0.124581 0.0439385 0.331721 
0.166808 0.167205 0.166126 
0.0421431 0.292227 0.16591 
0.205554 0.171252 0.123437 
0.124271 0.123886 0.252099 
0.126449 0.292288 0.0816869 
0.000771112 0.291774 0.207626 
0.333828 0.166255 7.42373e-010 
0.0834605 0.0419404 0.37489 
0.374316 0.0424282 0.0834213 
0.249681 0.0829056 0.167612 
0.333826 0.124713 0.0416971 
0.00134328 0.0836463 0.415133 
0.250281 0.0418457 0.20802 
0.0858879 0.291036 0.123596 
0.0426355 0.167107 0.290441 
0.373754 0.126181 0.0002081 
0.291545 0.124341 0.0842403 
0.291582 0.0415005 0.167028 
0.123608 0.376476 3.21792e-006 
0.0417381 8.56205e-005 0.45832 
0.166494 0.1251 0.208718 
0.000165821 0.16693 0.333033 
0.125201 6.02493e-005 0.374912 
0.375057 0.0818504 0.04335 
0.45847 0.000203561 0.0416546 
0.0833055 0.333491 0.0833208 
0.457803 0.0422751 5.73734e-007 
0.123011 0.167573 0.20955 
0.249271 2.48746e-005 0.250848 
0.122318 0.335825 0.0419424 
0.208006 0.0840859 0.207996 
0.083009 0.251054 0.166067 
0.0406727 0.416921 0.0425745 
0.0424107 0.375712 0.0831966 
0.0825393 0.0840906 0.333464 
0.000504015 0.458439 0.0413577 
0.123016 0.0860381 0.291076 
0.208269 0.249814 0.042071 
0.248659 0.168822 0.0830855 
0.375395 6.10761e-006 0.124756 
0.0831793 0.374952 0.0419936 
0.289738 0.169147 0.0412546 
0.000571357 0.215626 0.284018 

