0.296143 0.45735 
0.281039 0.470848 
0.182553 0.574538 
0.978797 0.0113107 
0.249537 0.501611 
0.566353 0.248788 
0.942082 0.030231 
0.25781 0.49338 
0.886281 0.0595422 
2.53962e-08 1.00176 
0.385569 0.380386 
0.16063 0.60032 
0.319546 0.435918 
0.42066 0.352661 
0.116969 0.659348 
0.807024 0.102496 
0.545071 0.262663 
0.219247 0.533108 
0.359521 0.401437 
0.109574 0.670417 
0.904442 0.0499736 
0.0953229 0.692865 
0.923461 0.0402401 
0.735676 0.143208 
0.749161 0.135411 
0.998607 0.00128304 
0.211834 0.540751 
0.504094 0.290998 
0.524826 0.276427 
0.658718 0.189421 
0.242126 0.509032 
0.0882407 0.703916 
0.671057 0.181976 
0.393943 0.373507 
0.234449 0.517182 
0.447869 0.332048 
0.0727387 0.731466 
0.0176769 0.868156 
0.153738 0.609387 
0.763345 0.127218 
0.343842 0.415401 
0.823758 0.0935784 
0.611032 0.219375 
0.621971 0.212557 
0.335695 0.421913 
0.13918 0.628269 
0.26449 0.486951 
0.854041 0.0770118 
0.792655 0.110959 
0.303636 0.450573 
0.197582 0.55701 
0.190148 0.5654 
0.708404 0.159476 
0.633661 0.204968 
0.175318 0.583699 
0.0340373 0.81679 
0.402921 0.36613 
0.535326 0.269372 
0.288317 0.46416 
0.959935 0.0207689 
0.475712 0.311725 
0.599865 0.226587 
0.131569 0.638491 
0.351785 0.407863 
0.0575834 0.76155 
0.102536 0.680981 
0.146332 0.619082 
0.327229 0.429454 
0.12436 0.648793 
0.695112 0.166998 
0.311569 0.443212 
0.777062 0.119365 
0.515055 0.283551 
0.16835 0.591148 
0.644201 0.198277 
0.411721 0.35934 
0.204848 0.548833 
0.68257 0.174776 
0.36943 0.393714 
0.429175 0.346149 
0.589105 0.233859 
0.226268 0.525606 
0.0650565 0.746629 
0.556583 0.254993 
0.0420773 0.795976 
0.457027 0.325484 
0.838602 0.0855666 
0.87138 0.0673334 
0.721838 0.151276 
0.0260916 0.83992 
0.377104 0.387377 
0.466682 0.318148 
0.484997 0.304695 
0.00920027 0.905594 
0.272565 0.47944 
0.0501113 0.77761 
0.494586 0.297552 
0.0802845 0.718437 
0.438196 0.339069 
0.57708 0.241359 

