0.416496 0.150505 
0.426551 0.033609 
0.64388 -0.432217 
0.0393979 0.76695 
0.225836 0.363525 
0.828547 -0.555732 
0.829784 -0.577105 
0.2019 0.540879 
0.19652 0.581299 
0.831115 -0.59895 
0.62023 -0.154093 
0.0317435 0.798822 
0.82614 -0.511501 
0.254923 0.245417 
0.638234 -0.392336 
0.833851 -0.639898 
0.432132 -0.0215854 
0.640792 -0.412589 
0.621915 -0.181337 
0.625125 -0.23217 
0.43833 -0.0692303 
0.837063 -0.679927 
0.632 -0.32569 
0.824891 -0.488024 
0.838504 -0.698354 
0.0693658 0.681766 
0.429272 0.00520395 
0.0543748 0.715781 
0.0619008 0.695789 
0.21181 0.466118 
0.62357 -0.207464 
0.0835237 0.671803 
0.0081266 0.910688 
0.0470379 0.739488 
0.618656 -0.126242 
0.235555 0.305508 
0.845359 -0.753752 
0.240914 0.279757 
0.190276 0.623794 
0.447351 -0.112536 
0.0158438 0.869725 
0.636432 -0.375336 
0.40968 0.239321 
0.628453 -0.280772 
0.216367 0.430657 
0.633942 -0.348799 
0.63017 -0.303532 
0.42166 0.0900253 
0.648353 -0.451026 
0.0240125 0.831245 
0.835233 -0.659602 
0.221077 0.396491 
0.832443 -0.618527 
0.452911 -0.121991 
0.42409 0.0603617 
0.41908 0.118388 
0.184787 0.66182 
0.206814 0.504043 
0.851364 -0.771829 
0.82389 -0.467823 
0.442427 -0.0925357 
0.411239 0.218768 
0.230543 0.333079 
0.842604 -0.736537 
0.246832 0.260522 
0.0780869 0.674318 
0.840397 -0.717292 
0.414064 0.182325 
0.435294 -0.0466841 
0.827492 -0.537705 
1.64857e-008 1.00235 
0.626704 -0.255289 
0.202577 0.537666 
0.646016 -0.443013 
0.840553 -0.718186 
0.83826 -0.695523 
0.0246903 0.828974 
0.183505 0.665415 
0.437383 -0.0602096 
0.0573839 0.707702 
0.424491 0.0579563 
0.198573 0.566098 
0.843642 -0.742839 
0.217435 0.42322 
0.20884 0.49769 
0.43362 -0.0335779 
0.192262 0.609029 
0.00797042 0.912255 
0.828376 -0.549512 
0.639196 -0.399651 
0.632507 -0.333187 
0.0594836 0.705797 
0.251563 0.250137 
0.844695 -0.748953 
0.249015 0.254775 
0.835985 -0.667276 
0.0471658 0.739134 
0.834002 -0.640267 
0.64156 -0.418375 
0.849521 -0.769088 

