1.1441e-019 4.26985e-012 0.000159353 4.97342e-008 1.92111 0.000752135 0.853682 0.00242714 
2.54639e-006 1.88297e-009 1.2434 0 1.25596 0 0 1.17294 
1.45296 2.49526e-005 4.89151e-005 0 0 1.72027 0 0 
6.34913e-009 5.01105e-008 0 1.8851 0 0 0 0.962082 
0.00198999 1.44023 0.000437632 1.18392 0 0 1.16812 0 
0.403245 0.141742 0.247043 0.045304 0.178236 0.282715 1.39966 1.49464 
1.60224 0 0 0 0 0.875907 0 1.08973 
2.28795e-008 1.2171e-008 0.967175 0 0.000463324 0.0131351 0 1.88143 
0.220383 1.48616 1.38196 0.416571 0.215375 0.436751 0.218651 0.187587 
1.73613 0.0409033 1.14731 0.241514 0.256086 0.208392 0.365781 0.0252588 
5.24118e-008 7.13921e-010 2.16052e-008 2.11588 0 0 0 0 
3.6626e-008 1.3669 0 1.20849 0 0 0 1.11849 
7.86408e-005 1.18127 0 0 0.0037166 0 1.7921 0.0265531 
0.719377 0.00130763 0.000127102 0 0.624992 0 0.000291418 0.616371 
0.000532226 0.000281062 1.23305 0 0.042759 1.31909 0.000137619 1.26407 
1.23703 0.00931398 0 1.7608 0 0 0 0.0504206 
1.04487e-008 5.88766e-009 1.06952e-009 5.08911e-009 2.11837e-008 0.928998 0 1.86714 
5.07309e-012 2.22277e-012 0.000206706 1.06638e-006 1.45405 1.29863 0.829613 0 
2.93356e-005 1.3236 0 0 1.16714 0.00262085 0 1.14303 
2.05122 0.243271 0.244025 0.204172 0.121373 0.221588 0.182372 0.000237774 
1.49213 0.0725476 1.62154 0 0.00273221 0 0.00090183 0.00499715 
2.60815e-009 1.60466e-008 1.6762e-008 0.871464 1.92288 0.00091153 0 0 
1.49501 0 1.09216 0.000163386 0 1.09774 0.0096119 0.00111675 
3.76284e-008 2.63229e-008 1.99445e-008 1.86848 0 0.982381 4.79798e-005 0 
0.0182156 1.25625 0.00220121 0.00183336 1.10367 1.29027 0.0166848 0 
3.54137e-008 0 3.09414e-010 3.49934e-008 7.186e-009 1.87734 0 0.962843 
0.000159607 1.92821 0.00172642 0 0.848145 0.000203355 0.00128493 0.00346651 
0.661473 0.347923 0.283796 0.259184 0.401619 1.51782 1.13194 0 
0.00434772 1.9448 0.894888 0 0 0 0.00171541 0.000922777 
7.17005e-016 0 2.6759e-008 0.998661 0 0 1.93734 0 
8.87867e-009 3.09466e-009 3.25822e-008 1.26277e-008 1.3505 1.15469 0 1.14084 
2.04921 0 0 0 0.642355 0 0 0 
1.64788 0.000766418 0.0102616 0.000637682 0.879545 1.01085 0 0 
0.423307 1.73299 0.363293 0.21562 0.200987 0.19521 0.160659 1.08827 
1.43024 0 0 0.00111207 0.000708741 0 1.52513 0 
0.00267709 1.47268 0 1.26444 1.31675 0 0 0 
2.86223e-008 1.0514 0 0.00344049 1.84894 0 0.000763972 0 
0.354176 0.178669 0.164205 0 2.01616 0.243937 0.343094 0.197973 
0.0265894 2.07588 0.245287 0.247242 0.133993 0.223265 0.183752 0.0733979 
0.486448 0.309674 1.39352 0.154972 0.15672 1.42866 0.279025 0.251773 
1.83597 0.150607 0 0.00305072 0.986045 0.403424 0 0.203405 
8.69021e-016 0 3.24323e-008 1.21039 1.18369 0 1.26562 0 
5.25767e-008 1.96219 0 0.000198151 0.00987489 5.66338e-005 0.778691 0 
0.45107 0.237255 0.214755 1.40141 0.284286 0.25187 1.44742 0.365594 
0.793636 0.38229 0.229048 0.384 0.584836 1.25393 0.179242 1.2571 
0.00428078 1.34734 1.1894 0 1.19977 0 0 0 
1.80522 0.000121234 0.819177 0 0.0338333 0 0 0.868566 
5.41427e-005 2.37691e-005 1.8524 0.0112537 0 0.967673 6.74516e-005 0 
0.22187 0.143879 0.160027 2.08715 0.231597 0.159519 0.291249 0.295521 
2.6718e-008 0.997131 0 0 0 0 0 1.89294 
0.0107044 4.38255e-005 0.00071109 0.00408336 1.91141 0.910646 0.00435531 0 
0.371543 0.0444515 0.0793708 0.141279 0 0.252543 0.109675 2.0596 
2.55109e-008 4.49806e-009 2.21748e-012 0 0.966768 0 0 1.91276 
2.02399 0 0.00152454 0.718766 0 0.13135 0 0 
0.639944 0.192358 1.40881 0.173028 0.165839 0.423795 1.35007 0 
1.5291 0 0 0 0 0.113178 0 1.50994 
0.37471 0.184726 0.275782 1.28849 0.151549 1.65143 0.198487 0.177813 
3.27192e-008 1.01607e-012 4.44697e-011 0 0 1.2211 1.69167 0 
2.26118e-009 5.41475e-008 2.02257 0.00151079 0 0 0.967173 0 
2.03077 0 0.0130182 0 0 0 0 0.632923 
8.15667e-010 0.0304411 5.5169e-007 1.27846 1.29189 0 0 1.20643 
1.62382 1.05399 0.822608 0 0.0018482 0.00109821 0 0 
1.8366 0.982226 0.255387 0.219193 0.131114 0.257343 0.160986 0.0939995 
2.63204e-008 1.72559e-009 0.984401 0.000154236 0 1.8717 0 0 
0.00310182 1.23592 0 1.75917 0 0 0 0.0125685 
1.83441 0 0.84362 0.851783 0.16142 6.34204e-005 0 0.0255379 
2.02014 0.731871 0 0 0 0 0 0 
3.36836 0 0 0 0 0 0 0 
1.66415 0 0.00276087 0 0 0.995912 0.804766 0 
3.69466e-008 1.37887 1.05617 1.22605 0 0 0 0 
1.72341 0 0 0.89512 3.80474e-005 0 0 0.839476 
0.00438816 1.37193 1.26117 0 0 1.17952 0 0 
0.409644 1.49372 0 0.197302 1.41786 0.149298 0.223014 0.112368 
1.73767 3.20947e-005 0 0.898405 0.99561 0 0 0 
1.75549 0.0121383 0.79383 0 0.859679 0 0 0 
0.879974 0 9.75566e-005 0 0.81976 0 0.00150258 0 
0.839314 0.228127 0.177942 0.116173 0.168987 1.92891 0.177143 0.175565 
4.50209e-008 3.45845e-005 1.2376 0.000650161 1.22729 1.43024 0.00011094 0 
0.0675144 0.000636224 1.34479 1.18984 0.000687997 1.1994 0 0 
2.07726e-010 2.2112e-008 1.50754e-008 3.66096e-009 1.00811 1.95892 0 0 
0.555795 0.274069 1.62429 0 0.019635 0.205657 0.222052 1.14943 
0.0036527 0.00251629 1.31194 1.20552 1.27591 0 0 0 
3.38025e-008 4.6201e-010 1.26164 0 0 1.34887 1.07693 0 
0.0309138 1.42121 0.00544551 0 0.0200747 1.1143 0.0142064 1.10114 
1.66973 0.000215419 0.000459121 0.888155 0.000464164 0.941703 0 0 
2.11486 0.0345332 0.584968 1.30713e-005 0 0.00101545 0 0 
2.89143e-005 0.00227065 0.000697881 0.879915 0.00231832 0 0.0124892 1.93484 
0.00234656 0.99292 0 0.000342078 0 1.94658 0.00284305 0 
5.74898e-008 0 0 5.51238e-010 7.76408e-011 2.51024e-011 6.91059e-011 2.14565 
0.00190073 1.40052 1.28789 0 0 0 1.20933 0 
0.904306 0.000137296 0.190472 0.107213 0.113703 0.106053 1.92147 0.157841 
0.66589 0.41659 1.89813 0.211088 0.21347 0.247041 0.279246 0.251973 
1.09724e-009 5.04592e-008 1.88361 0.00315986 1.0299 0 0.00193737 0 
0.500585 0.246836 1.46084 1.43181 0.0764905 0.202969 0.270331 0.158417 
1.68502 0.206036 0.200547 0.202452 0.0994609 0.1825 0.150202 1.19132 
1.22354e-010 3.85101e-008 3.39947e-008 0 1.91709 0 0 0.936481 
2.03181e-005 0.000106376 0.972527 0 0 0.00135632 1.90638 0 
2.47011e-008 3.17858e-009 0 2.16426e-009 1.13311e-009 1.23677e-011 0.93392 1.88521 
5.65018e-008 3.87857e-010 0 1.8514e-011 0 0 2.10873 0 
3.69133e-009 1.84923e-008 0 8.12321e-009 0.76628 0 1.22892 0 
0.45858 1.54474 0.220325 1.24387 0.126568 0.290038 0.255369 0.345169 
0.00712362 1.39486 0 0 0 0.00270323 1.27527 1.22039 
5.23704e-008 0 0 1.95446 0 0 0.803307 0 
0.58185 0.134497 0.176203 1.58854 0.321951 0.284863 0.0993109 1.26006 
1.82396e-005 1.22665e-005 4.03476e-008 9.9768e-006 1.1272e-005 1.17391e-005 1.86694 0.947695 
0.00218324 0.000869222 1.28613 1.2168 0 0.00105438 1.21038 0 
1.90648 0 0.804519 0.00289744 0.000121741 0 0.656645 0 
0.00207819 0 1.2947e-005 0.00530275 0 1.24954 1.24343 1.16505 
1.84949 0 0.00165594 0 0.813518 0.0234379 0.796677 0.00272209 
1.84186 0.677887 0.0430879 0.70746 0 0 0 0 
3.5955e-008 1.34186 0.0108533 1.07031 0 1.25503 0 5.78016e-005 
2.02095 0 0.0580804 0 0 0 0.605852 0 
0.00141288 0.742992 0.00117196 0 0.692154 0 0.64439 0 
1.67135 1.03582 0 0.00542853 0 0 0.000139447 0.83222 
0.00642057 2.00855 0 0.847337 0 6.2919e-005 0 0.0180322 
0.028289 0 0.00898697 0.916031 0 1.94052 0 0 
1.72564 0.277806 0.238936 1.04958 0.102336 0.223302 0.247403 0.348858 
3.50431e-008 0 3.04935e-009 0 1.31277 0 1.23168 1.21853 
3.12517e-008 2.6789e-009 2.03491e-010 1.17063 1.128 1.32229 0 0.00256136 
0.487377 0.240332 1.42409 0.177023 1.40182 0.245872 0.265453 0.18414 
1.28341 1.71619 0.000121122 0.00184498 0 0 0 0 
5.79556e-008 5.29768e-009 6.48108e-010 0 2.17209 0 0 0 
0.000922828 0.000404433 0.988225 0 1.90328 0 0 0 
0.399751 1.48979 0.210982 0.159928 0.161783 1.33668 0.273938 0.344359 
1.71505 0.00464436 0 0.953871 0 0 0.774439 0 
1.62827 1.07388 0.0050756 0 0 1.02454 0 0 
0.269151 0.174193 0.00699316 1.38409 1.49896 0.439081 0.275867 0.365382 
7.90249e-016 4.09376e-016 3.32149e-008 1.23075 0 1.3118 0.00108504 1.16819 
0.000941868 1.37474 0.00182612 0.000512657 0.0844523 1.16409 1.10433 0 
5.27805e-008 0 2.03525e-010 1.96981 1.05043 0.000801516 0 0 
5.59684e-008 4.78658e-009 0 4.13358e-009 3.48369e-009 2.10608 0 0 
1.35682 0.878173 0.0354319 0 0.17089 0.436702 1.28751 0 
1.29679e-005 0.892796 1.93933 0 0.017363 0 0 0 
0.00395027 1.30657 1.24188 0.0040005 0 0 0.0115675 1.18264 
6.83056e-008 5.07046e-005 1.33827 0 1.32706 0.0342344 1.22287 0 
1.02501e-005 5.78859e-006 1.05124e-006 1.40153e-005 5.11965e-006 1.92419 0.851387 0 
1.82487 0.0483801 0 0.00117236 0 0 0.82469 0.786201 
1.80998 0.110601 0.160197 0.215644 0.040897 0.985483 0.21742 0.185036 
2.74753e-008 0.00123898 0.000117942 1.18761 0.0796145 1.3378 1.12193 0 
2.70189e-008 0 1.00836 1.89613 0.0199589 0 0 0.0248151 
0.00299038 0.00274005 1.85469 0.000691637 0 0 0 1.00395 
1.89872 0 0.0191767 0.000451735 0.000466023 0.910164 0 0 
1.7583 1.0313 0 0 1.03841 0 0 0 
1.69995e-006 1.97542 0 0.000978695 0 0.000129094 0 0.836077 
0.544472 0.20228 0.289446 0.184869 1.39505 1.44792 0.255461 0.358262 
5.24584e-008 1.95777 0 3.03758e-005 0 0.817491 0 0 
4.14254e-008 2.89101e-008 1.88528 0.944069 0 0 0 0 
5.81501e-008 1.44452e-009 2.17086 0 0 0 0 0 
0.0090538 0.00556245 0.000397893 1.22678 0 0.00635713 1.22125 1.16812 
3.55208e-008 4.78865e-010 1.32578 1.18006 0.028217 0 0.00111029 1.18072 
2.86736e-008 1.99058e-008 1.3027 0.000991203 0.000100884 0 1.19092 1.21404 
6.44508e-008 2.40534 0 0 0 0 0 0 
2.47824e-008 3.18904e-009 0 2.16711e-009 1.13929e-009 1.06939e-011 0.936984 1.89139 
1.87765 0 0.992239 0 0.000337403 0.129875 5.44222e-005 0 
0.0071234 1.39488 0 0 0 0.00270326 1.27529 1.22041 
0.00188361 0.990534 0.00156242 0 0.00299734 0 0.628589 0.179292 

