0.722226 0.150916 
0.234636 0.517009 
0.448096 0.332222 
0.979507 0.0110995 
0.280574 0.471817 
0.923584 0.0399844 
0.589454 0.233827 
0.385594 0.380255 
0.265304 0.486265 
0.109786 0.670102 
0.670726 0.182021 
0.496231 0.296959 
0.327616 0.42857 
0.708928 0.158911 
0.204982 0.548602 
0.475993 0.311765 
0.777837 0.118778 
0.197448 0.556716 
0.485939 0.304113 
0.0178903 0.868111 
0.810764 0.102465 
0.220068 0.532433 
0.412167 0.3592 
0.736427 0.143164 
0.30418 0.450131 
0.838838 0.0847664 
0.0576482 0.760878 
0.376936 0.387349 
0.635493 0.204008 
0.577933 0.240553 
0.0878776 0.704751 
0.854642 0.0762005 
0.31196 0.443047 
0.117357 0.658971 
0.227393 0.52435 
0.153787 0.609567 
0.525659 0.276126 
0.36014 0.400949 
0.0422241 0.796227 
0.0498472 0.777883 
0.822676 0.0938665 
0.03394 0.817215 
0.352267 0.40724 
0.599889 0.226269 
0.515477 0.282862 
0.272322 0.479352 
0.124555 0.648421 
0.0262581 0.84001 
0.296137 0.456936 
0.175854 0.581938 
0.168096 0.591371 
0.242282 0.508845 
0.610558 0.219568 
0.749918 0.134887 
0.369206 0.393305 
0.439192 0.338424 
0.905673 0.0493341 
0.319968 0.43596 
0.646364 0.197167 
0.999112 0.000979477 
0.763749 0.126837 
0.0954712 0.692996 
6.16617e-07 1.00098 
0.556549 0.255097 
0.622747 0.212141 
0.793147 0.110461 
0.695667 0.16686 
0.94234 0.0303779 
0.657666 0.190021 
0.08024 0.718055 
0.249342 0.502036 
0.190171 0.565114 
0.00901335 0.907105 
0.535541 0.268956 
0.465677 0.318422 
0.429843 0.345468 
0.683193 0.174442 
0.545811 0.261928 
0.960698 0.0208962 
0.139292 0.628 
0.5673 0.247565 
0.257388 0.493771 
0.421164 0.352027 
0.212219 0.540326 
0.394556 0.37282 
0.13196 0.638193 
0.101991 0.681884 
0.0653712 0.746248 
0.403334 0.365885 
0.888995 0.0582398 
0.160693 0.600555 
0.287782 0.464548 
0.344036 0.415089 
0.146442 0.61853 
0.870703 0.0675951 
0.182803 0.573723 
0.457374 0.324613 
0.0727901 0.732097 
0.335235 0.421886 
0.505075 0.290098 

