0.0025953 0.93447 9.28706e-005 0.00525298 0.000137158 0.461807 0.000101614 0.0048706 
0.589507 0.00603716 0.000874533 0.000396202 0.0001786 1.07365e-005 0.581471 0.588492 
0.905976 0.452338 0.00431717 0.00017807 0.000926994 0.000381537 0.000696628 2.73128e-005 
0.115033 0.114728 0.114047 0.967981 0.106797 0.146481 0.0981118 0.115273 
0.0791929 0.980859 0.0857454 0.0902782 0.1071 0.104462 0.10588 0.123519 
0.135376 0.132227 0.135452 0.134459 0.68002 0.677068 0.118438 0.134782 
0.00273896 0.910456 0.00239917 0.000177133 0.000149471 0.000148815 0.445809 6.73814e-005 
0.000840789 1.46856e-005 0.000838818 0.452026 0.000562201 0.000172437 2.90118e-005 0.905556 
5.73045e-006 1.39658e-006 3.57788e-007 5.56287e-006 0.454211 6.4766e-005 0.903713 1.48968e-006 
2.22592e-005 1.06677e-007 0.906559 0.00075769 2.57326e-005 0.450772 7.71014e-005 1.1597e-005 
0.669325 0.122562 0.137523 0.12876 0.699484 0.153681 0.00251924 0.132367 
0.000540144 0.463917 5.74787e-005 0.00159333 0.910129 0.000169511 8.36118e-005 1.19165e-006 
0.592287 0.00269885 0.00143547 0.000926429 0.587116 0.583905 9.36834e-005 3.34745e-005 
0.000495666 5.95668e-006 0.45792 0.000141116 0.904364 0.000185477 0.000112551 1.52956e-005 
0.675162 0.137887 0.142609 0.11376 0.127635 0.120094 0.121783 0.686085 
0.58628 0.00014683 0.000833057 0.000480344 0.584884 0.000313718 0.583494 0.000102128 
0.679172 1.30774 0.00163351 0.00241967 0.00011545 0.000388833 0.00176069 0.00130034 
9.49856e-008 1.58228e-005 0.593352 0.585236 0.000167188 0.000873243 0.580634 1.06846e-006 
0.685309 0.125005 0.140501 0.686255 0.105203 0.141549 0.116745 0.112764 
2.77153e-007 9.91399e-005 0.910266 0.000590981 0.000144023 0.000189728 0.00128128 0.452571 
4.16659e-005 2.83873e-007 0.904019 0.458972 0.000292848 0.000362704 5.78785e-005 2.17515e-005 
1.01493e-005 9.82061e-006 0.000421627 0.590704 0.591375 0.000216038 0.00385803 0.587205 
0.115555 0.120447 0.1138 0.699866 0.660662 0.149975 0.134617 0.124709 
0.00299425 0.907451 8.09986e-005 0.00175068 0.453889 0.00040555 0.000519555 0.0002131 
0.00136579 5.87339e-006 0.000277848 0.90756 4.02312e-005 0.000161412 0.000433035 0.448495 
0.00181473 0.591439 0.000613599 0.000171377 0.00583549 0.00162225 0.584573 0.58311 
0.000400749 7.04485e-006 1.31909e-005 6.44667e-007 6.14846e-008 0.451189 7.32915e-005 0.905684 
0.138575 0.130777 0.154512 0.694701 0.123121 0.143714 0.11848 0.668776 
3.68198e-006 3.56302e-006 0.000978167 0.908334 0.000197591 0.000391988 0.452017 2.52945e-007 
0.0021065 1.62645e-005 0.00246286 0.590127 0.584818 0.583576 0.000101351 3.34081e-005 
0.593015 0.00294854 0.585054 0.000560686 0.000275127 0.00015293 0.582392 8.88656e-006 
1.51894e-005 1.48858e-005 0.464577 0.92531 0.000243744 0.0001321 0.000747332 0.000217416 
0.458062 0.000611442 0.00137633 8.09072e-005 5.55253e-006 0.908618 1.97307e-005 0.000499368 
0.120302 0.115913 0.699966 0.132301 0.669091 0.100143 0.140364 0.124394 
0.00814156 0.586456 0.590298 0.000607578 0.000240973 0.000617777 4.08544e-005 0.579659 
3.00658e-006 3.68819e-005 0.462851 0.00157178 4.29929e-005 0.000664602 4.63332e-006 0.903072 
0.00106068 0.910997 0.00013538 0.458085 0.00103772 0.000169203 8.35954e-005 1.42213e-006 
0.00101169 0.589183 0.595483 0.000512184 2.11631e-005 0.582889 0.000148523 2.58989e-006 
0.000222377 5.42331e-005 4.86039e-005 1.013 7.9098e-006 0.000175981 1.05095e-005 2.35807e-006 
0.142542 0.1329 0.686447 0.684044 0.106099 0.144341 0.104166 0.10104 
0.000380256 0.449086 0.000887109 0.00155896 5.94683e-005 0.000171325 3.94502e-005 0.909629 
0.451379 0.000874209 0.000886132 0.000257648 0.000559756 0.00017219 2.36207e-005 0.90802 
0.000322693 4.10838e-007 0.595959 0.000491297 2.96969e-006 0.58092 0.576986 4.07575e-005 
0.910028 6.23545e-005 0.000943259 0.000730295 0.000125547 6.55074e-005 9.75054e-005 0.450938 
5.93339e-008 6.06952e-008 8.08073e-008 1.48923e-006 5.39683e-010 3.89486e-009 1.01062 1.23034e-008 
0.608287 0.000197741 0.000902604 0.00776151 8.44628e-005 0.597819 0.597251 3.98367e-005 
0.106895 0.107482 0.121161 0.106406 0.149819 0.13556 0.66863 0.71689 
0.129433 0.133119 0.14823 0.681806 0.160014 0.677598 0.116914 0.142566 
0.00110039 0.00113404 0.591609 0.000156538 0.587588 0.583024 2.0962e-005 4.08381e-005 
0.00203621 0.45502 0.00134521 0.000116131 1.10033e-005 0.908511 0.000101906 0.000498652 
0.00136024 6.94517e-005 0.00137066 0.000126461 0.585862 1.26948e-005 0.583618 0.584157 
0.00223056 0.00216122 0.590413 5.2461e-005 0.58563 0.00230049 0.000355822 0.583118 
0.00111067 2.70987e-007 1.15123e-006 8.91311e-007 0.908297 6.53828e-005 9.73199e-005 0.45008 
2.88206e-005 0.594311 8.67075e-005 3.42219e-005 0.584021 0.585303 0.000101643 3.3481e-005 
0.579737 0.584283 0.00161988 0.590261 0.000139074 0.00062073 0.00180662 0.00122814 
1.14391e-005 1.34311e-005 1.94112e-005 1.66377e-008 2.67394e-008 1.09457e-006 0.904404 0.450618 
0.000300224 1.01561 1.59526e-005 0.000743335 0.000249261 0.000186492 1.30881e-005 1.65577e-005 
0.131102 0.134878 0.150166 0.69071 0.161993 0.12237 0.66619 0.141458 
0.10964 0.105656 0.129402 0.154558 0.666568 0.145706 0.701435 0.118311 
0.000998547 0.00094538 0.922023 0.000131141 0.455094 0.000215026 3.59773e-005 6.43128e-005 
0.68273 0.138486 0.144779 0.123121 0.134693 0.673496 0.139937 0.136243 
3.8578e-005 1.93507e-005 0.90663 0.000161239 0.000124896 0.000398315 0.451108 1.41006e-005 
2.46997e-006 0.000150597 0.000146472 1.68319e-007 2.63824e-006 1.00967 6.08238e-006 3.63466e-006 
0.000190426 0.00160857 5.16814e-005 7.05344e-006 0.583593 0.584548 0.583717 0.000492238 
0.961601 0.110891 0.115742 0.117474 0.159873 0.128738 0.107729 0.12049 
0.00139278 0.0014084 2.6428e-006 0.00027547 2.89328e-007 0.907111 0.45403 0.000352645 
0.00321287 0.580351 0.580891 0.594669 0.000140843 0.00030107 2.69866e-005 9.56381e-005 
7.68699e-012 2.28712e-014 4.62846e-013 3.73242e-010 3.69866e-010 2.70854e-008 2.72121e-012 1.01103 
0.107201 0.107767 0.126913 0.10871 0.9692 0.100499 0.0971895 0.127525 
0.000154057 1.00556e-005 0.585683 0.585313 0.583037 0.000224199 1.16266e-005 2.36415e-006 
0.673927 0.163914 0.684792 0.10346 0.12744 0.126835 0.141333 0.146175 
0.000440711 2.74351e-005 1.43544e-005 0.000441572 0.455403 0.902248 1.15819e-005 2.11472e-005 
0.0952458 0.0959536 0.143397 0.135563 0.682662 0.155595 0.100993 0.688605 
0.000895372 0.449165 0.000179089 0.912162 0.000132132 0.000188465 0.00116527 0.000901391 
1.01364 0.000200663 0.00105065 0.000293532 2.83585e-005 0.00023543 0.000101209 0.000674264 
0.451972 0.000149986 0.910692 0.000818737 0.00104442 7.29651e-005 8.29648e-005 2.78324e-005 
0.000581549 0.586767 0.00188969 0.584729 0.583506 0.00023579 0.000258687 0.000904823 
0.576722 0.000884192 0.00155691 0.600245 0.00121476 0.580572 0.0001734 0.000712083 
0.453614 0.000294956 0.000275248 0.908032 4.43001e-005 0.000180414 1.53491e-005 0.00068362 
0.000325563 0.000358386 0.000523343 0.000499214 0.90877 0.450753 8.89523e-006 1.41334e-005 
0.000873844 0.459565 0.00050157 0.000263183 0.00101005 9.8203e-005 0.905947 0.000170825 
0.148638 0.694449 0.148744 0.11557 0.131325 0.135236 0.107848 0.660915 
7.21078e-006 0.000287476 0.45614 0.000263394 0.00100252 9.54372e-005 0.904035 1.34761e-005 
0.581362 0.00245369 0.000760878 0.59399 0.00026765 0.000208976 0.00480397 0.580304 
0.91028 0.00134134 0.00107949 0.000611759 0.000213658 0.000167686 0.449687 1.23029e-006 
0.099006 0.101732 0.0991535 0.177586 0.174352 0.689527 0.689073 0.166606 
2.4198e-006 0.000174218 2.23276e-005 2.35572e-006 4.14673e-008 0.449031 0.905496 7.72952e-006 
0.104795 0.695669 0.671339 0.105326 0.1337 0.113314 0.140741 0.137224 
0.131521 0.680938 0.139877 0.683208 0.103847 0.140908 0.145688 0.11268 
0.0822953 0.0816346 0.0984661 0.0766028 0.123568 0.980725 0.104654 0.104447 
0.579327 0.00206687 0.587235 0.589887 0.000147122 0.00102318 0.000505731 0.000829749 
0.456915 0.00180564 0.000424537 0.000314587 0.905463 1.88537e-005 0.0011051 1.53116e-005 
5.93725e-005 0.00183614 0.455904 0.000289231 9.31387e-005 0.903231 0.000135212 2.74873e-006 
1.39277e-008 3.3168e-007 2.66723e-005 9.82523e-008 5.27459e-005 0.902553 6.28244e-005 0.460125 
0.00222143 0.00216402 0.591922 0.000398607 0.587126 0.000855702 0.578931 9.30754e-007 
0.581605 0.585843 0.586222 0.000661346 0.000238433 7.02525e-005 9.28203e-005 2.60834e-005 
1.38419e-007 7.69826e-006 4.7574e-007 9.37903e-009 0.453721 3.04237e-006 1.89381e-006 0.906101 
0.913668 0.00050137 0.456849 0.000249128 0.000138331 0.000386953 0.000519596 0.000898456 
0.00153936 0.595317 0.000611252 0.589739 9.99757e-006 0.574864 0.00300272 0.00676772 
0.588073 0.591061 0.000841643 0.00193273 0.000103996 0.000330104 0.582439 0.000440689 
0.00612219 8.31531e-006 3.59504e-006 0.910981 0.454224 3.20542e-005 3.51921e-005 1.43848e-005 
0.578908 0.597777 0.000971447 0.000480796 0.000240978 0.00010753 4.08551e-005 0.579669 
8.43741e-008 0.000102089 0.00273529 0.450547 1.14179e-005 0.903784 5.85773e-005 1.49913e-005 
0.000663926 0.593714 0.000784292 0.605461 0.00437452 0.000176034 0.600504 0.000442767 
1.23365e-005 5.43388e-005 0.000831851 0.590705 0.585769 0.000159857 0.583514 0.00133213 
0.666393 0.696685 0.122535 0.138165 0.124958 0.14059 0.126957 0.123729 
0.00118296 0.447048 0.907047 0.00113743 0.000274665 2.8834e-005 6.60188e-006 7.44457e-006 
0.000141129 1.2624e-005 1.02303 0.0001958 0.000141259 0.000186227 0.000126225 1.57571e-005 
0.000853243 2.75001e-005 9.0843e-007 0.453979 0.905662 0.000178404 7.71178e-005 2.20387e-006 
0.117347 0.118229 0.689844 0.12843 0.136063 0.680255 0.117109 0.123026 
0.000114441 0.000134303 0.600657 0.600487 2.97849e-006 0.59094 0.000327548 0.000242139 
0.586945 0.00366381 0.588851 0.000417092 0.00429596 0.000776512 0.000152835 0.583322 
0.590242 0.00192184 0.59506 0.000290211 0.590188 0.000169196 9.15567e-005 6.70047e-006 
0.000740899 0.000147368 0.000103076 4.28179e-006 0.583425 0.582422 4.14013e-005 0.585919 
0.000324089 4.8779e-005 0.590241 0.00048912 0.000600065 0.581866 7.14145e-005 0.584283 
0.00287037 0.61097 0.00088294 0.00779583 7.9249e-005 0.593102 0.59629 3.97727e-005 
0.132134 0.684233 0.139417 0.128614 0.136257 0.681226 0.117276 0.123202 
0.00500186 0.000201585 0.000120282 0.588508 0.000153139 0.579747 0.585184 7.29857e-005 
0.000791327 0.934566 0.0040728 0.00324429 0.000121369 0.000353403 9.1106e-005 0.454338 
0.580711 0.585618 0.0016231 2.0112e-005 0.000152154 0.587963 0.00176496 3.84925e-005 
3.94469e-005 3.96635e-005 2.40175e-007 6.99124e-007 4.14211e-007 5.72311e-005 0.450347 0.906197 
0.000134536 5.68508e-007 2.58468e-006 0.582527 4.66333e-006 0.588474 0.000396363 0.580826 
0.591367 0.000144801 0.00235796 0.000378416 0.000196925 0.580386 0.00143384 0.583663 
9.35164e-008 1.21091e-005 0.592045 0.574196 3.97848e-005 0.000489294 0.000525516 0.588836 
1.07261e-005 4.56662e-008 0.000201606 0.904776 0.000129008 0.452838 7.5666e-005 2.64475e-005 
0.116495 0.121958 0.959108 0.143878 0.117628 0.108305 0.13399 0.12406 
0.907122 0.00123208 0.000532675 0.000523164 0.45229 2.91896e-005 3.50423e-005 1.43236e-005 
0.000187161 0.000203319 6.70622e-006 6.18553e-006 5.79999e-007 0.58415 0.586628 0.581823 
0.00455517 0.913321 0.456681 0.000587911 0.000151833 0.000386811 0.000519405 0.000168832 
0.134766 0.717384 0.0973811 0.13859 0.657848 0.130172 0.105378 0.124931 
0.001233 0.578086 0.594097 0.000146177 0.000115557 0.000358507 0.578471 0.000969443 
2.76026e-008 1.3328e-005 8.07954e-007 1.22106e-005 1.01268 7.271e-006 1.87168e-005 1.49151e-006 
0.00164579 0.587127 0.587101 0.000269717 0.585646 0.000212684 9.30782e-005 0.000192999 
0.00610081 0.591219 0.00084012 0.000495135 0.581156 0.000314062 0.584134 0.000128355 
0.131984 0.682852 0.127217 0.13001 0.137789 0.125885 0.672039 0.149414 
0.581509 0.00104798 0.000761065 0.594136 5.43817e-005 0.000209027 0.578862 0.000432965 
0.456505 0.000598983 0.000217517 8.97531e-005 5.53363e-006 0.000432971 0.903179 0.000498713 
0.00498384 0.57856 0.00345986 0.000190846 0.000196873 0.578556 7.49349e-005 0.594304 
0.139828 0.132671 0.693244 0.135337 0.150163 0.123728 0.658364 0.116024 
2.67958e-006 0.0004618 6.24814e-007 0.584024 0.000308562 0.00773275 0.585711 0.581317 
0.000204993 5.03577e-005 0.588112 0.000302454 0.000686871 0.000137133 0.582692 0.58168 
0.0932673 0.0895722 0.124867 0.12512 0.105096 0.120584 0.0771865 0.973943 
0.000621165 0.602255 0.000667589 0.000945384 0.582193 0.000220698 3.54844e-005 0.571357 
4.46051e-005 0.00389549 3.30475e-006 0.45786 0.000133591 0.00255929 0.902114 7.31741e-005 
0.00169945 0.611911 6.08136e-005 0.604908 0.000126289 0.00447041 8.38793e-005 0.587722 
0.586301 0.00193105 0.586695 0.000662623 2.19641e-005 0.584275 8.24322e-005 2.90752e-005 
0.908868 0.000226136 0.000576428 0.460099 0.00029518 0.000237674 0.000472745 5.31015e-005 
0.688274 0.133365 0.142197 0.138469 0.131101 0.120317 0.670824 0.143273 
0.588457 0.584953 0.00152363 0.00156752 0.578619 6.9553e-005 7.72913e-005 1.03671e-005 
0.586995 0.00219817 0.000918313 0.584957 0.583734 0.000176769 0.000258788 0.000905177 
0.127024 0.121379 0.124282 0.112648 0.116551 0.0827592 0.968365 0.104511 
5.8812e-006 5.75464e-006 8.13251e-006 1.14643e-005 0.911563 0.000117068 0.454842 3.81031e-005 
0.137152 0.140762 0.695278 0.116498 0.135767 0.110732 0.0736866 0.67875 
0.588508 0.000144101 0.000354163 0.000343685 0.583096 0.000448315 0.000522487 0.586388 
0.914334 0.0012205 0.00209904 0.000765982 2.19792e-005 0.453081 0.000102342 1.51811e-005 
0.125009 0.120043 0.122044 0.116225 0.164234 0.688888 0.116955 0.675385 

