0.000159342 0.239112 0.949042 0.23625 7.57501e-005 
0.943506 0.237944 7.59384e-005 0.237718 1.43487e-006 
0.268911 0.000112586 0.536357 0.805631 4.85552e-005 
0.00103209 0.237246 0.235908 0.000361497 0.943794 
0.709305 6.53082e-009 0.70943 8.28078e-005 0.000179705 
1.07162e-005 0.803578 0.267336 0.535764 1.82624e-007 
0.000114328 0.232864 1.56003e-005 0.94551 0.237088 
0.286389 0.286923 0.871928 0.294381 4.03665e-006 
0.865217 0.288934 0.290872 0.000933617 0.291661 
0.631423 0.317169 0.000160742 0.637299 0.315571 
9.58462e-007 0.00203142 0.89568 0.448317 0.000225526 
0.532544 0.270463 4.61861e-005 2.02241e-005 0.805764 
0.000378802 0.981108 3.40996e-005 0.198046 1.49635e-006 
0.894632 0.449706 0.000217664 1.54533e-006 5.08951e-006 
0.632581 0.317787 0.000235754 0.317922 0.632505 
0.195462 0.982453 6.57262e-007 1.41031e-005 1.65871e-005 
2.97712e-005 0.293899 0.292724 0.870377 0.286641 
0.984024 0.000603644 0.195147 1.23466e-005 0.000199569 
4.27901e-005 0.804563 0.535016 0.268705 3.18367e-005 
0.706444 0.709891 1.64583e-006 1.18487e-005 1.65925e-005 
4.53824e-005 2.20473e-005 5.17266e-005 0.455872 0.91047 
0.289891 0.00397995 0.287779 0.285184 0.872393 
0.896461 0.000334369 0.445727 1.68721e-005 9.5459e-007 
0.53278 0.00430832 0.266894 0.806028 7.17001e-005 
1.63984e-005 0.982286 5.74484e-005 0.000190474 0.196872 
1.51683e-005 7.32544e-007 0.983753 0.196284 8.73735e-006 
0.23475 0.944753 0.000181776 0.236745 4.24742e-005 
0.00133178 1.25416e-005 0.804351 0.535592 0.265219 
5.22274e-005 5.25098e-005 0.803384 0.268786 0.53696 
6.61695e-007 0.000132099 0.000132 0.197562 0.981791 
0.267005 0.808172 0.000158735 0.000117281 0.530917 
0.000247928 0.902857 4.10887e-005 5.04717e-006 0.454727 
0.63761 0.641923 0.316872 0.000250497 0.299278 
0.287696 0.286928 0.86892 4.32918e-005 0.288904 
0.266457 0.538515 0.804211 4.01913e-005 7.93132e-006 
0.3137 0.639231 0.628876 1.52812e-005 0.317462 
0.534932 1.35825e-006 0.268407 0.000106893 0.805984 
0.536355 0.00785776 0.000287266 0.26526 0.805246 
0.267867 0.808575 0.000160613 0.535869 2.43304e-006 
0.268366 0.000220076 0.802452 0.537656 0.000237858 
0.00011809 0.945145 0.238838 3.30899e-005 0.234733 
0.801022 0.272424 0.534683 8.05965e-005 6.11191e-005 
4.7293e-007 5.52349e-008 5.1484e-011 1.00118 2.38823e-006 
0.293929 0.288248 0.00326094 0.870168 0.286279 
0.000114199 8.56634e-006 0.268735 0.806358 0.539492 
0.643394 1.63364e-006 0.324473 0.324533 0.645118 
0.576688 0.581396 1.58745e-005 0.577145 0.000673443 
0.576314 0.0017585 5.66629e-005 0.581634 0.582929 
0.80638 0.541713 0.269721 5.25074e-006 0.00022522 
3.04869e-005 1.00417 6.82445e-005 1.79706e-005 1.5683e-006 
0.000237532 0.9452 0.000125847 0.23469 0.237051 
3.51885e-005 0.26766 3.61317e-005 0.537582 0.800122 
0.00017007 0.000356056 0.536876 0.80539 0.257415 
0.000166793 0.804934 0.267584 1.67266e-005 0.533237 
0.288377 0.876962 0.298145 0.289256 5.58144e-007 
3.49182e-005 0.546596 0.00424547 0.261313 0.815245 
0.634576 0.63594 0.000199791 0.317078 0.309309 
0.635233 0.635721 0.316199 0.316767 9.05339e-007 
0.981735 0.205512 1.11446e-006 0.000310616 0.000190407 
8.44364e-006 0.577171 2.37609e-006 0.578795 0.580304 
0.348194 0.353054 0.714526 0.349717 0.353996 
0.00019724 0.536253 0.802101 3.78997e-005 0.270596 
8.60693e-006 0.289574 0.867723 0.289481 0.288792 
0.00139134 0.450575 0.89605 0.000148012 2.60582e-005 
0.235382 0.946382 0.235593 0.000221526 0.000149263 
0.896708 0.000339886 2.85723e-006 0.000109269 0.449945 
0.319883 0.638412 0.000201079 0.630564 0.314864 
1.69337e-005 0.271248 0.535243 7.2168e-006 0.809094 
0.449929 2.94295e-007 6.60777e-005 0.900108 2.40086e-006 
0.195295 6.49167e-005 8.05153e-006 7.4414e-005 0.983396 
1.20815e-006 0.267615 0.801227 0.000200529 0.541176 
0.268738 0.536318 2.74223e-006 0.800778 0.00136045 
0.000248649 0.236457 0.945174 1.58079e-005 0.232103 
0.53917 0.270209 0.801243 7.8799e-005 5.3853e-006 
0.804876 0.00272362 0.535227 0.266772 5.99274e-005 
0.355402 0.357287 0.355577 0.354899 0.709216 
2.67284e-005 0.23511 0.234621 0.944428 0.000114553 
0.802804 5.30831e-005 3.21892e-006 0.534885 0.267697 
0.199211 2.4526e-007 0.00016809 0.982516 0.000191014 
0.321954 0.323179 0.635373 3.66656e-005 0.633796 
2.12886e-005 5.46579e-005 0.894722 1.79054e-005 0.448017 
0.810192 0.527559 0.000698374 0.26697 6.04151e-005 
0.581919 0.580209 0.576334 0.000123034 0.000727988 
0.803744 2.89756e-005 0.268339 0.000255987 0.535715 
0.306931 0.638461 0.316108 0.635204 2.47234e-005 
0.315643 0.317803 4.78434e-005 0.633251 0.638049 
0.358457 0.356084 0.34632 0.70961 0.352582 
0.00128255 0.195587 0.000346477 7.4527e-005 0.984889 
5.44854e-005 5.53874e-005 0.709188 0.000138031 0.709364 
0.000136326 0.580836 0.579621 0.577072 0.000239049 
6.61195e-008 7.95645e-005 0.45067 0.89377 1.48718e-005 
0.634335 6.09693e-007 0.31645 0.633454 0.32133 
0.634138 0.317056 0.633005 0.316876 2.31991e-007 
5.92101e-006 0.000125784 0.709763 0.711544 0.00131365 
0.267922 0.805772 0.538461 0.000122891 1.64049e-005 
4.83661e-006 6.67016e-005 0.943683 0.236433 0.236875 
0.985369 9.4709e-007 0.000144714 0.195449 2.39673e-006 
0.23118 0.000407879 0.238799 0.94642 0.000454965 
0.0013382 0.316126 0.633157 0.634079 0.317691 
6.66961e-005 0.634811 0.3195 0.631183 0.317145 
0.237812 0.000234633 0.949301 5.39864e-005 0.237879 
0.292472 0.294343 0.286431 0.885899 0.00263589 
0.237402 0.00100495 1.06932e-005 0.236905 0.943984 
0.29462 0.00105527 0.888062 0.288181 0.296903 
0.0150792 0.803597 7.34663e-005 0.26926 0.53817 
0.236378 0.235853 0.949556 0.000409013 0.000241493 
0.269137 1.70842e-005 0.000146987 0.538242 0.80632 
0.316 7.40244e-005 0.632898 0.63382 0.317561 
0.800261 0.268181 0.000157411 0.000220007 0.539523 
0.449499 0.89741 0.000257594 3.86477e-005 0.000312106 
0.199373 7.72086e-005 0.98342 5.13596e-006 4.42325e-007 
3.4234e-005 0.317197 0.63492 0.318773 0.633416 
8.72074e-005 0.945111 0.235739 0.233032 6.40385e-005 
0.00162408 0.533339 0.264031 1.20994e-005 0.806385 
0.316888 1.39964e-006 0.314714 0.631574 0.635213 
3.33521e-006 0.707371 5.11264e-007 0.709361 4.89872e-006 
0.314168 0.634716 0.000540297 0.317858 0.63538 
0.000688597 0.806419 0.53068 2.36737e-005 0.269274 
0.944953 6.43797e-006 0.233236 6.81238e-005 0.233592 
0.635074 0.000117716 0.63459 0.317465 0.314834 
3.98235e-005 0.898295 3.20611e-005 0.445254 3.04941e-005 
0.26623 0.000221607 0.00195343 0.805305 0.540272 
0.944578 0.238735 1.91291e-005 2.25792e-006 0.2367 
5.97684e-005 6.38462e-005 1.22235e-009 0.98343 0.196344 
5.57631e-005 0.237541 1.06994e-005 0.237042 0.944527 
0.582228 0.00381079 0.586222 0.000109823 0.583751 
0.269817 0.000468649 0.532421 2.36319e-005 0.804828 
0.291906 0.29348 2.28592e-006 0.283168 0.867044 
0.539079 0.809623 0.266994 4.76618e-005 0.000148758 
0.221714 0.94728 0.00353458 3.85184e-005 0.239517 
1.00202 1.22349e-006 4.04359e-006 0.000203114 4.51167e-006 
0.634069 0.318575 0.312332 0.000115108 0.640655 
1.71013e-008 8.63369e-009 8.72705e-009 1.69539e-008 1.00876 
3.46745e-005 3.07851e-005 0.446258 3.72827e-005 0.895796 
0.270021 0.536563 0.00141274 2.03388e-005 0.803611 
0.536443 0.00192144 0.00515366 0.803902 0.265218 
6.5555e-005 0.710453 0.706461 1.28865e-005 6.40614e-005 
0.000134473 0.27148 1.78514e-005 0.80393 0.531016 
0.949824 0.00133466 0.000122265 0.235217 0.235686 
8.13283e-007 0.00145781 0.00152863 0.706656 0.708287 
0.000352157 0.541436 0.265457 0.804258 7.19019e-005 
0.316385 0.318332 0.636031 0.63056 4.40318e-005 
2.1263e-005 4.45157e-005 1.00255 7.742e-005 5.0318e-006 
0.321856 0.638248 0.312499 0.00104188 0.63365 
0.288205 0.869494 0.291393 0.000153078 0.289525 
0.982091 0.000324142 5.72878e-005 1.89209e-005 0.195558 
0.634565 0.31602 0.318255 0.636757 8.05443e-005 
0.70838 0.000589647 7.49096e-005 3.37049e-005 0.708189 
0.868576 0.00127054 0.290713 0.288207 0.289292 
0.536434 0.00181524 0.801862 0.267081 0.000676484 
0.534755 0.804203 0.000278125 3.17586e-005 0.265261 
0.319118 0.00302289 0.633603 0.317787 0.63378 
0.445577 0.00040937 3.99945e-006 5.11695e-005 0.896709 
0.944303 1.25076e-006 0.23549 0.236005 0.000299965 
0.237148 0.236687 2.72002e-005 2.83792e-005 0.944747 
0.23661 4.63131e-006 0.000268111 0.948179 0.233555 
0.865648 0.290093 0.000169369 0.286697 0.29144 
0.869361 0.28809 0.28989 0.289741 4.39262e-007 
0.325808 0.65091 0.646328 0.321523 2.13247e-006 
0.707466 0.360346 0.354697 0.358388 0.356326 
6.45547e-005 2.25864e-006 0.98228 1.86655e-005 0.198536 
7.96416e-006 0.706271 4.84857e-005 2.24633e-005 0.712796 
0.288048 0.289395 0.289539 3.1664e-005 0.868073 
0.00397311 0.539992 0.802479 0.267774 0.000103083 
7.24374e-009 0.000113391 0.536643 0.265668 0.805746 
0.291254 6.84207e-008 0.290481 0.869441 0.285989 
0.946612 0.237019 0.231405 4.01016e-005 3.10451e-005 
0.578193 0.000263103 0.571337 0.585409 5.89236e-005 
0.00159234 0.86686 0.289435 0.289401 0.29143 
0.348022 0.70911 0.355402 0.356988 0.354814 
4.30518e-010 6.73916e-006 0.266812 0.538066 0.808145 
0.538447 0.270369 0.00230634 0.801537 7.72596e-006 
1.54529e-005 9.79789e-005 0.000101538 0.895521 0.450637 
2.71031e-006 5.16491e-006 0.197136 0.982333 0.000100404 
9.06282e-005 0.982185 0.196554 1.28833e-005 6.40451e-005 
0.000108115 0.321155 0.320664 0.634288 0.635067 
0.713918 0.000240465 0.000176537 0.716369 0.000130049 
0.000404571 3.11137e-005 0.237674 0.237175 0.945059 
0.808986 5.89574e-005 0.269135 0.543416 2.91331e-005 
0.804764 0.000146201 7.35601e-005 0.269604 0.536259 
1.81823e-005 2.68333e-007 0.195374 7.28092e-005 0.983869 
2.42364e-005 0.446499 3.49826e-005 5.73204e-006 0.897505 
0.574479 0.581994 0.000276076 0.00365848 0.577775 
1.70057e-005 0.447036 6.82655e-006 0.902284 1.44783e-005 
0.0021705 0.632565 0.318998 0.320412 0.632694 
7.07264e-005 0.803764 0.000103561 0.537204 0.269092 
0.803267 0.536155 0.000205524 1.6333e-005 0.269065 
5.63543e-005 0.00286208 0.235396 0.944686 0.233246 
8.27856e-005 0.89719 0.445756 1.05633e-006 0.000183742 
0.900468 1.16585e-006 0.000203947 0.449269 0.000275415 
0.238483 7.94453e-005 0.946544 0.235629 0.000652144 
0.00199614 0.204946 0.979589 9.08981e-005 0.000358399 
0.444394 0.0001656 0.89849 0.000221109 4.41864e-007 
1.00228e-005 3.72176e-009 0.577801 0.582966 0.578266 
0.532354 0.000126056 0.804689 0.00189478 0.26878 
0.239377 0.000589932 0.238437 4.49094e-005 0.952469 
5.36459e-005 0.578568 0.579102 6.66141e-006 0.574923 
0.231545 0.232838 7.51985e-005 0.946527 0.000104687 
0.806445 0.00295515 0.53659 8.14515e-005 0.269941 
0.532175 0.806207 2.74228e-005 0.267015 0.00016218 
0.26604 4.5539e-008 0.802563 0.00017074 0.538244 
1.08224e-005 0.197187 0.000163821 0.988345 0.000192027 
0.000365298 0.272144 0.804339 0.536005 0.000414756 
0.00179874 0.286989 0.289898 0.290046 0.867791 
0.287145 0.868107 1.6658e-005 0.287188 0.290017 
0.00211904 0.637866 0.632192 0.317568 0.314936 
0.000880949 0.272505 0.537007 0.807097 9.77116e-005 
0.636443 0.318275 0.633709 8.43013e-005 0.318459 
0.803435 0.269333 1.62855e-005 0.536046 2.32433e-009 
0.00186835 0.524432 0.000129635 0.813087 0.267996 
0.708893 8.53436e-008 0.709019 9.99812e-005 0.000179601 
0.00220699 0.352124 0.355694 0.00453076 0.867794 

