2.92964 0.00014587 0.00791241 1.9011 0.138447 0.270291 0 0.0680814 
2.22126 3.85244 0 0 0 0 0 0 
4.23539e-006 3.61763 0.000196317 0.531738 0.0709598 0 0 0.0120952 
1.15357e-007 4.30519 0.00161308 0 0 0.0853802 3.38562 0.0287702 
1.76831e-007 0.00448625 1.15285 0 0.0623716 0.00204576 0 3.23944 
0.0978443 0.169205 0.095229 3.15774 0.071327 1.3484 0 0.00456754 
1.02723e-010 1.28558e-011 0.00386358 2.15848 0.00053934 2.0696 0 2.18703 
0.600836 1.68502 0.406111 0.562961 0.672045 0 4.50126 0 
0.000530266 2.3348 0 1.70606 2.17041 0.340208 2.0083 0.155049 
0.0473374 0.0222507 0.00804512 0.000847231 0 2.96326 1.70552 0.000490458 
2.84e-015 1.0599e-007 3.95562 0 0 0.000263053 2.22378 0 
1.40416 1.906 0.686508 0.614227 0.0143884 0 2.25974 0.110841 
0.335083 0.940082 0.24364 0.970387 3.00092 0.360852 0.231394 0.0158278 
1.9734e-009 7.15802e-008 1.10289e-009 8.066e-009 3.22375e-008 2.94647 0.0135797 2.08863 
1.8673e-018 3.37436e-013 4.70498e-008 1.75593 3.88991 0 0 0.00733869 
2.63397e-009 4.57407e-009 7.64628e-010 7.73788e-008 2.89467 1.39615 0 0 
7.95888e-008 2.9703 0.00334339 0.000204052 0 0 0 2.10434 
0.22622 2.08421 1.90632 0.190368 0.152344 0.12444 0.643732 1.89333 
4.39927 0 0 0 0 0 0 0 
0.115992 1.329 2.26327 0.0652777 0.00201582 2.06994 0.555555 0.556219 
3.65842 0 0.164465 0 0.000179551 3.58719 4.26285 0.00114922 
0.524775 0.898536 2.41618 0.809491 0.402435 0.00253023 2.08314 0.0145699 
6.83646e-008 2.5514 0.0282849 0 1.8781 0 0.00890834 1.46279 
4.22795e-009 3.20905e-008 1.06061e-008 1.80396e-008 1.43846 0 3.02561 0.00917796 
6.23575e-009 8.90239e-008 2.5005e-008 9.67951e-008 5.57045e-008 2.18328e-008 5.47714 0 
3.17904 0 3.38072 0.000159505 3.487 0 0.0177843 0.196009 
0.360343 2.2929 0.0357994 0.261446 1.68366 0 0.0132711 2.04116 
0.62772 0.89927 0.267728 2.52307 0.904429 1.79554 0.566176 0 
1.59474 1.74149 0.000621391 2.4045 1.89756 0.167302 0 0 
0.00662652 0.434307 2.08154 0.463071 1.62544 1.94157 0.0250705 0.00657872 
8.33246e-008 3.10972 0 0 1.14299 0 2.63539 0 
0.0752488 1.42149 0.325641 2.1632 0.17364 4.8673e-005 2.07197 0.0156858 
1.30092e-015 4.85512e-008 1.40755e-008 0 1.88657 2.91713 0.0308858 0 
2.69199 1.81774 0.238155 0.77497 0.0344082 0.121417 0.305941 0.00660801 
0.002421 0 0.000876316 0.000124641 0.00214968 0 1.6723 3.07521 
1.45478 2.51066 0.465974 0 0.384168 1.4049 0 0.976005 
0.000243678 2.89427 0.598235 0.000371362 0.00624689 1.27759 0.000321448 0.00116884 
1.23874 0.0179743 0.000503145 0.000183501 0 0 3.74053 0.0241499 
1.20461 1.14076 0 0 0.349246 2.97401 0.0285203 0.0117507 
5.76647e-008 2.64142e-008 2.36711 1.14858 0 0.0289238 0 1.9243 
3.49111e-007 13.029 0 0 0 0 0 0 
0.00169373 2.98 0.086548 1.86267 0.114319 0.150071 0 0 
1.45191 1.66258 0.0930097 0.135158 0.167935 1.292 0 2.17516 
1.98872 0.06931 4.10989 0.229622 0 0 1.85303 0 
2.49773 0 0.00163258 1.82413 0.00132687 1.64482 0 0.00279885 
0.0621158 1.1734 0.0521142 1.74241 0.108901 0.000255798 1.54956 2.06836 
0.0560387 4.26712 1.8362 0.00681152 0 0.212705 0 0.350068 
0.0872481 4.34418e-006 3.07251 1.99461 0.0347465 0.150453 0 0.0710744 
0.00234316 4.07811 0.060446 0 1.20716 1.09947 0.00071179 0 
1.03573e-015 3.8654e-008 1.12079e-008 0 1.50201 2.3225 2.28556 0 
1.69615 2.44919 0.125213 1.83204 0.033186 0.329646 0 0.21444 
2.09627e-008 0.782338 0.0498794 1.31118 0 0.168436 0.029876 3.94903 
3.22091 0.0444551 0.232726 0 0 0.0257479 0.100814 2.74804 
1.16382e-007 4.34344 0 0.0443362 0.00945972 0 0.820686 0.0407367 
1.69879 2.45342 0.125422 1.8351 0.0332414 0.330197 0 0.0682392 
1.28405 0.0276552 0.175103 2.16806 0.0122705 0 0 1.8996 
0.0406713 2.66563 0.118113 0.300606 2.00587 0.00469682 5.14108e-005 0.0402218 
9.46667e-005 0.000786436 0.00013536 0.00024901 1.43269 0 0 3.15832 
0.0540914 0.0391025 0.0222378 2.06119 1.7522 1.94281 0 0 
2.7932e-008 1.00979e-007 1.85852e-008 5.59786e-009 3.97663 0 1.94021 0 
1.14647e-015 4.27869e-008 1.24043e-008 0 1.66258 1.28636 0.020055 2.41377 
0.415569 0.888961 0.561666 2.52674 2.07214 0.427508 0.112747 0.410686 
0.183932 7.32826e-005 0.00406356 3.67111e-005 0.10961 1.47585 2.95256 0 
2.85297e-015 1.06475e-007 3.97369 0 1.46055 0 0 0 
1.03661e-008 1.18812e-007 1.76598e-009 6.27494e-009 4.45762 0 0 0 
0.0921261 2.02325 1.62559 2.64463 0.00291143 0.168043 0 0 
0.00318636 0.00178027 0.00132151 0.00574436 5.41347e-005 1.05834 2.29076 2.07293 
1.4572 0.399893 2.55988 0.00141969 0.00228015 2.34137 0.118706 0.433407 
0.0236691 0.0359578 2.33924 0.143239 0 1.36414 0 2.29688 
3.76126e-015 1.40372e-007 1.23677e-008 5.25906 0 0 0 0 
0.245419 2.26149 0.103511 2.70149 0.78257 0.111388 0.819403 0.437323 
0.453212 1.00578 0.385047 1.6515 1.51446 0.312248 0.0824866 2.12567 
2.06211e-008 0.769589 3.66869 0.228624 0.00268093 1.99631 0 0.00875407 
8.74671e-008 3.26432 0 0.292092 0.00265349 0.110574 0 0.225958 
0.40442 3.3598 0 0.000985687 0 0.0486822 1.19634 0.0176835 
0.0011343 9.42725e-007 2.83958 0.0535301 2.13042 0 2.99342 0.0129682 
0.187342 1.55639 0 0 0 0.0225514 0.554189 3.703 
9.19782e-008 3.43267 0.00386384 0.000235816 0 0 0 0.864202 
1.33806 3.98246 0.000162123 0.616141 1.36897 0 0 0 
1.42714 1.55912 1.69524 2.75916 0.00303752 0.175321 0 0 
0.0215519 3.23179 1.05897 0 0.00680647 0 0 1.00908 
0.0381919 2.99451 0.0935069 2.05103 0.00472574 0.217515 2.01149 0.1553 
0.889282 3.25461 0 0.000231779 0 0.126251 0 0.418718 
0.283274 0.230832 1.94118 2.01147 6.22164e-005 2.41089 0 0.0154672 
1.48309 2.55951 0 0 0.000163798 1.40214 0 0.210815 
0.0319401 0.0231539 0.156055 0.0382721 2.06022 0.00527023 1.42818 2.00336 
1.60224e-008 2.00891e-009 5.63593e-008 2.18799 0 1.42323 1.84975 0.046511 
2.66594 0.00307795 0.118113 0.300606 2.00587 0 5.14108e-005 0.0402218 
3.85974e-008 0.0107819 2.29051 0.0221974 0.841938 0 4.75515e-005 2.5332 
1.39211 0 0.0799596 0 0 0.157189 0.466666 3.61223 
2.77886 0.0790173 0.122926 0.0369234 0.000166549 0.00256814 1.92298 0 
1.10168e-012 3.92466e-008 1.46471 0.0898711 3.25087 0 0 0 
3.9046 0.00859029 2.01954 0 0 0 0 0.314587 
0.134059 1.35839 1.38379 0.2294 0 0.000277054 1.81856 2.26226 
1.21361 3.00475 0.00942848 0.475256 2.41084 0 1.83432 0.00742898 
0.00381084 0.00417232 0.0621924 3.64943 1.56045 0.00407576 0 0 
0.000366713 0.00378719 0.10686 3.13403 0 0 0 1.99634 
0.0216209 0 2.02299 0.626933 0.000908634 2.88588 0 7.10355e-005 
3.23037e-009 1.17087e-007 1.53297e-008 2.04798e-009 0 4.40935 0 0 
1.35589 0 0.0569613 3.03267 0 0.156597 0.0268537 0.00595437 
3.69646e-015 1.37954e-007 5.14851 0 0 0 0 0 
2.01546 1.39621 0.0377015 0.263567 1.7775 0.176265 0 1.92082 
1.25619e-007 4.68818 0 0.00256458 0.000152489 0.883653 0.000569893 0.0198735 
3.34928e-008 1.24997 0.362393 0.146801 0.211928 1.71159 0.880859 2.07587 
1.30997e-007 4.88887 0 1.57228 0 1.24741 0.000631302 0.000104871 
5.05747e-008 1.88748 0.547221 0.211225 0.319829 2.53685 0.124973 0 
0.146918 2.66323 0.364225 0 0.000194304 0.658972 0 2.07971 
3.13636e-006 2.6789 2.20162 0 0.0672922 0 0 0.0114701 
0.0435106 2.77909 0 0.850877 0 0 0.0656473 1.32336 
5.66323e-008 2.11355 0.898264 0.28355 0.165122 1.66544 2.16008 0 
0.524819 0.573098 2.00418 2.18898 1.72715 0.152296 0 0 
2.42607 0.000139901 2.0781 0 0 0.0254673 0.0997158 2.71809 
4.52985e-015 1.69056e-007 2.55171e-009 8.98265e-009 0 5.56071e-009 8.0379e-009 6.32941 
2.11699 0.0601971 0.0936475 0 0.000165565 0.00195629 1.46484 2.05479 
1.58543 1.88659 0.104487 0.0240158 0.494091 0.439884 0.0688967 2.16768 
1.13679e-007 4.24246 0.0354732 0 0.00146952 2.41791 0 0 
9.9277e-006 0.0007784 2.43064e-005 3.76534 0 0.225564 2.08592 0.173103 
1.08742e-009 6.7312e-008 2.32942e-008 0 2.6586 0 0.0253778 2.01568 
1.34494 0 3.12744 0 0 0 0.0980454 0.0204442 
1.26762 0.878419 0 0.165767 3.4465 0.170704 0.00595071 0 
0.0599797 0.381481 2.12256 2.19839 0.00248029 0.00142634 0.0875993 0.976094 
2.0352 1.37428 0 0.584326 2.21131 0.127292 0.345598 0.147693 
2.95728e-005 3.15997 0.185793 0.969102 0.578768 0 0.348667 0.0619012 
0.342814 0.96141 0.231838 1.91816 0.115703 0 4.51843 0 
0.236369 2.04408 0.690541 0 1.55389 2.1391 0.138775 0.811621 
0.586992 1.30119 0.498236 2.13695 0.0130026 0.323448 0.167608 2.21536 
0.00161898 2.81772 1.10579 1.8912 0.0338452 0.152297 0 0 
0.0390621 0 0.0462146 0.000336073 0.00186496 0.0172568 3.16611 1.59456 
3.39227e-008 0 1.94845e-009 1.76394e-008 0 1.4288 0.381296 3.61223 
1.67421 1.13053 2.45748 0.0309748 0.506149 0.563294 0.336579 0.110425 
0.694202 1.18863 3.19673 0.0153079 0.251214 0.00317411 0.064869 0.0144914 
0.370819 2.79823 0.925057 0.181408 0 0 1.39179 0 
0.0649674 0.413206 2.29908 0.407675 1.9135 0.00141131 0.086676 0.965806 
6.69679e-007 3.12387 0 1.32767 0.0699241 0.116057 0 6.74099e-005 
0.107152 0.0336969 2.84772 0 0 0.03133 0 1.77317 
7.30005e-009 5.50864e-008 2.07383 2.4567 0.00798041 0.0283711 1.8108 0.0488143 
4.25753e-006 3.63654 2.02192 0 1.50083 0 0 0.0146288 
1.72413e-015 6.43454e-008 2.4014 0.332329 0 1.51271 2.14952 0.0793366 
2.06348 2.04438 0 4.31428e-005 2.49735 2.40115 0.0562886 0.00103957 
1.65604 1.14732 0.0107681 0.20636 1.6859 0 1.99848 0 
0.252292 3.60151 0.493003 0 0.000263003 0.877942 0 0.000584873 
3.08509 0.384108 0.125773 0.00230733 0.127022 1.50197 0.0959494 0.00587342 
1.49799 0.000471031 0.0664372 2.22129 0.138831 0.000326101 1.97593 0.0648736 
0.511073 0.0127246 1.87065 0.222654 0.0175338 0 4.18531 0 
8.56778e-008 3.19754 0.66092 0 0.00690147 0 0.000325977 0.00118531 
6.46164e-006 0.000506685 1.58218e-005 2.45098 2.00804 0.189811 2.02738 1.72909 
1.51492 2.1875 0.111834 1.63629 1.99539 0.349287 0 0.227217 
0.143634 1.64572 2.80264 1.00349 0 0.062764 0.564441 0.566136 
1.32419 1.50358 0.00728067 2.07164 2.12138 0 1.61401 0.00653697 
3.32723 0 0 0 0 0.375075 2.01665 0.00307086 
1.36093 0.0180903 0.0258219 0 0 0 4.11016 0.0265363 
2.69275 0 0.974682 0.138632 2.51462 0 0.000118743 0.000813861 
0.437161 1.22646 0.317808 1.16283 2.80256 0.360465 0.231394 0.0158278 
4.09602 1.61508e-005 0.165708 0.178785 0.167512 1.98074 0.126566 0.00774565 
8.40398e-008 3.13641 0.164761 1.92969 0.0349548 0.334133 0 0.224131 
0.426459 3.21806 0 1.0102 0 0.116218 0 6.75037e-005 

