0.54508 0.262618 
0.00924076 0.905355 
0.658049 0.189445 
0.670453 0.181916 
0.197515 0.556523 
0.280405 0.471544 
0.303841 0.449785 
0.402301 0.366946 
0.272427 0.478898 
0.102553 0.680945 
0.335732 0.421699 
0.0804544 0.71762 
0.42964 0.345465 
0.15385 0.609021 
0.0343097 0.815917 
0.777725 0.11882 
0.265456 0.485889 
0.320203 0.43509 
0.457032 0.324702 
9.80752e-007 1.00116 
0.588155 0.233797 
0.708527 0.15893 
0.0951514 0.692715 
0.485167 0.304331 
0.160894 0.599806 
0.204683 0.548424 
0.959574 0.0213305 
0.515681 0.282902 
0.0499163 0.77788 
0.24995 0.501511 
0.979838 0.0112294 
0.359927 0.400843 
0.168274 0.591188 
0.634447 0.204117 
0.124605 0.64798 
0.227246 0.524512 
0.921826 0.0407121 
0.412339 0.358792 
0.242354 0.508861 
0.505841 0.29011 
0.220339 0.531942 
0.233976 0.51727 
0.72143 0.151417 
0.5565 0.254908 
0.351666 0.408141 
0.999154 0.00125046 
0.646808 0.197018 
0.344614 0.41456 
0.853454 0.0769093 
0.0180082 0.86692 
0.0260868 0.839628 
0.695899 0.166483 
0.117221 0.658957 
0.0420932 0.796367 
0.131869 0.637564 
0.394447 0.373278 
0.793014 0.110219 
0.763377 0.127057 
0.0576605 0.761156 
0.495245 0.29726 
0.940533 0.0308745 
0.368989 0.393732 
0.438631 0.338994 
0.88586 0.0597073 
0.681648 0.175027 
0.622269 0.212036 
0.189885 0.565406 
0.256841 0.494236 
0.295674 0.457235 
0.870306 0.0677941 
0.600364 0.226074 
0.287737 0.464648 
0.82202 0.093965 
0.212875 0.53974 
0.734796 0.14405 
0.182969 0.573424 
0.56776 0.247743 
0.146434 0.618498 
0.906928 0.0486522 
0.0878555 0.704559 
0.536058 0.269165 
0.838263 0.085097 
0.577816 0.240369 
0.377148 0.387029 
0.139226 0.627889 
0.175578 0.58239 
0.447594 0.331916 
0.420814 0.352465 
0.749735 0.134924 
0.46708 0.317524 
0.32846 0.427907 
0.311818 0.4427 
0.47555 0.311316 
0.806685 0.102673 
0.0653888 0.745623 
0.10985 0.67023 
0.385841 0.379795 
0.525485 0.275698 
0.610826 0.219307 
0.0725943 0.732088 

