0.00156203 0.209852 0.290808 
0.416019 0.0423978 0.0445757 
0.0464105 0.413842 0.0418439 
0.4616 5.20104e-006 0.0411367 
0.209019 0.000145477 0.29295 
0.039952 0.175277 0.287218 
0.251535 0.0842321 0.166684 
0.292618 2.08445e-009 0.20975 
0.330891 0.0865531 0.0847455 
0.167584 0.000709583 0.33379 
0.000409921 0.45989 0.0418483 
0.292225 0.168803 0.0411651 
0.376446 0.000173169 0.126325 
0.171177 0.206014 0.124983 
0.126977 0.37489 0.00026875 
0.248928 0.250448 0.00283949 
0.127149 0.20824 0.166769 
0.167675 0.123977 0.210431 
0.207022 0.210621 0.0844547 
0.337432 0.124815 0.0407457 
0.249252 0.000818492 0.252285 
0.50279 9.4218e-010 2.18944e-010 
0.0420899 0.25027 0.209746 
0.130117 0.329186 0.0426919 
0.0467975 0.0859406 0.369695 
0.0792303 0.127508 0.295562 
0.174772 0.286234 0.0410686 
0.286539 0.211949 0.00390203 
0.168557 0.331147 0.00247189 
0.0851383 0.250454 0.166821 
0.249316 0.170838 0.0830037 
0.174739 0.0757864 0.251838 
1.32782e-013 3.77863e-014 0.502128 
0.126039 0.0833166 0.292898 
0.0851124 0.416573 0.000379095 
0.0845262 0.334839 0.0830614 
0.419145 2.90676e-009 0.0838351 
0.0415751 0.460391 0.000131191 
0.209948 0.166633 0.12552 
0.239039 0.0539 0.20916 
0.125766 0.00045145 0.375923 
0.000246967 0.293189 0.208738 
7.6608e-005 0.334532 0.167616 
0.173291 0.239677 0.0892852 
0.334445 0.167624 0.000847219 
0.129203 0.121376 0.251762 
0.30308 0.0354187 0.16427 
0.0457037 0.122143 0.334379 
3.35249e-008 0.501792 3.28701e-009 
0.000352619 0.418615 0.0832231 
0.0399176 0.0434284 0.418913 
0.294734 0.0857301 0.121904 
0.0867202 0.081467 0.334432 
0.207494 0.0870326 0.207837 
4.3835e-007 0.376387 0.125788 
0.082835 0.208214 0.211006 
0.0727019 0.296106 0.133432 
0.288583 0.121001 0.0926772 
0.407035 0.0923409 0.00283949 
0.124402 0.168713 0.209682 
0.00504011 0.0430308 0.454275 
0.251831 0.124269 0.126151 
0.0402137 0.210492 0.251635 
3.05655e-006 0.0835707 0.418533 
0.210581 0.291252 0.000240117 
0.207785 0.128187 0.166096 
0.210125 0.251747 0.0403385 
0.0835496 0.000196789 0.41842 
0.0850437 0.376767 0.041155 
0.0805443 0.0457451 0.376138 
0.378751 0.0401345 0.0833179 
0.127284 0.041404 0.333564 
0.168707 0.0396864 0.29366 
0.0407099 0.376082 0.085335 
0.0798366 0.17087 0.251635 
0.125666 0.250667 0.125919 
0.165173 0.169755 0.167304 
0.0401646 0.000859978 0.461271 
0.37636 0.0852991 0.0407069 
0.0466517 0.289284 0.166768 
0.243933 0.220627 0.0375496 
0.120753 0.298103 0.0833121 
0.196446 0.0609634 0.244747 
0.464321 0.0380338 2.69107e-010 
8.65968e-007 0.250441 0.250626 
0.000779815 0.125003 0.376645 
0.335535 2.97155e-005 0.166584 
0.0410993 0.334819 0.126228 
0.376862 0.125066 0.000172993 
0.000128002 0.167807 0.334476 
0.336149 0.0413973 0.124846 
0.294512 0.0859518 0.121904 

