0.20963 0.291247 0.00275476 
0.0425993 0.00340452 0.457523 
0.12445 0.0985486 0.280612 
0.0610638 0.29497 0.147366 
0.149821 0.164795 0.189053 
0.117182 0.245619 0.140932 
0.202089 0.112558 0.189017 
0.337192 0.000275163 0.166136 
0.0809672 0.0653165 0.357404 
0.0327563 0.401366 0.0694281 
0.44845 0.0552322 2.17915e-005 
0.00103934 0.202836 0.299743 
0.0380633 0.209229 0.256359 
0.165932 0.0490726 0.288706 
0.0301646 0.369759 0.103559 
0.140033 0.286834 0.076634 
0.125165 0.000527658 0.378013 
0.310477 0.161534 0.0315245 
2.83483e-005 0.0489614 0.45455 
0.320054 0.106873 0.0766449 
0.460559 2.77274e-007 0.0430625 
0.150773 0.202227 0.15051 
0.0666917 0.332072 0.104918 
0.0396805 0.107236 0.356693 
0.064931 0.438497 0.00031898 
0.166774 0.000722156 0.336114 
0.139928 0.327024 0.039689 
0.101696 0.31967 0.0822843 
0.180873 0.289596 0.0331945 
0.0695659 0.402438 0.0315864 
0.239375 0.155982 0.110977 
0.146629 0.247398 0.110374 
0.00304435 0.103028 0.397525 
0.161138 0.0970585 0.251963 
0.0472018 0.319151 0.141595 
0.0366251 0.247683 0.21944 
0.0978154 0.405663 3.77377e-006 
0.306632 0.192452 0.00451941 
0.220878 0.246442 0.0363411 
0.000725335 0.365674 0.137303 
0.186722 0.20724 0.109348 
0.208964 6.22931e-008 0.294754 
0.19991 0.0560321 0.252824 
0.115239 0.202005 0.186323 
0.32795 0.0514582 0.124219 
0.355721 0.108583 0.0393384 
0.0342889 0.470162 2.18248e-005 
0.0746439 0.203607 0.225469 
0.000212023 0.471596 0.0318824 
1.25406e-013 3.99994e-013 0.503584 
0.0772736 0.246692 0.179689 
0.311637 0.0427261 0.149266 
0.394387 0.108817 0.000503021 
0.044554 0.0597589 0.399271 
0.258322 0.00234531 0.258199 
0.258565 0.245223 1.6547e-006 
0.174792 0.326226 0.00265495 
0.238649 0.0533629 0.21164 
0.0420972 0.286163 0.175352 
0.135455 0.367316 0.000941684 
0.367675 0.0563591 0.0795365 
0.265358 0.200768 0.0374572 
0.0314814 0.442309 0.0331719 
0.0888751 0.0141554 0.400682 
0.00100753 0.326609 0.175978 
0.0737772 0.144836 0.28504 
0.181262 0.247029 0.075326 
0.030078 0.153559 0.319913 
0.418609 7.87935e-005 0.0850445 
0.0045558 0.153287 0.345866 
0.351505 0.150975 0.00113419 
0.29253 0.000227583 0.207568 
0.110023 0.362991 0.0331175 
0.40702 0.0572966 0.0393665 
0.0612109 0.368574 0.073826 
0.503719 1.50161e-007 2.05485e-011 
0.123964 0.051222 0.328465 
0.0751948 0.111588 0.316971 
0.00593052 0.286077 0.211637 
0.200169 0.148491 0.155027 
0.230233 0.195523 0.0778233 
0.273363 0.152078 0.0782013 
0.113128 0.15852 0.231858 
0.105721 0.285709 0.111937 
0.000923872 0.438952 0.0636686 
0.00238198 0.250881 0.254214 
7.34729e-009 0.676651 1.5024e-010 
0.233352 0.109621 0.160519 
0.288414 0.104402 0.110829 
0.37803 0.000154897 0.125434 
0.000241621 0.398134 0.105284 
0.203483 0.111131 0.189051 

