0.888035 0.058131 
0.659579 0.189328 
2.14055e-06 1.00046 
0.735274 0.143926 
0.0424516 0.796393 
0.15284 0.610096 
0.505906 0.289881 
0.485298 0.304251 
0.0805458 0.717221 
0.242552 0.509387 
0.42184 0.351229 
0.327961 0.429052 
0.683026 0.17436 
0.303375 0.450461 
0.577734 0.240847 
0.402825 0.366249 
0.438625 0.338626 
0.175764 0.581617 
0.1175 0.659073 
0.139377 0.628473 
0.475784 0.311274 
0.0728624 0.731656 
0.466828 0.318203 
0.411955 0.359209 
0.343703 0.414568 
0.109882 0.670123 
0.871004 0.0673591 
0.979494 0.0114985 
0.0654061 0.746398 
0.234723 0.51636 
0.61041 0.21941 
0.646663 0.196697 
0.749746 0.135369 
0.212054 0.540812 
0.515102 0.283556 
0.95935 0.0213883 
0.457119 0.324893 
0.311982 0.443094 
0.722566 0.150958 
0.352092 0.407724 
0.280528 0.471606 
0.942197 0.0300046 
0.525167 0.276263 
0.906895 0.048686 
0.249994 0.501024 
0.763529 0.127561 
0.535823 0.268966 
0.792964 0.110168 
0.205322 0.548157 
0.922954 0.0400978 
0.050247 0.777499 
0.998677 0.00152504 
0.778123 0.119224 
0.168298 0.590894 
0.32029 0.435228 
0.226782 0.524843 
0.00926236 0.905514 
0.272854 0.478794 
0.80739 0.102049 
0.220132 0.533148 
0.429431 0.345249 
0.0878103 0.705318 
0.671663 0.181445 
0.62271 0.211646 
0.1976 0.556418 
0.0953237 0.692639 
0.448076 0.331625 
0.288194 0.4642 
0.839234 0.0853911 
0.10281 0.680642 
0.0178454 0.868274 
0.567829 0.247695 
0.0575429 0.761123 
0.124931 0.648674 
0.556457 0.254931 
0.257528 0.494204 
0.146322 0.618866 
0.190484 0.565377 
0.296161 0.457261 
0.854614 0.0763018 
0.0261842 0.840286 
0.336316 0.42146 
0.709235 0.158711 
0.60037 0.226346 
0.132037 0.63828 
0.49566 0.297338 
0.546155 0.261933 
0.588885 0.233685 
0.369072 0.393781 
0.360973 0.400809 
0.161123 0.599646 
0.377935 0.386696 
0.633795 0.204673 
0.0342459 0.816824 
0.394493 0.373399 
0.264778 0.486247 
0.823214 0.0943157 
0.386103 0.379987 
0.695984 0.166719 
0.183066 0.572987 

