0.255291 0.245215 
0.235618 0.304229 
0.64067 -0.412179 
0.638179 -0.391907 
0.842399 -0.735034 
0.0778616 0.672593 
0.628464 -0.281283 
0.828519 -0.556188 
0.626683 -0.256245 
0.44229 -0.0930426 
0.824963 -0.4894 
0.247169 0.25845 
0.424083 0.0591142 
0.0392698 0.767281 
0.447506 -0.113763 
0.429377 0.00371945 
0.831179 -0.600212 
0.632005 -0.326943 
0.852054 -0.77183 
0.411457 0.215784 
0.823842 -0.467208 
0.201808 0.541568 
0.840378 -0.717418 
0.031641 0.797261 
0.409495 0.242144 
0.438314 -0.0693507 
0.832391 -0.619394 
0.633943 -0.34964 
0.416509 0.150126 
0.016181 0.866799 
0.421541 0.0882047 
0.833784 -0.639898 
0.635929 -0.370936 
0.829776 -0.577869 
0.426506 0.0328787 
0.826093 -0.511564 
0.221115 0.395838 
0.0698837 0.680923 
0.623411 -0.206769 
0.43522 -0.047542 
0.83831 -0.691714 
0.0543702 0.715648 
0.190832 0.619341 
0.620316 -0.155365 
0.241117 0.278503 
0.845298 -0.753974 
0.211796 0.465664 
0.0620534 0.697477 
0.414107 0.181523 
0.64401 -0.433538 
0.0238971 0.831921 
0.630201 -0.304706 
0.618753 -0.128928 
0.827352 -0.535036 
0.216429 0.430168 
0.453671 -0.122754 
0.648276 -0.451038 
0.184892 0.656495 
0.625132 -0.233172 
0.225947 0.362712 
0.2069 0.502583 
0.0468679 0.738832 
0.621925 -0.18245 
0.419035 0.118548 
0.0084539 0.911047 
0.835214 -0.659529 
0.836783 -0.678599 
0.230449 0.333209 
0.196642 0.580033 
0.432153 -0.0217997 
2.57948e-008 1.00236 
0.228662 0.345769 
0.827178 -0.531124 
0.204633 0.520756 
0.85176 -0.771819 
0.032151 0.795575 
0.242643 0.272876 
0.0123709 0.887202 
0.218303 0.415953 
0.628385 -0.279979 
0.0531986 0.719199 
0.417966 0.133572 
0.219278 0.409482 
0.257265 0.243924 
0.00856845 0.906998 
0.212312 0.461804 
0.631931 -0.325962 
0.826353 -0.512927 
0.187252 0.644692 
0.0217893 0.852271 
0.227206 0.361191 
0.842381 -0.734888 
0.237791 0.293429 
0.417199 0.141091 
0.623965 -0.214493 
0.825377 -0.497622 
0.436619 -0.05799 
0.0451606 0.745442 
0.622514 -0.192086 
0.833685 -0.637339 

