0.333869 0.0834672 0.0833735 
0.0419737 0.000326502 0.458401 
0.0413929 0.375846 0.0831167 
6.21393e-005 0.375274 0.125072 
1.18505e-009 0.291713 0.208551 
0.417288 0.0834434 2.26918e-005 
0.0833628 0.207904 0.209532 
0.000232556 0.12543 0.375055 
6.13864e-006 0.458649 0.0417006 
0.416883 2.48187e-005 0.0834419 
0.125139 0.250142 0.125108 
0.0835143 0.166971 0.25032 
0.375322 2.16913e-005 0.125033 
0.208905 0.124807 0.166937 
0.458614 2.49322e-012 0.0416399 
0.209296 0.082705 0.208743 
0.166711 0.250044 0.083613 
0.0412485 0.250282 0.208826 
0.291416 0.125808 0.0831901 
9.30952e-010 0.0830716 0.417172 
0.333793 0.166729 3.89841e-006 
0.125114 0.208826 0.166895 
0.125145 0.0836153 0.291668 
0.0832777 0.333876 0.0832572 
0.291632 0.208783 1.41246e-005 
0.208574 0.249813 0.0419582 
0.125259 0.333449 0.0416927 
0.0836646 0.124793 0.29216 
0.0416492 0.208783 0.250223 
0.250507 0.12463 0.125507 
1.0368e-005 0.166857 0.333856 
0.0413928 0.166863 0.292126 
4.22524e-010 0.500632 3.29103e-010 
1.33814e-011 0.4173 0.0833666 
0.083572 0.250145 0.16709 
0.166776 0.0414555 0.292092 
0.374413 0.0418933 0.084095 
0.167034 0.124546 0.209066 
0.0414783 0.125131 0.333974 
0.000202949 0.0419906 0.458306 
0.250769 0.208243 0.0413427 
0.166565 0.208283 0.125535 
0.208344 0.208472 0.0834554 
0.125032 0.125172 0.250567 
0.0833802 0.0418618 0.37504 
5.64382e-008 0.208613 0.291862 
0.208404 0.29196 3.59266e-007 
0.0833531 0.0831699 0.333801 
0.332298 0.0429463 0.125004 
0.0832932 3.29759e-005 0.417268 
0.458808 0.0419342 4.04479e-008 
0.25011 0.250368 1.11113e-006 
0.375135 0.0836171 0.0416524 
0.416818 0.0417238 0.0417035 
0.166812 0.166765 0.167005 
0.290909 0.08506 0.125994 
0.250242 0.000172449 0.250242 
0.124851 0.0420115 0.333859 
0.0414488 0.417077 0.0417479 
0.125186 0.000243645 0.374954 
0.250485 0.0829694 0.166922 
0.500369 2.72022e-012 1.39658e-011 
0.125581 0.166339 0.208713 
0.0842621 0.374609 0.0413516 
0.125355 0.291538 0.083469 
0.291921 1.68713e-005 0.208726 
0.250186 0.0416935 0.208684 
1.44319e-005 0.250095 0.250528 
0.0835101 0.41676 3.05131e-006 
0.208585 0.0415527 0.250608 
0.042153 0.458188 3.95896e-005 
0.0418593 0.333074 0.125312 
5.79681e-006 0.333906 0.166868 
0.208858 0.166011 0.125528 
0.375217 0.125154 8.5161e-007 
0.16657 0.0836946 0.2501 
0.0412667 0.292178 0.166802 
0.250082 0.167216 0.0834476 
0.0419361 0.0413464 0.416991 
0.208482 6.67083e-005 0.291847 
0.333732 1.98651e-005 0.166956 
0.291881 0.0415668 0.166944 
0.333408 0.125489 0.0414167 
0.166888 5.33995e-005 0.333772 
2.978e-010 1.4782e-010 0.50067 
0.0834211 0.291985 0.124957 
0.0414768 0.0834657 0.375693 
0.166825 0.333468 9.062e-005 
0.291468 0.166984 0.0418683 
0.124847 0.375553 3.0033e-007 
0.166498 0.291932 0.0419486 
0.165924 0.333741 0.00114756 

