6.81918e-007 0.57751 0.577471 2.83834e-112 0.577475 3.60874e-021 1.34137e-072 4.34221e-012 4.2551e-036 9.14796e-026 
0.0944664 0.680173 0.668952 0.127065 0.106233 0.103784 0.111526 0.0959847 0.113118 0.110091 
0.0754039 0.0752195 0.0867379 0.0965235 0.0791987 0.0859947 0.14447 0.665681 0.693313 0.117261 
2.39661e-008 2.23204e-043 0.894428 8.17635e-037 8.11871e-062 8.30522e-019 5.36301e-037 4.27734e-036 1.32879e-033 0.447214 
6.74395e-009 6.73244e-009 5.0336e-080 7.26538e-009 0.447212 1.93165e-014 2.70654e-040 0.894429 3.55673e-040 4.13664e-013 
1.45385e-016 2.27565e-030 2.96046e-042 5.42584e-009 3.11682e-023 5.8325e-020 6.49946e-052 1.06843e-008 0.447214 0.894428 
1.54773e-008 3.37864e-025 0.57762 3.74879e-080 0 0.577085 0 0.577355 2.65172e-025 2.51873e-024 
0.113271 0.108999 0.0576306 0.678025 0.0921393 0.127821 0.120295 0.107483 0.0858293 0.67391 
2.397e-008 5.81062e-031 0.894575 5.27657e-042 8.97907e-034 8.03315e-013 2.29829e-107 8.24566e-111 0.447288 2.01395e-282 
0.115881 0.671171 0.136597 0.115783 0.096095 0.105707 0.108202 0.683448 0.11665 0.109426 
0.894428 1.96877e-017 2.65666e-026 2.82346e-018 9.13836e-034 8.04221e-013 5.96775e-022 0.447215 1.71787e-026 0 
0.447183 0.894444 1.70296e-030 7.64752e-009 7.90267e-018 6.19164e-064 5.09051e-055 1.37635e-031 4.20003e-018 4.48102e-035 
3.19267e-009 1.51466e-008 2.99557e-033 2.39731e-054 0.577701 5.26013e-019 0.577699 2.44862e-016 6.08148e-050 0.577699 
3.39195e-018 1.26589e-010 1.16114e-010 1.9969e-060 6.05317e-010 1.25592e-008 1.90967e-074 2.04021e-008 0.89443 0.447215 
1.19831e-008 0.447216 1.48364e-034 8.86628e-021 0.894431 1.54923e-209 4.28536e-014 4.63048e-033 7.41749e-029 1.72264e-053 
5.80312e-009 1.43404e-008 0.577353 2.40503e-020 0.577353 2.38822e-037 1.722e-050 1.60653e-018 0.577355 1.18391e-012 
3.29939e-008 3.52858e-008 0.579121 4.82482e-013 1.92117e-020 1.42701e-012 0.57912 6.08454e-058 0.579119 7.64626e-031 
0.577375 1.63048e-009 0.577367 3.27164e-037 5.721e-016 0.577311 1.10036e-107 2.74682e-027 9.4654e-034 7.41847e-013 
0.447214 1.53308e-019 9.31373e-027 1.25945e-023 2.42831e-015 4.80731e-012 5.35704e-044 1.75929e-044 7.66249e-026 0.894428 
2.27064e-009 1.53025e-008 0.577351 0.577354 5.82664e-056 8.33507e-043 1.84318e-044 0.57735 1.32988e-025 1.82417e-012 
1.66629e-020 6.4217e-016 7.70105e-073 7.89683e-059 2.39661e-008 5.66774e-049 0.894429 8.96582e-070 0.447215 0 
1.20414e-008 6.76105e-139 0.449391 0.898781 2.10768e-029 6.87815e-083 1.41523e-077 7.267e-033 9.74504e-035 1.51055e-020 
2.39661e-008 0.894429 5.7926e-062 0.447215 1.12059e-018 5.49856e-068 0 1.71974e-049 1.73303e-038 4.57734e-025 
0.894441 2.55094e-037 4.31505e-023 1.0428e-036 1.20764e-066 4.54549e-019 5.3728e-037 4.2774e-036 1.86589e-033 0.447221 
2.39662e-008 9.71629e-058 9.20961e-035 7.56563e-026 2.45147e-041 2.1556e-020 0.894431 0.447217 5.77741e-024 4.80683e-024 
1.1983e-008 1.84054e-022 2.4401e-034 0.447214 6.14245e-015 4.80731e-012 5.35704e-044 7.94381e-070 9.90557e-042 0.894428 
1.16813e-015 1.23492e-008 0.460879 1.39637e-011 5.71479e-020 1.26584e-012 0.921758 1.4167e-031 2.07719e-023 3.96533e-036 
0.577347 2.15644e-023 2.97274e-015 0.577351 1.69051e-162 4.90336e-064 0.577354 1.1688e-018 4.92399e-046 7.33492e-057 
1.54705e-008 0.577369 4.34962e-011 0.577344 1.61343e-011 1.30309e-042 4.8344e-028 1.42812e-047 0.577358 4.99571e-028 
1.11203e-013 2.3565e-008 5.52626e-009 0.903317 0.451658 8.43193e-020 1.89277e-261 4.53054e-036 1.93172e-016 2.17207e-097 
0.104055 0.103642 0.0878149 0.0974027 0.109931 0.115573 0.676806 0.673434 0.111894 0.118951 
1.1983e-008 0.447214 8.0698e-031 1.4231e-018 1.02332e-027 4.0675e-033 1.29095e-114 5.24834e-056 9.82347e-026 0.894428 
0.658724 0.680512 0.111107 0.126393 0.12691 0.113615 0.111357 0.0956104 0.112943 0.109921 
1.54756e-008 1.68001e-021 0.577559 6.1621e-014 2.81159e-020 1.82061e-045 6.79537e-070 0.577559 2.72405e-054 0.577558 
4.15073e-016 1.54907e-008 0.578123 0.578124 1.32261e-040 3.395e-014 7.29882e-087 2.65832e-037 0.578121 7.53462e-011 
0.112983 0.665541 0.106638 0.114169 0.0988982 0.1113 0.106049 0.105586 0.68877 0.106793 
1.54771e-008 0.577615 0 1.61815e-054 0.577601 1.27144e-094 2.14918e-056 3.66459e-036 4.04344e-046 0.577608 
1.19831e-008 0.447215 2.02809e-011 0.894429 8.43348e-023 1.16624e-019 7.07517e-152 1.13411e-025 2.91908e-039 3.83394e-020 
3.41071e-009 2.37221e-008 1.77029e-018 0.894427 1.73383e-011 8.99335e-043 1.0771e-043 0.447215 1.98694e-026 4.463e-022 
0.672442 0.100158 0.10547 0.114969 0.676553 0.103663 0.112274 0.0992958 0.111007 0.105094 
1.19831e-008 1.83936e-022 8.99198e-035 2.72099e-054 7.28116e-023 0.447214 5.43254e-044 5.18959e-088 7.66249e-026 0.894428 
0.447222 5.09108e-009 3.81044e-014 3.10324e-042 1.13623e-080 0.894444 1.35665e-070 3.04176e-020 1.7761e-044 2.10292e-052 
1.18672e-008 1.66207e-009 0.447214 5.06184e-014 2.51354e-015 4.11996e-043 5.43254e-044 2.32833e-064 1.79231e-022 0.894428 
1.04226e-008 1.14337e-008 7.38805e-051 0.577396 1.05237e-058 2.68343e-027 0.577396 0.577398 3.77891e-023 2.33114e-027 
4.03782e-007 3.88917e-007 0.58188 0.581873 1.45332e-071 0.581854 1.11312e-075 3.27621e-029 1.92658e-016 2.7166e-022 
0.577458 0.577367 1.41e-030 2.74697e-032 0.577227 8.87268e-177 1.87152e-046 7.30047e-033 5.35871e-056 1.46482e-053 
1.09306e-008 1.09472e-008 1.64461e-031 0.577348 1.47316e-030 0.577358 2.81424e-138 7.68751e-038 9.92514e-024 0.577354 
0.0928861 0.0921137 0.0760182 0.673129 0.126794 0.114507 0.678633 0.100662 0.111639 0.109903 
0.116616 0.107479 0.108694 0.109576 0.100595 0.68106 0.125333 0.662011 0.111698 0.104847 
0.113314 0.674324 0.106973 0.0916132 0.675957 0.113789 0.117676 0.118589 0.111289 0.122114 
0.090261 0.0899024 0.109765 0.683656 0.0927223 0.123786 0.103556 0.667522 0.111443 0.11295 
1.77685e-006 0.452113 3.5673e-039 8.966e-021 6.07041e-024 4.21119e-020 5.96409e-110 0.90423 3.91548e-045 3.04553e-030 
0.577369 2.20954e-043 0.577364 0.577343 2.55595e-049 9.63168e-033 7.66581e-025 1.75319e-034 3.72802e-019 4.85943e-033 
1.54701e-008 4.5652e-035 0.577351 6.79772e-012 1.50448e-118 1.82476e-012 0.577348 0.577352 3.29398e-018 2.97927e-012 
1.54787e-008 0.577672 1.21127e-033 6.75799e-021 1.53941e-055 2.68598e-022 0.577669 1.54551e-026 0.577672 4.79563e-032 
1.547e-008 0.577347 2.90438e-016 0.57735 6.14062e-020 1.26896e-106 1.83942e-044 0.577357 9.96507e-023 1.82417e-012 
0.894455 6.54534e-012 6.50399e-039 4.51961e-010 0 1.40514e-012 0.447162 1.67197e-053 2.95029e-019 3.91142e-023 
0.0632395 0.964043 0.0919534 0.0893355 0.0658559 0.104204 0.0955647 0.0958917 0.0901186 0.110077 
1.19831e-008 1.26866e-016 3.01959e-031 4.18726e-017 7.9788e-023 4.52201e-020 0.447214 6.24552e-031 7.66249e-026 0.894428 
3.22861e-016 1.20493e-008 0.449688 8.8952e-021 0.899376 1.5578e-209 4.30905e-014 4.65608e-033 1.42736e-028 1.73217e-053 
0.583031 2.50295e-019 1.30583e-025 0 7.67145e-054 2.0291e-038 1.78657e-079 1.08788e-023 0.583028 0.583017 
0.685205 0.110104 0.107646 0.114105 0.109711 0.107081 0.122292 0.109268 0.108241 0.65879 
1.08929e-008 4.9939e-009 1.0345e-031 1.48656e-011 0.447215 5.46435e-038 8.24378e-078 2.23785e-064 0.894431 1.65544e-026 
0.678836 0.101872 0.668694 0.127016 0.106192 0.103744 0.111483 0.0959478 0.113074 0.110048 
7.73618e-009 7.44961e-009 1.11344e-008 5.94823e-011 7.41304e-032 0.577352 8.2392e-085 0.577352 0.577356 1.17311e-029 
1.54702e-008 0.577357 5.39108e-040 1.31869e-053 0.577364 5.61263e-043 1.88296e-040 4.34181e-046 0.577362 7.17419e-026 
1.11112e-008 1.10676e-008 5.31531e-065 0.585292 1.87074e-022 0.585294 1.70796e-122 0.585294 8.45087e-031 1.40337e-029 
1.54777e-008 9.3837e-042 2.33245e-048 0.577637 0.577643 4.39082e-035 3.39941e-030 0.577645 2.38563e-024 9.79312e-014 
1.51789e-008 3.01187e-009 0.577529 1.77244e-023 4.40797e-081 0.57753 1.23208e-037 3.18948e-044 0.577531 1.95474e-026 
0.578663 0.578642 7.49992e-024 2.85444e-008 9.60464e-073 1.01508e-012 1.34662e-062 0.578641 1.29095e-026 5.07205e-012 
1.19831e-008 1.26866e-016 3.0229e-031 4.18729e-017 6.5076e-023 1.28812e-019 9.21557e-136 0.447214 7.66249e-026 0.894428 
1.54701e-008 9.15126e-011 0.577361 0.577364 0.57737 8.26273e-014 6.32504e-040 1.88205e-039 1.13087e-018 5.83106e-032 
1.96438e-008 1.82402e-019 1.37294e-008 0.894431 1.65788e-020 4.71426e-013 0.447214 3.03543e-035 8.58726e-016 1.30042e-041 
1.55241e-008 0.579366 4.15216e-058 0.579369 2.74995e-060 6.62119e-036 1.66442e-057 1.1563e-021 4.22983e-032 0.579366 
1.19831e-008 2.43224e-025 7.83358e-040 0.447214 0 0.89443 3.9918e-048 1.37816e-021 6.60994e-026 1.9616e-026 
0.0717152 0.0872347 0.0763439 0.0894262 0.967014 0.0828608 0.0927624 0.0876794 0.104618 0.0788405 
4.14517e-016 3.65171e-033 5.67365e-024 1.547e-008 0.577349 1.04645e-015 1.0334e-035 0.57735 0.577354 1.93453e-026 
0.104044 0.118816 0.67761 0.106919 0.112906 0.10602 0.675543 0.110299 0.109643 0.106719 
1.19831e-008 8.00006e-015 0.447216 6.3035e-034 2.75952e-040 1.56375e-038 1.43727e-077 2.22184e-047 0.89443 1.61958e-026 
0.577384 0.577332 9.88728e-099 1.53029e-018 1.1832e-053 8.5812e-016 6.47745e-037 1.376e-053 0.577362 4.49907e-032 
0.447214 1.56554e-031 1.36499e-026 0.894428 2.28746e-022 2.40751e-031 2.80672e-031 1.45957e-023 5.23772e-025 4.72439e-020 
0.447213 4.69305e-009 3.20245e-058 1.73526e-042 8.90272e-059 3.61394e-036 1.98483e-168 0.894429 2.977e-025 4.97487e-026 
2.44164e-023 2.61125e-023 4.28566e-016 1.59943e-008 0.596916 1.47057e-012 0.596915 6.27151e-058 0.596914 7.88122e-031 
3.21098e-016 6.2875e-120 1.19835e-008 0.447232 6.57571e-053 5.15901e-046 0.894462 3.41087e-063 1.97022e-028 1.41171e-016 
1.54731e-008 0.577463 1.66925e-053 0.577337 0.577419 1.1346e-020 7.08597e-076 1.11357e-259 6.13731e-024 9.4947e-058 
2.67949e-008 2.30019e-060 1 5.76382e-087 1.59511e-177 1.48833e-036 1.12131e-071 4.5775e-040 1.91247e-016 2.28362e-064 
1.23562e-008 0.461139 8.3136e-031 1.39716e-011 5.71801e-020 1.26656e-012 0.922278 1.4175e-031 2.28534e-025 3.9405e-036 
1.56217e-008 0.583012 5.90133e-044 1.02868e-051 3.91188e-016 0.583022 2.82627e-062 2.28438e-036 1.64897e-037 0.583018 
2.39661e-008 2.1447e-022 0.894429 0.447215 3.32094e-024 1.92681e-106 3.60321e-071 9.30679e-033 5.74289e-023 1.18143e-112 
7.62852e-009 2.27196e-008 8.36983e-104 2.71928e-055 0.894428 1.27533e-015 1.08973e-066 2.25872e-070 0.447214 4.17778e-012 
0.0813523 0.0745286 0.110701 0.0890275 0.12719 0.111141 0.0627785 0.0957255 0.67835 0.686168 
1.09483e-008 1.09296e-008 0.57735 7.7889e-083 2.53894e-019 4.25017e-024 1.81567e-043 0.57735 0.57736 3.61762e-025 
0.11813 0.117661 0.112347 0.102382 0.112823 0.118421 0.667838 0.096748 0.114233 0.673831 
0.577742 0.577178 2.10202e-047 0.577427 6.28607e-023 1.93112e-013 1.61515e-021 1.54744e-015 5.29245e-019 1.9463e-026 
1.54212e-008 9.24871e-028 1.22972e-009 1.39077e-021 1.4257e-016 0.577355 2.33684e-065 0.577355 2.15271e-047 0.577355 
1.54704e-008 3.33666e-034 0.577363 1.61719e-020 2.2504e-026 2.06366e-011 0.577362 1.01176e-040 3.6811e-031 0.577362 
1.07748e-008 4.93956e-009 1.17442e-009 1.3059e-011 1.32483e-009 0.44727 2.20432e-077 4.47143e-043 0.894539 2.80648e-023 
1.54704e-008 0.577363 2.21446e-058 1.61719e-020 2.2504e-026 2.06366e-011 0.577362 1.01176e-040 4.21539e-032 0.577362 
1.54754e-008 0.577552 1.96154e-014 6.16202e-014 2.50943e-020 4.26342e-045 4.46921e-079 0.577552 2.72401e-054 0.577551 
0.102289 0.101888 0.0814118 0.117978 0.682107 0.129157 0.094886 0.0864189 0.099487 0.672422 
0.0658502 0.0631502 0.0848335 0.073264 0.0719056 0.0722847 0.0816844 0.971798 0.105169 0.0851487 
0.110185 0.109318 0.090207 0.668396 0.662564 0.167022 0.13922 0.110215 0.115655 0.0963432 
0.577373 3.91358e-005 0.577322 7.22545e-013 8.30558e-021 2.55639e-015 0 0.577382 1.70269e-021 1.02767e-018 
1.54701e-008 0.577352 1.44758e-030 3.68722e-057 0.577358 5.33921e-037 2.71911e-024 0.577359 8.04145e-018 6.65165e-012 
0.0672015 0.0669343 0.0774233 0.100365 0.0787406 0.079175 0.967525 0.084918 0.112054 0.0851485 
3.21084e-016 1.1983e-008 2.93929e-083 0.447213 6.01999e-024 8.47102e-046 6.18796e-110 0.894428 2.94875e-045 2.93432e-012 
0.581375 5.21364e-015 0.581334 2.85733e-112 0.581339 4.25299e-054 3.92898e-071 1.05759e-032 4.16947e-036 9.20917e-026 
1.19831e-008 1.81384e-022 2.7395e-106 1.34959e-024 0.447216 4.91216e-033 0.894432 2.732e-046 4.18735e-037 1.9383e-026 
0.679829 0.109215 0.0682039 0.67008 0.107133 0.103409 0.113675 0.118084 0.110826 0.106276 
1.1399e-008 1.05021e-008 0.578448 4.86726e-121 2.28896e-025 9.08445e-039 8.50855e-025 9.083e-031 0.578466 0.578441 
3.21084e-016 1.1983e-008 2.16229e-038 1.10469e-058 0.447214 1.73464e-085 4.32551e-052 6.20234e-048 9.88838e-026 0.894428 
1.54703e-008 0.577362 0.577359 5.00418e-052 2.27706e-011 1.36806e-012 5.33569e-043 5.89914e-038 9.55016e-016 0.577335 
4.14605e-016 5.3034e-049 5.7251e-061 1.54733e-008 0.577471 0.577472 1.33673e-037 1.55719e-064 0.577471 4.78727e-032 
0.577785 7.72696e-025 7.18489e-028 1.05194e-112 0.577783 2.94803e-021 0.577788 4.33977e-012 2.83904e-046 2.89494e-032 
1.55809e-008 0.581487 7.23093e-028 2.52073e-017 0.581485 2.96635e-021 0.581491 4.52004e-012 2.85724e-046 2.91349e-032 
2.67949e-008 2.31736e-055 3.1054e-042 1 1.90525e-022 4.15023e-036 1.28839e-159 7.37887e-042 2.95291e-019 3.27421e-026 
2.39661e-008 1.35635e-022 0.894428 6.98155e-018 0.447214 2.43431e-038 2.19017e-051 4.18872e-034 1.7042e-056 9.07401e-014 
4.04349e-016 3.8441e-016 2.08217e-008 1.18677e-008 4.86093e-029 0.894437 3.49036e-069 2.82813e-034 1.48611e-039 0.447219 
0.0909609 0.678797 0.107178 0.671245 0.106365 0.103588 0.114919 0.118299 0.116766 0.107975 
2.39699e-008 5.27613e-025 7.11962e-034 7.56664e-026 2.449e-041 2.15524e-020 3.70644e-032 0.894571 0.447285 0 
0.092847 0.100308 0.0926015 0.0861931 0.672808 0.102498 0.115741 0.0880994 0.685087 0.110961 
2.39662e-008 1.39036e-011 6.69501e-065 7.27897e-285 0.89443 0.447215 3.26361e-077 4.96389e-047 1.53754e-030 5.64339e-010 
2.67949e-008 2.64414e-020 2.69296e-035 8.52691e-026 1 2.80969e-024 1.60821e-169 1.45996e-023 6.60076e-032 1.72157e-044 
1.55254e-008 0.579416 0.57941 0.579426 2.63128e-018 6.78988e-025 1.60786e-050 1.97182e-018 1.94279e-024 1.87161e-027 
1.55654e-008 0.580909 8.0233e-009 6.88821e-021 7.51135e-054 1.98963e-038 2.32568e-079 3.28163e-029 0.580905 0.580908 
0.108967 0.116966 0.666907 0.10972 0.127084 0.125116 0.112608 0.670201 0.109739 0.109332 
2.67949e-008 1 2.5465e-032 2.03377e-016 2.88665e-051 4.18042e-046 1.09652e-088 1.37644e-031 6.92493e-023 1.48024e-049 
0.671752 0.0837802 0.105019 0.114973 0.091517 0.102501 0.0977377 0.104514 0.683476 0.108349 
8.6384e-009 8.34056e-009 0.448137 8.09359e-162 1.80856e-017 0.896275 4.8444e-049 9.33834e-012 2.99094e-046 6.07772e-031 
0.89457 1.9691e-017 1.03595e-031 3.22794e-018 9.13982e-034 8.04349e-013 2.42772e-044 1.29563e-021 0.447285 0 
0.577361 3.51198e-013 0.577358 5.00417e-052 0 1.31319e-012 2.2382e-019 4.93387e-038 3.85049e-021 0.577334 
2.39785e-008 5.44151e-037 0.894891 3.70873e-043 5.25318e-020 6.01329e-025 4.89797e-134 0.447447 9.61454e-016 1.73374e-027 
2.9588e-016 2.95884e-016 1.50773e-069 1.56164e-008 0.582812 0.582821 4.63688e-062 7.12178e-058 2.10263e-022 0.582818 
1.547e-008 0.577348 3.58166e-018 0.577352 0 9.40038e-036 0.577354 1.1688e-018 5.43368e-023 1.49492e-049 
6.98396e-017 2.76397e-016 1.06395e-008 7.52272e-009 1.77043e-029 8.1493e-009 1.7771e-009 0.577395 0.577395 0.577397 
1.54703e-008 4.79711e-036 0.577358 4.30239e-037 0.577353 0.577345 2.98111e-075 2.12935e-046 1.35967e-028 3.37881e-031 
1.245e-008 1.56456e-008 8.55589e-027 1.32174e-008 0.894515 3.15067e-021 7.95394e-031 0.447258 6.4389e-032 3.7859e-025 
0.447214 4.40054e-035 1.99831e-010 9.39518e-021 0.894428 6.52387e-021 8.73786e-062 4.18688e-038 3.88661e-019 5.96945e-030 
0.0916205 0.0884606 0.967104 0.0857039 0.0584739 0.104989 0.0811691 0.0791689 0.0943959 0.0893155 
0.577519 0.577497 4.03902e-014 1.44941e-008 5.97103e-026 1.45703e-077 2.18512e-073 9.91822e-045 2.46492e-039 0.577505 
0.577351 1.70376e-027 1.41506e-051 3.28592e-009 1.64744e-019 1.82476e-012 0.577348 0.577352 3.49609e-018 2.97927e-012 
0.577403 3.92767e-009 4.38503e-024 3.56708e-055 4.04998e-026 3.79658e-048 1.89903e-031 0.5774 5.55729e-025 0.577393 
0.0933045 0.085619 0.0849555 0.0908943 0.096811 0.0905419 0.106259 0.0308202 0.9652 0.0842909 
2.34962e-016 2.57907e-016 9.96112e-050 9.91492e-011 9.93143e-011 1.54694e-008 0.57735 0.57735 0.577354 1.67509e-033 
0.894431 0.447208 3.58799e-030 1.60123e-039 4.97117e-051 6.97642e-025 9.72143e-062 2.22923e-044 1.61516e-024 1.40992e-016 
1.11768e-008 1.07187e-008 4.64048e-034 0.577941 4.62352e-111 0.577944 0.577888 5.62104e-029 5.21404e-038 3.88867e-023 
0.1161 0.681317 0.108216 0.116521 0.0941203 0.106412 0.125394 0.108409 0.11399 0.661277 
0.577822 6.18542e-013 4.647e-028 7.46787e-037 0.576882 1.36901e-077 1.37387e-133 3.90478e-036 9.70923e-024 0.577349 
2.67949e-008 4.11656e-022 5.44938e-034 8.03891e-012 3.68026e-022 6.69116e-021 3.22519e-051 1.24811e-077 1 3.27474e-022 
1.547e-008 0.57735 2.19375e-031 1.62558e-207 7.37212e-020 3.92404e-039 3.50891e-055 0.577354 0.577351 3.84386e-023 
1.51846e-008 3.0127e-009 3.13305e-041 1.571e-087 0.577745 0.57772 1.43455e-062 0.577734 2.01671e-026 5.47654e-030 
0.115505 0.678691 0.126476 0.116704 0.0941884 0.664828 0.115274 0.100767 0.110895 0.104889 
1.00008 0 0 0 0 0 0 0 0 0 
0.123899 0.118148 0.123374 0.0895142 0.114075 0.12205 0.657751 0.1284 0.676638 0.112234 
0.0837774 0.105292 0.091155 0.113968 0.671645 0.678181 0.115927 0.115806 0.111624 0.103788 
0.0781793 0.0778725 0.0959643 0.960162 0.117058 0.104382 0.118589 0.0965711 0.0891147 0.106807 
1.54702e-008 0.577356 1.93048e-014 0.577353 2.83554e-041 0.577344 2.36157e-083 1.32672e-044 4.70221e-033 2.96768e-023 
8.26529e-017 4.07686e-016 1.55246e-008 1.28732e-025 2.42319e-061 0.579386 0.579385 3.60169e-029 0.579385 8.50873e-031 
1.5399e-008 1.48035e-009 0.57735 0.577352 0 2.70325e-011 0.577354 4.24287e-064 6.74378e-017 3.83158e-036 
0.094049 0.0905265 0.106566 0.100417 0.682501 0.119739 0.103752 0.665432 0.115104 0.1211 
1.55287e-008 0.57954 1.04595e-030 4.8337e-080 0 0.579514 6.42918e-113 0.579528 2.20378e-025 5.39009e-030 
0.894439 5.42193e-034 1.20793e-027 1.30626e-022 0.447219 1.49015e-019 3.98407e-056 8.91454e-045 4.98892e-020 2.41272e-027 
1.47971e-008 1.0753e-031 1.17991e-009 4.18851e-009 1.21237e-009 0.577397 1.02356e-107 9.08636e-026 0.577389 0.577406 
8.96357e-010 1.54527e-008 1.00374e-029 0.577673 0.577037 1.37631e-077 8.80239e-048 5.12313e-068 1.73676e-036 0.577355 
1.54705e-008 0.577366 0.577351 2.69606e-040 4.962e-015 0.577359 8.50824e-046 8.75542e-071 2.14659e-033 5.49021e-050 
2.53162e-007 3.34458e-007 4.1867e-007 0.578545 0.578539 0.578567 2.95531e-075 1.15852e-111 9.25754e-046 1.09386e-022 
0.577365 3.00868e-015 3.55868e-066 0.577339 5.09671e-051 1.2872e-031 4.83436e-028 1.42811e-047 0.577353 5.30827e-028 
0.114699 0.114418 0.109158 0.106474 0.101224 0.686697 0.105827 0.0884825 0.0324601 0.684534 
1.09365e-008 1.09414e-008 2.15714e-035 4.93981e-088 0.577351 1.87055e-113 2.02594e-061 0.577351 9.8477e-046 0.577351 
0.116581 0.687781 0.0824856 0.0931374 0.0972084 0.0351656 0.671157 0.108986 0.118016 0.11245 
0.0986797 0.0946234 0.0926242 0.672804 0.0916234 0.68001 0.115946 0.114424 0.110876 0.103777 
1.549e-008 0.578094 0.578091 2.64552e-017 3.56284e-057 4.38496e-012 1.872e-044 0.578101 1.91777e-023 6.9508e-024 
2.39665e-008 1.27774e-034 1.18867e-030 0.894442 1.19103e-066 3.55038e-021 5.3729e-037 6.11046e-015 9.06087e-035 0.447221 
0.109247 0.10004 0.0998066 0.0905774 0.0877518 0.104989 0.112358 0.68064 0.117439 0.672176 
0.10184 0.115593 0.662598 0.110631 0.127322 0.102534 0.109449 0.085906 0.686453 0.110327 
0.119238 0.109243 0.694792 0.118802 0.09621 0.113894 0.122484 0.108335 0.118332 0.672503 
1.51744e-008 3.01018e-009 0.577351 2.76119e-043 1.96104e-049 0.577354 0.57735 7.60426e-070 1.17685e-045 2.83252e-026 
0.114118 0.108822 0.676552 0.112876 0.129345 0.664703 0.115242 0.100737 0.110997 0.104861 
1.1949e-008 9.86665e-028 9.54382e-010 3.97085e-030 1.61223e-031 1.15637e-027 0.447363 0.894729 4.13682e-045 3.01354e-030 
1.53644e-008 1.80697e-009 1.20245e-044 0.57736 6.26295e-024 7.25024e-066 7.61629e-110 0.57736 2.46413e-039 0.577352 
0.577379 1.98226e-027 6.93013e-029 4.94977e-009 2.99351e-033 0.577321 2.48576e-039 0.577353 8.33164e-032 1.28242e-040 
0.577405 1.78942e-028 1.14196e-026 4.22887e-037 0.577399 0.577392 2.98135e-075 2.12952e-046 1.73785e-025 1.01345e-029 
3.20168e-016 1.19488e-008 5.21283e-033 0.445937 0.899336 2.60166e-013 1.40161e-021 1.55478e-015 5.32633e-019 3.36614e-035 
2.39713e-008 0.894621 1.02344e-031 4.11589e-132 0.447311 1.16439e-019 1.1982e-288 4.48692e-036 1.91312e-016 2.15116e-097 
0.57756 0.577308 5.65195e-031 9.54001e-037 1.39463e-079 0.577424 1.78113e-017 2.14373e-046 4.29093e-013 2.15258e-022 
0.577373 3.1683e-013 1.8962e-058 0.577331 5.68752e-024 7.97722e-111 6.28975e-041 0.577349 2.20537e-024 1.63974e-041 
3.1606e-016 1.17955e-008 1.97328e-031 2.08624e-008 2.88323e-024 0.894427 9.27179e-073 0.447215 1.14813e-015 3.21128e-012 
0.577363 4.08126e-011 2.12911e-052 0.577334 0.577357 2.9993e-013 7.04807e-076 0 1.01143e-245 9.49379e-058 
6.65068e-017 3.14837e-016 1.20092e-008 2.16892e-169 0.448189 0.896379 8.71765e-130 9.3402e-012 2.99102e-025 1.18999e-017 
0.577356 6.26246e-014 3.27835e-012 6.42121e-014 2.30141e-027 6.48914e-059 0.577355 1.00979e-040 1.15749e-041 0.577355 
0.577361 1.6963e-027 1.73188e-026 2.61184e-041 0.577349 7.58163e-019 2.73349e-024 0.577359 2.71815e-050 6.65151e-012 
0.5775 6.32959e-028 6.24814e-037 2.60693e-021 8.61503e-045 2.17784e-022 0.577494 4.61838e-038 0.577503 4.36686e-027 
1.55048e-008 0.578646 2.50132e-065 1.53343e-011 2.06605e-078 0.57865 0.578646 6.80755e-034 2.41682e-044 3.88305e-023 
7.30772e-012 1.54816e-008 1.01061e-033 0.577781 0.577778 8.94144e-020 0.577784 4.49109e-012 2.22872e-046 1.17592e-029 
0.577358 0.577358 0.577341 2.54184e-230 9.29865e-024 1.31278e-042 0 6.78935e-034 1.16976e-026 1.78337e-025 
0.677726 0.0846031 0.125473 0.115778 0.129383 0.664897 0.115276 0.100767 0.11103 0.104892 
6.48753e-016 2.42118e-008 1.577e-039 0.903598 7.37176e-013 0.451798 4.32604e-032 1.36957e-021 1.21646e-031 1.971e-026 
1.54701e-008 0.577352 1.41434e-051 1.96187e-048 1.64744e-019 1.82476e-012 0.577348 0.577352 3.49609e-018 2.97927e-012 
0.580299 0.580411 6.9166e-037 4.72248e-010 1.98741e-053 1.80122e-046 0.580334 4.31313e-063 2.66563e-025 1.17453e-026 
4.1452e-016 1.54701e-008 4.97209e-066 0.577353 2.82397e-274 1.37322e-025 3.41472e-028 0.577344 0.577357 7.26634e-026 
2.67949e-008 5.32334e-055 1.74842e-039 5.02625e-017 2.96635e-082 5.19194e-073 1 1.40377e-021 3.81307e-023 3.19829e-034 
1.19017e-008 1.41024e-009 0.447284 7.86748e-026 7.97416e-024 8.47236e-046 4.7287e-194 0.89457 4.29124e-045 4.49456e-013 
1.19831e-008 0.447214 2.46322e-035 1.27437e-065 5.62488e-080 1.92096e-014 2.48335e-020 3.70223e-058 0.894429 2.06691e-017 
2.39661e-008 0.894428 5.5409e-032 5.07842e-049 1.14315e-027 6.39109e-025 3.62925e-164 0.447216 4.00941e-016 1.56456e-041 
1.11072e-023 4.14525e-016 1.54703e-008 0.57736 2.39179e-027 6.34124e-011 0.577358 1.43214e-017 9.56481e-038 0.57736 
1.5424e-008 1.19296e-009 0.577351 0.577353 2.74701e-040 2.00263e-044 1.03842e-070 2.24418e-047 1.10146e-044 0.577352 
1.19831e-008 0.447216 0.894429 4.4548e-016 4.891e-024 3.53403e-027 2.06017e-041 6.37011e-021 6.13152e-034 2.43387e-024 
1.09888e-008 1.08891e-008 0.577356 5.8249e-014 0.577362 2.53063e-035 0 0.577359 2.74577e-018 5.85239e-036 
0.0897562 0.0895479 0.103228 0.0930663 0.67939 0.115063 0.681969 0.116489 0.11238 0.105472 
3.33772e-006 0.577401 2.82223e-024 1.36366e-026 7.24537e-030 0.577321 1.21238e-028 1.11116e-044 0.577369 3.11486e-020 
0.894435 8.07195e-026 3.73738e-011 0.447201 1.00452e-033 5.55872e-013 1.76033e-043 4.73723e-050 5.74172e-023 8.89588e-021 
7.62025e-013 1.19825e-008 6.65509e-032 4.60728e-011 1.12625e-010 0.447215 0.89443 2.13616e-029 4.17541e-041 1.17312e-029 
0.577375 3.60964e-015 5.30726e-024 0.577335 1.27094e-030 0.577343 7.67692e-034 9.01058e-067 4.72868e-033 5.23867e-012 
1.54715e-008 0.577406 0.577394 1.47875e-010 1.31252e-122 9.02728e-034 0.577259 2.6076e-040 2.65188e-025 2.51867e-024 
0.0972438 0.0938852 0.110594 0.121833 0.0962699 0.694868 0.65509 0.102158 0.105415 0.112275 
1.19831e-008 5.13189e-027 5.67349e-019 0.447214 4.96565e-060 6.06795e-013 2.05841e-045 3.70262e-082 0.894428 1.14224e-020 
1.56256e-008 0.583154 1.06158e-030 4.30936e-013 0.583149 0.583138 4.97944e-114 1.32376e-037 8.61792e-032 3.09824e-039 
2.39663e-008 0.894435 5.82578e-032 5.30158e-049 2.61646e-153 0.447217 7.05099e-031 1.35617e-021 1.20214e-031 1.95102e-026 
1.2778e-011 1.54703e-008 1.46248e-016 2.32915e-059 0.577359 0.577364 0.577369 3.50992e-029 4.28296e-013 1.2657e-012 
8.60463e-024 3.21129e-016 1.47572e-087 1.19847e-008 1.61328e-031 0.447276 5.90028e-110 0.894555 1.03873e-069 4.14825e-013 
1.61056e-009 9.86444e-010 1.16963e-044 2.38916e-008 0.894428 2.15034e-031 9.83365e-038 1.38381e-015 1.49648e-025 0.447215 
1.81055e-014 2.39661e-008 2.26563e-016 1.65961e-064 3.54074e-030 0.89443 1.69338e-011 4.02833e-070 0.447215 1.26567e-012 
2.67949e-008 2.42984e-037 3.12625e-042 1.97147e-040 3.43087e-035 0 1.73457e-047 4.20469e-082 1.26793e-040 1 
0.577625 1.20131e-021 0.577613 1.97801e-011 6.55737e-025 4.042e-019 0.577623 7.74321e-067 2.66644e-025 1.5671e-024 
1.55398e-008 8.79633e-023 0.579954 9.97551e-026 1.36211e-041 0.579958 1.7567e-051 3.43214e-034 4.40565e-017 0.579956 
2.40242e-008 0.896595 9.11548e-032 5.28519e-035 2.26213e-011 9.68377e-016 0.448296 2.98886e-035 8.35346e-032 1.57911e-041 
0.111234 0.110797 0.673303 0.669433 0.115987 0.102086 0.111979 0.118065 0.110809 0.106246 
0.676 0.100688 0.0917662 0.113185 0.129107 0.103965 0.682873 0.117357 0.111576 0.111014 
2.67949e-008 6.85855e-017 1.84136e-034 5.95139e-054 1.57505e-292 1 0 4.72998e-088 6.26435e-026 6.53031e-024 
0.577427 2.76217e-025 2.75466e-058 0.577394 5.65768e-020 1.34287e-012 0 8.38468e-059 1.4918e-018 0.577385 
1.54717e-008 1.31941e-031 3.17107e-028 0.577413 0.577417 1.39003e-037 4.66032e-163 4.87703e-069 0.577416 1.6557e-026 
1.19883e-008 0.447411 3.81123e-014 9.69309e-042 1.14752e-084 0.894822 1.35617e-070 3.96888e-020 1.69206e-044 2.10381e-052 
2.39661e-008 5.33209e-036 7.49154e-038 1.27303e-025 0.894428 2.06036e-060 0.447215 2.30055e-026 3.87788e-045 3.01256e-030 
6.94924e-019 6.57759e-016 2.45479e-008 2.03188e-025 7.11417e-026 0.916142 0.45807 2.57717e-020 1.75342e-025 1.90432e-029 
0.0932622 0.0928914 0.0958273 0.663363 0.126151 0.126691 0.111294 0.104509 0.686927 0.113221 
2.93109e-016 1.0939e-008 2.67591e-059 1.0939e-008 0.577352 8.33517e-043 0.577349 0.577353 1.9153e-023 1.67242e-026 
1.65348e-011 1.54268e-008 1.15662e-009 3.70727e-012 6.79574e-032 5.30977e-025 0.577353 3.00188e-070 0.577349 0.577352 
0.577351 2.45889e-019 3.81282e-026 9.31567e-029 5.70462e-029 0.577352 1.4392e-029 3.1885e-044 0.577352 3.1148e-020 
2.39661e-008 0.89443 8.30601e-011 6.19375e-057 1.5388e-022 7.25305e-039 6.0992e-012 4.02833e-070 0.447215 1.96702e-012 
1.54768e-008 4.67414e-041 2.22455e-053 0.577603 9.86804e-051 0.577604 3.74126e-046 3.39044e-064 0.577603 4.79971e-032 
4.1452e-016 1.54701e-008 8.78424e-020 3.44611e-054 6.16655e-035 0.577352 0.577351 1.00979e-040 1.15816e-041 0.577351 
0.107385 0.115268 0.677379 0.113001 0.674842 0.109246 0.120893 0.10534 0.11635 1.18857e-029 
1.00985e-012 1.39701e-030 4.76117e-023 1.17783e-008 2.20585e-009 2.79759e-021 3.39602e-051 0.447214 0.894428 4.58696e-015 
0.578028 5.4914e-007 1.85003e-058 3.79799e-009 6.3577e-060 5.11469e-046 0 0.578004 0.578026 3.36994e-032 
2.53203e-011 2.39661e-008 0.89443 7.40235e-018 1.27588e-018 6.25293e-011 0.447214 2.51609e-020 1.71187e-025 8.95083e-042 
0.577367 3.83808e-010 1.84556e-022 6.20566e-013 6.3812e-075 0.577346 0.577341 1.83886e-021 3.90403e-023 5.7925e-014 
0.447231 1.80082e-096 4.86008e-052 2.92545e-009 2.01914e-017 7.63958e-013 0.894463 9.26053e-012 2.55029e-022 1.93461e-026 
0.447215 1.9151e-019 2.11738e-011 5.22274e-207 1.19015e-011 1.11544e-013 5.38293e-044 3.70263e-082 0.894428 8.89004e-021 
1.44981e-008 5.40042e-009 6.99484e-045 0.577397 4.06756e-020 2.37386e-045 0.577397 8.60848e-104 0.577395 1.40509e-016 
0.078095 0.077939 0.0740201 0.0756977 0.0740051 0.0786998 0.0832996 0.0804364 0.0838205 0.971894 
0.965097 0.095945 4.47008e-012 0.0913622 0.0684628 0.0954743 0.100668 0.0900404 0.0920596 0.106581 
2.39661e-008 0.894427 4.4371e-023 1.1362e-010 1.61106e-014 7.2086e-010 6.76072e-045 1.24472e-047 1.46509e-027 0.447215 
2.01751e-008 1.80569e-022 6.64261e-034 5.39319e-037 1.2936e-008 1.68123e-011 5.16873e-035 0.894428 1.84468e-033 0.447214 
0.103605 0.103257 0.087903 0.093084 0.109245 0.689854 0.126001 0.102334 0.660646 0.109911 
0.577352 6.96339e-013 4.6984e-040 5.13305e-066 0.577349 3.70127e-014 1.82402e-038 3.08879e-059 0.577352 1.67701e-033 
1.09763e-008 1.09016e-008 2.05582e-031 0.577351 9.48397e-023 3.5495e-012 1.33304e-043 4.7645e-035 0.577366 0.577344 
6.4217e-016 2.39661e-008 0.894429 8.59969e-059 5.07016e-028 0.447211 4.72529e-028 1.53456e-047 1.6785e-030 4.99469e-053 
2.39662e-008 0.89443 0.447213 1.89335e-097 1.01875e-010 5.50172e-034 7.53403e-045 3.84446e-024 1.70914e-037 4.64714e-016 
2.39711e-008 7.28913e-041 2.68353e-061 0.894613 6.68219e-025 9.63699e-146 4.0974e-046 6.98866e-058 0.447303 9.86812e-014 
4.14526e-016 1.54703e-008 0.577361 1.61743e-054 0.577346 4.88022e-064 2.00945e-058 3.66399e-036 4.02182e-046 0.577353 
0.683814 0.10088 0.138798 0.11554 0.0989251 0.105514 0.0956057 0.667583 0.105845 0.10797 
0.447236 2.3602e-031 0.894418 6.29747e-082 1.92701e-040 7.42932e-011 6.57107e-042 7.40203e-038 1.09801e-023 4.72848e-021 
1.54641e-008 3.3788e-010 0.577266 2.12397e-035 0.57744 9.90243e-036 0.577358 1.93407e-029 8.2023e-032 1.5646e-041 
3.7555e-018 1.72172e-018 8.11029e-043 5.00474e-021 1.93734e-014 1.19835e-008 0.44723 4.53297e-045 0.894461 2.96776e-023 
1.5473e-008 0.57746 0.577468 2.08885e-012 6.29579e-041 4.07188e-073 6.85651e-074 1.0397e-051 0.577468 4.85895e-024 
0.582835 1.14861e-157 3.11197e-047 2.10694e-077 2.35465e-017 0.582845 1.10709e-052 7.63032e-012 2.10346e-022 0.582838 
0.57739 5.10959e-018 0.577397 2.1041e-012 2.47918e-044 4.69844e-073 1.40636e-035 2.2308e-053 0.577398 1.27227e-033 
0.89443 2.22037e-028 4.07522e-024 1.7491e-034 2.41243e-030 0.447212 5.65124e-042 7.08953e-015 1.90866e-026 1.6181e-046 
0.894436 1.01579e-028 0.44721 4.00681e-037 7.00656e-016 7.82837e-013 2.35701e-041 1.14348e-042 9.46544e-034 3.31175e-031 
8.45093e-009 1.17894e-053 5.76429e-047 8.63008e-069 1.29595e-008 0.577404 0.577401 0.577407 2.63385e-016 2.50388e-024 
0.0993088 0.0989191 0.0944417 0.0962074 0.0934604 0.959734 0.118574 0.0965438 0.0891032 0.106793 
1.54246e-008 1.70269e-035 1.19559e-009 4.6198e-087 0.577383 1.03569e-029 0 1.29704e-011 0.577379 0.57738 
1.36848e-008 1.60944e-009 1.04246e-044 7.03326e-009 1.67815e-031 1.94269e-073 0.57736 0.57736 2.46413e-039 0.577352 
2.37254e-008 1.71019e-020 3.38857e-009 7.18166e-042 6.68298e-019 4.01623e-020 0.89443 6.46194e-038 1.75991e-026 0.447215 
2.67952e-008 6.11002e-017 2.01862e-018 9.36466e-017 5.33535e-019 4.03268e-050 1.5865e-035 1.00001 4.73149e-026 4.99759e-028 
0.705836 0 0 6.20348e-043 1.38001e-088 0 0.708483 4.23574e-010 1.28807e-029 0 

