0.123815 0.649908 
0.264054 0.488111 
0.513617 0.284956 
0.326842 0.429561 
0.445844 0.333351 
0.643987 0.198967 
0.294717 0.458191 
0.473599 0.313223 
0.493595 0.29884 
0.392806 0.37505 
0.28705 0.465501 
0.197047 0.557704 
0.204223 0.54952 
0.937928 0.0326727 
0.0421606 0.796657 
0.241038 0.510451 
0.533254 0.27097 
0.248841 0.502745 
0.102207 0.68196 
0.334692 0.422866 
0.358906 0.40216 
0.271884 0.4801 
0.255618 0.495634 
0.586337 0.235682 
0.789179 0.112583 
0.279568 0.472384 
0.050023 0.778585 
0.705865 0.160788 
0.0179447 0.867942 
0.804187 0.104128 
0.746397 0.137057 
0.761093 0.128784 
0.0341674 0.816922 
0.0573226 0.762141 
0.575416 0.242527 
0.409875 0.361311 
0.302923 0.450932 
0.543731 0.264381 
0.502876 0.292201 
0.0948734 0.693617 
0.367217 0.395016 
6.04774e-008 1.00163 
0.211262 0.541631 
0.342771 0.416043 
0.97476 0.0135543 
0.109558 0.67028 
0.851959 0.0782732 
0.384366 0.3812 
0.454666 0.327293 
0.160558 0.601216 
0.867204 0.0695978 
0.609278 0.220775 
0.436646 0.340552 
0.427074 0.347812 
0.553712 0.257256 
0.733577 0.144562 
0.599375 0.228722 
0.0260645 0.840662 
0.226375 0.525793 
0.318436 0.437699 
0.919175 0.0422272 
0.774664 0.12077 
0.0870127 0.706934 
0.631784 0.206431 
0.146577 0.61908 
0.00913731 0.906722 
0.402549 0.366906 
0.901324 0.0513932 
0.522692 0.278002 
0.18947 0.566476 
0.484221 0.305313 
0.656195 0.191204 
0.072728 0.731763 
0.138395 0.629259 
0.0650381 0.74631 
0.68086 0.17643 
0.0799416 0.718934 
0.130739 0.64005 
0.182303 0.574306 
0.310396 0.444235 
0.218822 0.53369 
0.233785 0.517977 
0.99518 0.0034915 
0.376106 0.388293 
0.834576 0.0875061 
0.174967 0.58343 
0.418876 0.353672 
0.818315 0.0962231 
0.350373 0.409313 
0.717724 0.153747 
0.669484 0.183067 
0.116729 0.659897 
0.153176 0.610183 
0.884249 0.0607601 
0.464769 0.319246 
0.564787 0.250009 
0.692941 0.16859 
0.167974 0.591648 
0.620144 0.213973 
0.955512 0.0235305 

