0.90868 0.000166197 0.000419052 4.36003e-005 0.452579 
0.947712 0.234524 8.62874e-005 4.31168e-005 0.235948 
0.639236 0.316011 0.00155588 0.316874 0.628451 
3.36694e-006 0.000462276 0.237126 0.237413 0.9438 
0.634037 0.317824 0.315414 0.632489 3.34448e-005 
4.87636e-005 3.03509e-005 0.19618 0.989857 0.00156257 
0.288041 0.869939 0.286233 0.287394 9.24578e-005 
0.988406 3.88087e-005 7.5527e-006 0.000227739 0.196414 
0.356106 0.710436 0.353952 0.352822 0.354937 
0.591471 0.592225 0.589371 4.38119e-006 8.91645e-005 
0.00011036 0.232994 0.945837 2.16933e-005 0.234406 
0.577148 0.579591 0.00131132 0.000299216 0.577805 
1.52456e-005 0.000521549 0.267007 0.535365 0.803122 
0.000130959 0.896372 0.447925 9.04739e-006 4.40421e-006 
0.34525 0.347979 0.348026 0.719882 0.352294 
0.81559 0.544157 0.270847 4.45753e-006 0.000409504 
0.196964 0.000523968 4.44577e-006 0.000168087 0.982359 
2.6789e-006 0.239142 0.238522 5.34528e-006 0.945959 
0.00014346 0.197227 0.985882 2.84809e-005 7.62264e-005 
0.289798 0.289124 0.290263 0.866493 1.17374e-005 
0.000457388 0.540214 3.55325e-005 0.270179 0.799787 
3.32983e-005 0.237817 0.235564 0.944084 1.65834e-005 
0.804872 0.533864 3.97669e-006 0.261567 7.94156e-005 
0.000137969 0.873134 0.288272 0.291291 0.290875 
0.634163 0.317224 0.3159 2.62594e-005 0.633589 
4.31426e-006 0.448492 0.897416 4.56816e-005 3.71008e-005 
0.944646 0.234072 0.000173826 0.235801 2.31373e-005 
0.632611 0.633275 0.314697 4.1509e-005 0.317647 
0.871132 0.28565 0.305899 2.64128e-005 0.286382 
0.53429 0.266677 3.75374e-006 0.805127 0.000751985 
0.533563 0.000717509 0.80497 1.26991e-006 0.267922 
0.317006 0.633673 0.313613 6.31622e-005 0.636007 
7.28946e-005 0.233187 0.943812 0.239225 0.000343556 
3.39828e-005 0.268646 0.535657 5.7548e-005 0.80526 
0.537821 7.42564e-005 1.99255e-005 0.267966 0.803746 
1.25413e-006 0.448211 4.68261e-006 1.30381e-005 0.894985 
0.634474 0.317403 0.631957 0.000162979 0.318102 
0.00100142 0.943931 0.000152974 0.240165 0.233763 
0.000432119 0.000220049 0.446924 0.896867 3.46848e-005 
0.808206 0.00142247 0.537207 8.2202e-006 0.26714 
6.45906e-005 0.267749 0.000293543 0.803866 0.536345 
0.00015199 0.292207 0.871764 0.289597 0.290276 
9.09705e-005 0.947037 0.230253 3.76642e-005 0.235859 
2.03504e-005 0.449052 6.11652e-005 0.895968 4.13495e-005 
0.450834 1.80446e-005 0.00241938 0.00257924 0.897289 
0.317119 0.634582 0.000716168 0.636444 0.317815 
0.235444 0.233758 1.69904e-005 0.946434 8.81149e-005 
0.0045541 1.76e-005 0.897546 0.00102093 0.447039 
0.813501 2.88269e-005 0.541476 0.270026 0.00027155 
0.945053 0.000168329 0.235346 7.11076e-005 0.239136 
0.000153761 6.42542e-006 9.69203e-005 0.711919 0.70567 
0.00156956 0.804483 0.265008 0.536286 3.54785e-005 
0.63463 3.80389e-005 0.317314 0.636326 0.317406 
0.803816 0.00214011 1.83851e-005 0.533904 0.267928 
0.290858 0.290486 0.866659 0.289663 0.000263876 
0.634628 0.64386 0.316015 0.319895 0.000278635 
1.20287e-005 8.02055e-006 0.801103 0.272171 0.536473 
5.67858e-007 0.983293 3.78461e-005 2.846e-005 0.194882 
0.946533 4.02931e-005 5.71554e-006 0.238145 0.234093 
0.637051 0.314931 0.00155056 0.634481 0.316181 
0.26808 5.12136e-005 0.535213 5.55644e-006 0.802559 
0.63662 0.000145286 0.631572 0.315201 0.316337 
0.535932 0.000824697 0.268692 0.803536 1.32655e-006 
0.803669 0.266287 3.471e-005 0.534366 0.000204272 
0.584582 0.58604 0.0013171 0.584955 1.05572e-005 
0.536134 0.804902 0.000132118 0.269471 2.48374e-005 
0.289725 0.29055 6.2588e-005 0.291 0.866917 
8.27786e-007 3.20021e-008 0.533362 0.802983 0.269816 
0.292101 7.79588e-005 0.870421 0.289185 0.290251 
0.570012 0.850347 0.000458711 8.70231e-005 0.280433 
0.294089 0.866717 0.290748 2.7814e-005 0.287525 
0.000858385 3.15655e-007 0.801283 0.541153 0.267608 
0.53495 0.271031 0.801784 8.88981e-005 2.64984e-005 
0.989202 0.194557 0.000615626 0.00072047 0.00332894 
0.353181 0.354728 0.358811 0.356403 0.706029 
0.448688 0.000122912 0.896716 9.06089e-005 1.70443e-005 
3.38001e-005 0.319963 0.315553 0.635828 0.637675 
9.34746e-005 0.196104 4.53509e-005 4.44286e-005 0.983007 
0.000105997 0.542227 0.803897 0.2689 3.0406e-005 
1.3226e-005 0.57838 0.577598 7.24613e-006 0.580534 
0.237021 0.945569 0.000116384 0.235008 3.42612e-005 
0.355615 0.361506 0.708402 0.3527 0.35155 
8.13955e-005 0.805183 9.16771e-005 0.266995 0.533691 
0.578657 0.00100338 0.578069 0.000486485 0.578183 
9.41205e-006 0.536029 0.802612 1.28582e-005 0.268166 
0.000365288 0.000168778 0.983228 9.55259e-005 0.195724 
0.238384 0.000823343 0.948405 7.78357e-005 0.2359 
3.43118e-005 0.269089 0.801321 7.93659e-005 0.53629 
0.319088 6.79347e-005 0.316686 0.637653 0.631416 
1.24552e-006 0.000148088 5.55469e-005 0.196913 0.982061 
0.446506 7.21915e-005 1.027e-005 0.896447 2.29672e-006 
0.318782 0.316828 0.00230363 0.634459 0.632802 
0.000380451 0.984764 2.54683e-005 0.197683 0.000245311 
0.000315924 0.288593 0.287369 0.86877 0.288005 
0.270598 0.000263297 0.80557 5.02274e-006 0.540528 
0.805524 7.14118e-005 0.265213 0.53502 0.000174351 
0.633779 0.634382 6.21031e-005 0.316286 0.315684 
0.535817 0.804231 0.26582 8.9385e-006 0.00182649 
0.000546663 0.805933 0.257175 3.07997e-006 0.535716 
1.58946e-005 0.53585 0.266876 0.805152 4.23067e-005 
8.01806e-010 1.20958e-007 1.00097 5.03778e-007 4.48764e-008 
6.86578e-005 0.53772 1.01916e-006 0.80922 0.267923 
1.21612e-005 0.292715 0.291209 0.291733 0.866482 
9.20568e-005 0.197993 1.04979e-005 0.984847 3.51713e-005 
0.944193 0.236228 0.236538 3.22352e-005 3.99487e-006 
0.876105 0.291509 0.291363 0.291384 1.0032e-005 
0.320706 0.319048 0.632941 0.633092 0.000100297 
0.000626149 0.000632913 0.707542 0.70896 3.64213e-005 
0.000444231 0.949357 0.237027 0.237078 1.50089e-005 
0.265713 0.534651 0.805178 1.50161e-005 3.0386e-005 
0.320418 0.635305 0.317116 0.634763 1.52304e-006 
0.000295331 0.803963 2.87185e-005 0.534 0.267975 
0.271303 0.536999 5.63742e-005 0.00119256 0.803662 
0.291425 0.000755455 0.289748 0.29036 0.866863 
4.91944e-008 2.68086e-010 9.88261e-008 1.69945e-005 1.00073 
3.14403e-005 1.1389e-007 3.46983e-007 0.981957 0.195728 
0.709231 2.8406e-005 6.58948e-006 0.71005 2.30152e-006 
0.237287 9.447e-005 0.947487 0.237787 2.7368e-005 
0.635225 2.43577e-005 0.315529 0.318493 0.633183 
0.000810882 0.235928 3.29967e-006 0.945452 0.235498 
1.83202e-006 4.8232e-007 0.196841 3.73086e-005 0.981743 
0.316939 0.631013 5.29731e-005 0.320462 0.63535 
0.317442 0.319594 0.632581 6.71919e-005 0.634051 
4.60594e-006 0.982546 0.194647 5.2094e-007 3.49676e-005 
0.896132 6.14211e-005 2.26679e-005 0.44971 4.79372e-005 
0.270482 7.6907e-005 2.59813e-005 0.806749 0.536325 
0.265828 0.000145668 0.529638 0.808896 2.47149e-005 
0.236643 1.21746e-006 8.20717e-005 0.237194 0.944504 
0.707494 0.709293 1.61256e-005 1.49123e-005 0.000498411 
0.000257021 3.19085e-006 0.261899 0.805392 0.534924 
0.290866 0.873068 2.1077e-005 0.291276 0.292806 
6.91565e-005 2.08395e-007 0.236208 0.947535 0.235825 
0.538437 0.265824 0.000593008 5.351e-005 0.802282 
4.18602e-006 0.635574 0.319456 0.63748 0.318607 
0.000133596 0.317523 0.633095 0.32137 0.631751 
0.289121 0.000263301 0.290388 0.874031 0.278883 
0.986566 0.000130477 0.194945 4.10786e-005 3.55414e-005 
7.16628e-007 0.897162 3.4531e-005 2.61065e-005 0.44762 
0.269532 5.16115e-005 0.803959 0.537438 0.000373079 
0.537237 0.00104755 0.264387 7.0356e-005 0.802647 
0.899729 0.000143273 0.449876 8.9115e-006 4.14991e-005 
0.318532 0.00556295 0.634741 0.638673 0.321181 
0.575071 0.000137017 7.07465e-006 0.577015 0.584397 
1.28178e-005 0.318594 0.634769 0.638701 0.319364 
0.000251857 0.00011808 0.579901 0.581425 0.576886 
0.98273 6.7195e-005 2.42448e-005 0.196728 4.14495e-005 
0.709669 0.000342414 0.000409975 1.93066e-005 0.707557 
0.314393 0.636621 0.634831 3.41584e-005 0.312877 
0.196495 3.27388e-005 0.982222 2.82317e-005 7.59434e-005 
8.33365e-008 2.79347e-008 0.981332 0.197648 4.48793e-008 
5.71791e-005 0.581921 0.577312 0.577541 3.43895e-005 
2.95933e-006 1.47573e-006 0.945965 0.23516 0.232857 
0.24168 0.944368 0.000151945 7.34506e-005 0.228099 
0.194436 0.986146 0.00043199 3.16678e-005 3.0244e-005 
0.000280597 0.712597 1.83804e-005 2.07616e-005 0.711728 
0.537578 0.000682876 0.000564698 0.804717 0.265538 
0.867105 0.294528 0.000253577 0.289663 0.290084 
0.2662 0.537066 2.49618e-005 0.802854 9.39783e-005 
0.804807 0.000160785 0.268792 1.56987e-005 0.533574 
1.32026e-010 6.38167e-009 8.93802e-007 1.00356 5.17921e-007 
0.319374 0.00165905 0.632334 0.323533 0.628525 
1.47783e-005 4.61542e-005 5.56939e-007 0.896907 0.446697 
1.36301e-005 0.806706 0.533043 0.267334 0.000441188 
0.31784 0.635412 0.633116 0.318893 0.000210438 
0.869468 0.000138454 0.290116 0.289885 0.286033 
1.01906e-005 0.268507 3.71333e-005 0.535738 0.802457 
2.87478e-005 0.237182 1.00952e-005 0.237469 0.944021 
0.268901 0.808352 0.52748 9.69717e-006 0.000253058 
0.236135 5.4141e-005 0.236988 0.946037 3.88417e-005 
0.803396 0.537768 0.000758738 9.97095e-005 0.266823 
0.195899 2.35244e-006 8.15655e-006 0.982661 8.20488e-009 
0.71042 2.17731e-005 0.70638 1.54859e-006 3.30072e-005 
0.580453 0.000132555 0.577476 0.578537 1.42482e-005 
0.00164216 0.266959 0.803528 0.536377 1.95773e-006 
0.268107 0.802535 2.77001e-005 0.539686 0.000109188 
1.09933e-005 2.8014e-006 0.895819 0.449331 5.11719e-007 
0.000898178 2.03157e-005 0.450906 1.05174e-005 0.898241 
0.29308 0.288179 0.000142502 0.867725 0.290125 
4.20787e-005 1.00189 4.23186e-005 9.72321e-006 1.72187e-005 
0.268042 0.810995 0.000492604 4.17977e-005 0.539527 
0.000437031 0.708674 2.97754e-005 0.709191 2.09463e-005 
0.236279 0.000480169 2.18705e-006 0.946855 0.236547 
6.68609e-005 3.33972e-007 1.69767e-007 0.449311 0.896846 
0.53645 0.000143687 0.802747 0.268708 1.40017e-005 
0.23613 0.236396 1.33891e-005 0.000427433 0.944596 
0.237836 0.235923 0.949829 1.21637e-005 4.15332e-005 
0.000113435 0.581609 0.00202071 0.581448 0.57619 
0.237474 0.000406529 0.236696 1.80875e-005 0.943111 
7.11548e-005 0.636499 0.631451 0.315141 0.317004 
1.00349 3.51568e-006 4.1782e-005 2.85895e-005 4.19425e-006 
0.000274459 0.634844 0.314671 0.319847 0.63269 
0.000103537 0.708678 0.70772 8.87855e-006 0.000264334 
0.8097 0.000856813 6.84982e-006 0.2709 0.536818 
0.000150343 3.7659e-005 0.535682 0.268664 0.804534 
0.000294899 0.802121 0.537675 0.00253 0.265872 
0.233984 0.944412 0.236608 1.03511e-005 0.000251683 
1.08972e-006 0.896201 3.276e-005 0.448432 3.07791e-005 
0.000312792 7.06406e-006 0.709711 6.89173e-006 0.707598 
0.267439 7.18968e-005 1.13033e-005 0.5362 0.80235 
0.00273855 0.536054 0.268448 0.00117096 0.80605 
0.632932 0.314761 0.635653 0.317331 0.00011224 
0.291144 0.291452 0.867663 1.25819e-006 0.289838 
0.806778 0.270108 0.000234099 9.39806e-005 0.536819 
0.28955 0.28992 0.289744 5.37604e-005 0.868395 
0.925046 0.462744 1.2485e-005 8.93311e-005 3.61586e-005 
0.944154 0.000164203 0.235847 0.237279 0.00087578 
5.42997e-005 0.266808 0.532995 0.80437 1.48606e-005 
0.447411 0.896793 0.000838896 0.000507394 4.40485e-006 
0.810663 0.267573 0.535241 0.000454413 1.19848e-005 
0.710318 0.352258 0.351819 0.357077 0.354847 
0.317742 0.635217 0.642136 0.331848 0.00569783 
0.165347 5.56033e-006 0.992006 0.00077457 0.00253487 

