3.12199e-005 0.955029 0.00148063 0 0 0 0 0.408733 
0.019097 0.00118069 0.643059 0 0.02138 0.669865 0 0.51687 
2.20721e-005 0.676469 0.603018 0.000119613 0 2.33292e-005 0.0350239 0.592275 
0.633454 1.26128e-005 0 0.00375442 0 0.604602 0 0.51627 
1.23267e-012 2.84822e-008 3.95614e-013 4.5517e-010 1.83751e-012 5.82569e-011 1.06311 0 
0.655046 0.0695754 0.0540218 0.0749922 0.0336005 0.470495 0.639214 0.0119134 
6.69851e-005 0.944176 0.0044256 0.00992697 0 0 1.74492 0.0043916 
5.12746e-013 2.56017e-008 0.955368 0 0.420467 0.000474957 0 0 
0.118402 0.115682 0.117074 0.717324 0.69832 4.62752e-005 0.0776113 0.188438 
1.39433e-007 2.49042e-007 0 0 0.00108267 0.919352 0 0.45101 
2.35553e-008 4.8838e-009 0.897792 0 7.03317e-005 0 0.497001 0.0019287 
0.943204 0 0 0.000989841 0.000109864 0.390042 0 1.98644e-005 
0.157071 0.149946 0.155848 0.977028 0.0686262 0.00273445 0.0772009 0.205492 
0.940064 0 3.77801e-005 0.388612 0 0 0 0 
3.97785e-009 2.49139e-008 2.68603e-009 2.73014e-009 3.5215e-009 0.961388 0.468395 0.00978175 
0.755024 0.155836 0.617002 0.106148 0.00349745 0.0496014 0.0688406 0.202885 
6.01055e-009 1.69293e-008 0.67045 0.535088 0 0.559163 0 9.20144e-005 
5.16555e-006 5.6935e-006 5.71167e-005 0.571102 0.626015 0.607116 3.65433e-005 0.00051566 
0.971819 0 0.000694836 0 0 0.000650418 0.298154 0 
0.94036 0 0 0.004121 0.395723 0 0 0 
1.69044e-008 3.47138e-011 0.630883 6.48637e-005 0.587561 0 0.620854 0.0110601 
0.122778 0.122494 0.819937 0.600803 0.134103 0.0562405 0.0484367 0.0388486 
0.0611523 0.697984 0.498717 0.00225255 0.00173329 0 0.565552 0.0014624 
0.255211 0.237471 0.145891 0 0.706857 0.0379365 0.639407 0.029951 
0.00101202 0.434956 0.00774028 0.921747 0 0 0 0.00931228 
0.210238 0.195792 0.752114 0.0257327 0.671417 0.080029 0 0 
0.112252 0.79498 0.0552351 0.0865427 0.0227793 0.071445 0.654468 0.172442 
0.116321 1.00809 0.139338 0.0117671 0.181721 0.0619152 0.131352 0.0748934 
0.0846788 0.0658572 0.777102 0.0645007 0.0939819 0.0423121 0.120943 0.62451 
3.7995e-005 1.37397e-006 0.501153 0 0.0253902 0 0 0.88817 
0.518088 0.0330485 0.00809279 0.000510766 0 0.882279 0.0120222 0 
0.0286038 0.00152928 0.649715 0.0098439 0.82714 0 0.00764548 0 
0.000694677 5.75453e-008 0.646412 0.550853 0.558895 0 0.0109032 0.00455486 
4.97724e-013 1.85753e-005 0.645531 0.552192 1.70927e-005 0 0.00910634 0.598589 
0.979331 0 0.413652 0 0 0 0 0.000130235 
0.0919379 9.76675e-005 0.0129889 0.0665829 0.0157274 0.741006 0.677484 0.143181 
6.92411e-006 0.420375 0.965667 1.85688e-005 0 0 0.00271845 0 
0.77686 0.069028 0.0807409 0.146388 0.704862 0.0795154 0.110335 0.215444 
0.0936101 0.811808 0.0591188 0.112796 0.0846355 0.587243 0.0691909 0 
3.15134e-006 3.19673e-005 1.52619e-006 0.656083 0.613752 0.040645 0 0.613096 
0.0336227 0.684993 0 0.562716 0 0.579541 0 0.0103344 
1.28404e-008 2.10152e-008 1.16918e-009 2.05701e-009 0.923345 0 0 0.444395 
0.136395 5.39123e-005 0 0.0979094 0.0231112 0.724371 0.0524484 0.696918 
0.94344 7.79232e-005 0.00144059 0 0 0 0 0.414303 
0.701521 0.00056288 0.556877 0 0.0607142 0.00119647 0 0.478352 
0.00272927 0.00294624 0.00169365 0.00914847 0.000104773 0.458102 0.0101235 0.912578 
0.915432 0.454604 0 0.00461716 0.00044597 0.00330637 0 6.61111e-005 
8.12424e-005 0 5.95789e-009 0.908557 0 0.463318 0.0211066 0 
0.0288442 0.690173 0.000954935 0.654393 0 0.00527054 0.537749 0.00685229 
0.10749 0.757191 0.17729 0.586903 0.116186 0.0814763 0.0478784 0.223659 
0.000203234 6.45306e-006 0.000153664 0.000190092 0 5.00518e-005 0.899273 0.473971 
0.990718 0.105349 0.136134 0.00459459 0.06759 0.0130004 0.156214 0.090037 
4.25548e-009 1.65954e-008 0 3.16446e-009 0.650204 0.0016665 0.565123 0.621982 
0.187713 0.179198 0.111757 0.713889 0.0509742 0.00836504 0.0584683 0.696074 
0.000109999 0 0 0.926364 0.427261 0 0 0 
1.14367e-008 2.14294e-009 1.96464e-010 0.434313 0 0 0.000135364 0.947134 
0.695044 0.670569 0.386478 0 0 0.00699107 0 0 
0.407488 0.0317076 0.939001 1.93031e-005 0 0 0 0 
1.21314e-008 1.84896e-011 1.39784e-012 0.452751 2.54986e-005 0 0.739088 0.601779 
9.75184e-006 0.000298562 0.000133393 3.08521e-005 0.464249 1.86135e-005 0.904486 0 
0.0776891 0.660667 0 0.534099 0.006247 0 0 0.554886 
0.173595 0.150039 0.16459 0.735468 0.062933 0.139739 0.655034 0.0754874 
3.4078e-006 1.77822e-005 0.461046 0.979423 0 0.00254371 0 0 
1.57153e-009 0.00010158 4.01783e-005 0.917533 0 0.000972739 0.458043 0 
0.116218 0.110946 0.100575 0.692882 0.057323 0.740811 0.114631 0.119282 
0.178297 0.128084 0.0919514 0.17708 0.697591 0.105031 0 0.669908 
0.577867 0.552854 0 0.63825 0 0.0547853 0.10913 0 
0.526126 0 0 0 0.876629 0 0 0.00525307 
0.00642255 0.113527 0.000765033 0.499876 0.00755802 0.913257 0.000441833 0 
0.000102919 1.09548e-005 7.28408e-005 0.54762 0 0.0615321 0.899856 0 
2.72573e-008 0 1.9989e-012 1.01726 0 0 0 0 
0.111624 0.827506 0.0646655 0.0686593 0.100333 0.0451715 0.129839 0.548556 
4.90353e-011 0.00183003 1.17888e-005 0.000232543 0.913299 0.4542 0 0 
2.29796e-005 0.000119916 5.82393e-006 0 0.463678 0.904586 0 0 
0.720962 0.0778328 0 0.0261424 0.0264885 0 0.20395 0.681567 
0.0772698 0.66982 0 2.80212e-005 0.0691923 0.478811 0.607975 0.0120896 
2.61486e-008 4.3057e-009 1.61329e-009 2.71497e-009 5.37183e-009 0 2.55156e-010 1.01604 
0.0611057 0.6161 5.95325e-005 6.92723e-005 0.579239 0 0.62253 0.0845437 
0.0180464 0.0562018 0.793861 0.00238535 0.0271132 0.0594949 0.676307 0.149815 
0.0941257 0.0919635 0.10533 0.0847388 0.1076 0.0100695 0.717767 0.73753 
0.721964 0.467196 0 0 0.0103849 0.5677 0 0 
9.5652e-005 0.93575 0.00012888 0.000813908 0 0.404322 0 0 
1.15723e-008 2.47647e-008 0 0 1.02016 0 0 0 
0.557254 0 0 0.851004 0 0 0 0 
3.86096e-005 4.26953e-007 0.578729 8.51139e-005 0 0.593778 0.588212 0.00241546 
2.54818e-008 0.950993 0.000519505 0 0.418477 0 0 0 
0.164249 0.0174656 1.00338 0.0863285 0.0512135 0.000458239 0.158368 0.153786 
2.19061e-008 1.17604e-008 0.927913 0 0 0.444023 0.000267419 0.00531613 
3.80433e-006 0.104556 0 0.460177 0 0.686907 0.0335964 0.598431 
0.0155889 0.115587 0.0090579 0.539345 0.0451416 0.570235 0.648734 0 
0.176573 0.168563 0.174333 0.0322645 0.96484 0.00274298 0.0748841 0.178234 
2.15345e-005 0.65999 0.588328 4.6788e-005 0 0.625269 0.0241065 0 
0.765859 0.188358 0.0595865 0.586025 0.156491 0.070246 0 0.171031 
0.000342965 8.08439e-007 5.33805e-005 0.000103031 0.903842 0 0.474187 0 
6.23359e-005 0 0 0.524967 0.874708 0 0 0 
0.481464 0.00034731 0.0198171 0.00506176 0.0197202 0.000114264 0.896355 0 
1.95046e-008 0.727922 0 0 0 0.508117 0 0.49526 
0.190641 0.20759 0.0316399 0.00180786 0.0713392 0.106029 0.971562 0 
0.132221 0.0140599 0.807746 0.162339 0.0418804 0.592227 0.158735 0.154065 
3.09908e-008 1.15659 0 0 0 0 0 0 
0.142761 0.0156057 1.55748e-005 0.536172 0.542879 0.000138252 0.657224 0 
1.04977e-008 1.1578e-008 0.583265 1.66005e-006 0.640355 0.620681 0 0.00158954 
0.72239 0.690388 0.000331173 0 5.97711e-005 4.61363e-005 0 0.39526 
1.33018e-008 1.24757e-009 0.498609 0 0 0.890704 0.00943862 0 
8.51228e-009 1.47044e-008 1.1877e-009 0 0.635644 0.663408 0 0.436623 
0.661863 0.0630579 0.0456744 0.00456713 0.532864 0.616713 0 0 
0.000131476 0.000125663 7.48192e-007 0.973118 0 0 0 0.384994 
0.821379 0.0021937 0 0.51204 0.442171 0.0183561 0.00442826 0 
0.677371 0.670382 0.0232435 0 0.419539 0 0.0351436 0.0321178 
0.701725 0 0.00773382 0.000210515 0.620792 0.0557578 0.00143461 0.512286 
0.0818054 0.660816 0.046485 0.0727333 0.536864 0.549363 0.0736388 0.0343465 
0.0117954 0.0266567 9.2281e-007 0 1.24168e-005 0.624903 0.539386 0.601862 
0.499591 0.0528044 0.004498 0.738208 0 0.497204 0 0.00258937 
0.0499675 0.645562 0 0.000451164 0.0362979 0 0.589586 0.601707 
2.97365e-009 0.110978 0.00705759 0.0708358 0.129308 0.00442316 0.156387 0.988026 
0.00582144 0.503276 0.0041431 2.41453e-005 0 0.896513 0.000789038 0.000101799 
5.91398e-005 6.492e-006 0.656569 0.621988 0 0.000205084 0.521607 0.0175477 
0.0742993 0.631663 0 0.000546679 0.595037 0.0392808 0 0.594368 
0.791493 0.0870432 0.0479454 0.0817239 0.10411 0 0.619012 0.112071 
1.27771e-008 0.47685 0.00532856 0.00487221 0.913465 0.00214879 0.00404916 0.000702872 
0.212625 0.0153977 0.0892167 0.0230938 0.546628 0.577244 0.614008 0.030096 
0.602226 0.0331159 0.0117618 6.20227e-005 0.561826 0.0674712 0.595646 0.0106111 
6.53287e-008 0.451892 0.00505263 0 0 0.000938826 0 0.94568 
1.31048e-006 0.0184716 0.508137 0.00534597 0 0 0.939908 0.00236543 
0.645489 0 0.662033 0 0.42228 0 0.000957008 0.0600793 
0.000151066 0.0241892 0.019789 0.000169264 1.79474e-006 0.475428 0.90434 0.00193835 
0.000950335 0.944435 0.0227425 0.408943 0 0.000345345 3.50963e-005 0.00939955 
8.6583e-008 0.0020006 0.950877 0.475791 0 0 0 0 
0.420835 0.0152182 0 0 0.0170065 0 0 0.928375 
0.631897 0.0310399 0 0.584903 0 0.000651273 0.605466 0 
0.119706 0.749724 0.053005 0.0818649 0.711123 0.0779759 0.0965924 0 
1.74314e-008 2.92529e-011 0.650549 0 0 0 0.550858 0.64199 
0.608259 0.0413705 0.00658366 0.558692 0.00280018 0.11458 0 0.585088 
1.93879e-008 0.723567 0.519307 0.489991 0 0.000964106 0 0 
0.11081 0.0554043 0.0176142 0.0898261 0.0176376 0.996134 0.0710951 0.143181 
0.696481 0 0.495743 0 0 0 0.561493 0 
7.09893e-005 0.976841 0.00361325 4.63873e-005 0 0 0.419557 0.00181302 
0.000226866 0.000901449 0.928299 0 0 0.00272273 0 0.421387 
2.45573e-008 1.21225e-008 1.8361e-010 1.63663e-010 1.19499e-011 1.02212 0 0 
0.13646 0 1.96536e-006 0.00139557 0.453955 0 0.00981007 0.903828 
0.212455 0.0398085 0.00238258 0.0232216 0 0 0.365438 0.927304 
0.626574 0.0141881 0 0.0004367 0.0351341 0 0.611675 0.601708 
0.745213 0.693978 0.139822 0.00315263 0.0350152 0.0768254 0.130313 0.150421 
0.431874 0.924212 0.000406517 0 0 0 0 0 
1.21527 0 0 0 0 0 0 0 
0.5829 4.35058e-005 0.643665 0.0274465 0 0.555442 0.0282439 0 
9.4699e-013 2.90235e-008 1.08317 0 0 0 0 0 
0.791505 0.0841655 0.10876 0.159296 0.0555073 0.573588 0.155206 0.15064 
0.000231558 0.550095 0.647507 0 0.559121 0.0118027 0.0900532 0.00461213 
2.53517e-008 0.946138 0.407107 0.00348534 0 1.8516e-005 0 0 
0.694122 0.0247066 0.510505 0.54372 0.0199905 0.121794 0 0 
0.0952004 0.00296772 0.713998 0.000216081 0.637243 0.0575185 5.88935e-005 0.525853 
0.13701 0.187737 0.0972736 0.130034 0.666707 0.704237 0.0707974 0.16358 
0.0952084 0.817504 0.589329 0.0653917 0.0687243 0.0015138 0.0280063 0.157782 
0.595209 0.567138 0 0 0 0 0.60396 0.00446472 
0.0608995 0.617767 0.0501033 0.457706 0.722848 0.0107178 0 0.0626869 

