0.0939189 0.0070615 0.403063 
0.350946 0.00467545 0.148824 
0.0662473 0.276468 0.161196 
0.00109415 0.317091 0.184232 
0.110196 0.271245 0.120959 
0.00032148 0.129819 0.372649 
0.0904687 0.0692651 0.34319 
0.205041 0.123232 0.17328 
0 0 0.502488 
0.129745 0.34461 0.0276353 
0.31695 0.117692 0.0675483 
0.171437 0.305392 0.0268613 
0.0311122 0.390109 0.0818503 
0.000885009 0.188839 0.313957 
0.244478 0.258161 8.15453e-006 
0.33187 0.0629045 0.107133 
0.336059 0.165815 1.19574e-005 
0.000140844 0.455784 0.0477874 
0.0940023 0.407856 0.000482738 
0.0644853 0.383939 0.0546429 
0.0318189 0.416439 0.0547779 
0.391572 2.08452e-005 0.111945 
0.0478901 0.130431 0.324485 
0.429214 0.00183221 0.0712765 
0.0376645 0.276475 0.189083 
0.287742 0.215058 0.000346535 
0.18508 0.222272 0.0957183 
0.295843 0.0616362 0.144911 
0.13303 0.0675489 0.301722 
0.0367571 0.35145 0.115301 
0.213274 0.0723721 0.217926 
0.124072 0.126765 0.25183 
6.06997e-011 0.877191 7.02598e-011 
0.209925 0.260815 0.0315331 
0.153804 0.177295 0.172132 
0.0484482 0.0162666 0.438329 
0.218697 0.219417 0.0638566 
0.112279 0.229556 0.161178 
0.250161 0.22618 0.0265656 
0.140129 0.00207959 0.358495 
0.269934 0.00385071 0.229014 
0.104607 0.310425 0.0875976 
0.267893 0.171195 0.0635521 
0.242824 0.122018 0.137119 
0.0818216 0.178699 0.242862 
0.202258 0.300269 0.000389838 
0.101018 0.346136 0.0553533 
8.45366e-007 0.421392 0.081128 
0.354169 0.115844 0.0319676 
0.282663 0.121423 0.0998259 
0.298704 0.168008 0.0363394 
0.256951 0.0641382 0.181483 
0.0277824 0.449933 0.0229508 
0.000170139 0.390581 0.111531 
0.0657058 0.412605 0.0266754 
0.178911 0.265069 0.0624893 
0.311809 0.000903446 0.190207 
2.58493e-012 0.232972 0.268887 
0.000830944 0.477192 0.0246009 
0.126392 0.375587 0.000641287 
0.0472783 0.0719812 0.384403 
0.000155338 0.356604 0.145517 
0.372207 0.0602462 0.0710528 
0.066503 0.350567 0.0865593 
0.0946973 0.381874 0.0270084 
0.185139 0.0018915 0.314455 
0.0862954 0.121894 0.294367 
0.138427 0.269061 0.095539 
0.232295 0.172078 0.0981628 
0.0706168 0.315024 0.118175 
0.150906 0.225746 0.126072 
0.163222 0.339473 0.00035908 
0.386158 0.115665 7.68747e-006 
0.0394835 0.234356 0.228693 
0.000361391 0.278293 0.22408 
0.00848248 0.0622653 0.430942 
0.586744 1.02249e-009 1.1613e-008 
0.120506 0.178264 0.203991 
0.166243 0.0790699 0.256925 
0.172195 0.124034 0.206802 
0.0355538 0.317893 0.150989 
0.0289519 0.473972 0.000266139 
0.44394 0.0594475 0.000244815 
0.408635 0.0627585 0.0321349 
0.139357 0.305226 0.0565484 
0.0798236 0.22776 0.195076 
0.226067 0.00335688 0.271356 
0.0364523 0.187342 0.279916 
0.191935 0.179592 0.131778 
0.46513 0.000740509 0.0367532 
0.0587888 0.442611 0.000358378 
0.103114 0.00134118 0.399738 

