0.134643 0.0666163 0.715249 0.752553 0.204733 0.145353 0.0179991 0.00911142 
2.53834e-008 3.90966e-009 0.958494 0 0 0.467515 0 1.61917e-005 
0.531475 0.146937 0.156159 0.0138456 0.681815 0.580535 0.201839 0.111651 
0.190312 0 1.30122e-005 0.000172132 0.402503 0.755343 0.602665 0.0510073 
0.825863 0 0.449947 0.00331363 0 0.00353029 0.527189 0 
0.121549 0.00854042 0.598505 0.646999 0 0 0.61067 0 
1.85103e-008 0.690813 0.0103014 0 0.805489 0.00123175 0.00157832 0.00314365 
0.926139 0.00058589 0.0154588 0 0.368193 0 0.28548 0.00266176 
3.90291e-016 1.17645e-016 1.52132e-008 0.567766 0.022643 0.918348 0.0402605 0 
1.96213e-008 0.732278 5.96606e-005 0 0 0 0.847374 0.0298671 
2.85138e-008 0 0 0 1.21874e-012 1.06415 0 0 
6.96673e-005 2.00299e-005 0 0.499009 0.953315 0 0 0.000139392 
2.24561e-008 0.838075 0.357566 9.8101e-005 0.533621 6.90612e-005 0 0 
2.21001e-008 0 1.20406e-008 6.27511e-011 0.939258 0.00195483 0.526498 0 
0.000272071 0.000302427 0.963808 0 0 0.00077731 0.439641 0 
0.407391 0.202411 0.92425 0.0964836 0.0288308 0.0490027 0.184695 0.0965093 
0.900092 0.0846602 0.425109 0.344895 0.00518965 0 0.019488 0.00575177 
0.0379759 0.807007 0 0 0 0 0.484709 0.485565 
1.07773 0.000266301 0.00205871 0.279589 0 0 0 0 
2.88544e-008 1.19487e-010 7.76043e-010 1.16107e-011 0 0 1.07726 0 
8.19866e-005 0 0.671607 0.624794 0 0.00396136 0 0.452793 
0.00207875 0.0038508 0.474666 0.00751049 1.00603 0 0 0.0198016 
7.38179e-005 4.87916e-009 0.604691 1.44058e-005 0 0.00261139 0.580203 0.58667 
6.81297e-009 1.36127e-008 0.56811 0.000607953 0.0234477 0.918956 0 0 
0.0351355 0.885858 0 0.439138 0.000492039 0.00796816 0.435704 0.00249459 
1.87655e-010 9.10527e-010 4.3611e-010 2.53357e-008 0.94632 0 0 0.470833 
2.1183e-008 0.79056 0.480282 0.0182282 0.00249971 0.0378384 0 0.509896 
0.00163492 0.00025027 0.000408084 0.000235593 0.000166795 0.944451 0 0.476877 
0.000743552 0.748804 0.00558597 0.00119752 0 0.498576 0 0.558669 
0.00326052 2.44511e-005 0.643794 0 0 0.657373 0.622711 0 
1.98466e-008 1.73227e-008 5.47215e-010 0.983354 0 0 0 0.469211 
0.990581 0.0132903 0.291779 0.00444328 0.297288 0 7.88123e-005 0.0799587 
0.966057 0.132369 0 0 0.333515 0.00107805 0.0221442 0.34827 
0.676567 0 0.0677137 0.119132 0.110862 0 0.519118 0.605189 
0.825416 0.62683 0 0 0 0 0 0.35066 
4.77123e-016 1.78065e-008 0 0.664548 0 0.627116 0.615308 0.000439351 
2.7447e-008 0 0 6.83861e-009 0 1.47392e-009 2.4595e-012 1.05708 
0.327011 0.162449 0.741869 0.0774447 0.0232051 0.0804087 0.691311 0.0993756 
0.00119569 1.93828e-006 1.00526 0 0.477378 0 0 0 
0.569174 0.0765633 0.146212 0.11133 0.0508414 0.094254 0.871281 0.0182834 
3.17868e-008 0.720233 0.636017 0.5661 0 0 0 0 
0.915121 0.0111237 0.529026 0 0 0.00111011 0.00432617 0 
1.10403e-008 9.63192e-009 1.91791e-009 1.42066e-010 1.17422e-008 0.7044 0.534568 0.6358 
0.000877889 0.00548394 0.0255276 0.644569 0.0910277 0.656808 0 0.46026 
0.0529542 1.02699 0 0 0.351734 0.00113694 0 6.26139e-005 
0.0661332 0 0.0794018 0.705861 0.624107 0.00409335 0 0.46788 
0.71512 0.84798 0 0.00391826 0.0212639 0.00206587 0.000486422 0 
0.0331465 0.790803 0.0189685 0.00784331 0.553354 0 0 0.488166 
0.978432 0.000280896 0.0622881 0 0.0782505 0.022157 0 0.469348 
2.77102e-010 2.38334e-008 7.3222e-011 1.31308e-008 1.01559 0.443626 0 0 
0.347801 0.127394 0.0612912 0.0354976 0.0516754 0.643815 0.725108 0.173727 
2.62299e-008 0 0.978912 0 0 0 0 0.483852 
0.166759 0.903459 0.513019 0.0295645 0.0854853 0 0.0503308 0 
0.00838206 0.000722862 0.386573 0 0 4.45016e-005 0.9595 0 
1.90308e-006 0.000231523 2.12631e-006 0.989977 0 0 0.425585 0 
0.113674 0.0562335 0.60384 0.618086 0.000760768 0.633401 0 0.0090584 
0.132604 0.935905 0 0.0907854 0.00109955 0.0427038 0.459781 0.0900479 
1.40811e-006 1.04177 8.48758e-005 0 0 0 0.341841 0.0027841 
0.166768 0.903349 0.444415 0 9.88057e-005 0.00959672 0.380048 0 
1.0031 0 0 0.00355711 0 0.377824 0 0 
0.534831 0.0281903 0.156688 0.0134814 0.66388 0.000556645 0.642603 0.151512 
0.34708 0.373955 0.144473 0.607458 0.11916 0.677941 0.0196079 0.118908 
0.00695653 0.695018 0.79559 0 0 0 0.000963325 0 
0.407431 0.548322 0.193361 0.813317 0.147928 0 0.0201535 0.122216 
0.017473 0.0195953 5.84924e-007 0.000632973 0.51904 0.00050234 0 1.00737 
0.927459 0 0.0003051 0.152651 0.00279821 0.140313 0.460829 0 
0.470845 0.276694 0.0720132 0.658012 0 0.048333 0.662789 0.121106 
0.947401 0.179546 0.0372342 0.0357152 0.407571 0.0732784 0.0322976 0.138553 
0.0115339 0 0 0.000532849 0.00149211 0.489855 0.966045 0 
0.103174 0.728189 0 0 0 0.80221 0 0.00274647 
1.05892 0.336034 0.00266115 0.000132911 0.00898276 0.000134422 1.71852e-005 0 
0.238218 0.832995 0.109563 0.195605 0.528366 0 0.130204 0.137513 
1.23645e-008 1.37441e-008 0.689957 0 0 0.0255354 0 0.845592 
1.28812e-008 4.00179e-009 3.96799e-009 0.524727 0 0 0 1.03143 
0.080856 1.07545 0.00206016 0.279997 0 0 0 0 
0.523296 0.258906 0.256479 0.656626 0.639761 0.114526 0 0.00948114 
4.00221e-016 1.49365e-008 0.557437 0 0.649899 0.661888 0 0.0327018 
0.959274 0 0.137592 0.047941 0.0509687 0.426673 0.121244 0.140245 
0.756305 0.626581 0 0 0 0.39366 0 0 
0.924393 0.0179996 0.0539349 0.32566 0.39015 0 0 0 
2.37609 0 0 0 0 0 0 0 
0.8932 0.533636 7.03018e-005 0.365825 0.00170684 0 0 4.19455e-005 
1.89496e-005 2.54247e-007 6.2343e-009 3.11922e-006 5.71776e-008 0.949407 0.463025 0 
2.75146e-008 1.02686 0.00512394 0 0 0.228926 0 0 
0.0288686 0.0371872 0.0212195 0.00126891 0.500566 0 0.953083 0 
2.14831e-008 0.80176 0.442938 0.00311803 0 0.609876 0.00702641 0 
0.0363772 0.794024 0 0.4936 0 0 0 0.551324 
0.029448 1.04955 0.018109 0.0780335 0.00140431 0.0608933 0.0521451 0.0901232 
0.484875 0.177601 0.0298002 0.0488844 0.0711929 0.886893 0.16133 0.175248 
0.616545 0.0466669 0.549142 0.117945 0.0106838 0.0809905 0.108221 0.707171 
0.449752 0.000713516 0.539994 0.816736 0 0 0.000554555 0 
1.01945 0.175769 0.0399459 0.0382852 0.00814494 0.0724301 0.0319237 0.136949 
0.00118611 0 0.691602 1.64763e-005 0.648195 0.00409345 0 0.467891 
0.75668 0.101716 0.00707825 0.71033 0 0.00450358 0 0 
0.98488 0 0 0.345894 0 0.350046 2.50322e-005 0 
4.48692e-009 1.11987e-008 5.19955e-009 0.490277 0 0 0.929907 0 
0.0202046 0.807037 0.000192773 0.0244498 0.432865 0.531605 0 0 
0.158889 0.86251 0.0113452 0.575612 0.0923878 0 0.0703165 0.0619019 
1.05407 0.00199691 0.0274916 0 0.304761 0.000119559 0 0.000602842 
0.784291 0.00178002 0.00903176 0.0169972 0.737104 0 0 0 
0.000222137 1.01403 0.299412 0 0 0.00125758 0.00208282 0 
0.958876 0.00442307 0 0 0 0.00140243 0.307468 0.330528 
0.00333192 0.0345328 0.728323 0.109557 0.743072 0.107374 0.0577869 0.0962566 
2.91001e-008 3.04583e-009 1.09196 0 0 0 0 0 
0.226922 0.08825 0.218733 0.0653146 1.04331 0.130209 0.0706706 0.0870332 
0.746861 0.000458647 2.08762e-005 0 0 0.77767 0 0 
0.0552726 0.69314 2.73276e-005 0 0.000926015 0.00914247 0 0.850914 
7.52765e-009 8.02562e-009 1.40508e-008 0.666043 0.529103 0 0.657498 0.0776161 
0.179564 0.969768 0.141638 0.0892353 0.104421 0.438451 0.062652 0 
0.230579 0 0.000389713 0 0.488679 0.917131 0 0.00151365 
7.77072e-005 3.62458e-005 0.00189473 0.955844 0.463178 0.000178013 0.00197759 0 
1.01738 0.00513608 0 5.72211e-005 0 0.00692527 0.285695 0 
2.24116e-009 2.98093e-008 5.71034e-011 1.11564 0 0 0 0 
1.54115e-008 0.575164 4.41622e-005 0.912602 0 0 0 0.0030866 
0.832999 0.582251 0.409377 0 0 0 0 0 
1.0032 0 0 0.00775018 0.00133604 0.311248 0 0.291047 
0.791247 0 0.480699 0.018244 0.00250188 0 0 0.509913 
0.557491 0 0.389509 0.00239616 0.649619 0.000158488 0.527188 0 
0.989537 0.060666 0.278853 0.0148143 0 0.234293 0 0.000912782 
9.14041e-009 7.97763e-009 1.17138e-008 0.629384 0.0110562 0 0.610272 0.604814 
4.77584e-008 1.78237 0 0 0 0 0 0 
6.33692e-009 1.75754e-008 0.697256 0.000102959 0.000673858 0.608271 0 0.456648 
1.02914e-012 2.33143e-012 4.516e-013 1.82787e-008 0 1.92594e-008 0.990953 0.50747 
5.62271e-007 3.10145e-006 1.4488e-005 0.000365821 0.642814 0.664954 0 0.460158 
0.916 0.517279 0 0 0 0 0.345611 0 
0.961971 0 0.000138706 0.00126315 0 0.394505 0.319474 0 
0.0788323 0.863303 0 0.452157 0 0.413368 0.00129114 0 
0.16319 0.882912 0.055105 0.136304 0.115282 0.142097 0.0589146 0.499668 
2.9346e-008 1.09521 0.0141676 0.00974567 0 0 0.000997855 0.288117 
0.0187349 0.218682 0.00466584 0.542944 0.697531 0.531495 0.0597442 0 
1.23963e-008 0 0 8.36179e-012 0 2.4275e-009 0.471424 0.956204 
0.955755 0.00482499 0 0.352742 0.00157665 0.00693475 0.286087 4.02457e-005 
1.02706 0 0.251301 0 0 0 0.0020283 0 
0.0462647 0.740173 0 0 0 0.513714 0.541263 0.091706 
0.84434 0 0.0140942 0.00294459 0 0.00541444 0.666023 0 
0.0233974 0.0204126 0 5.97248e-005 0.642706 0 0.624634 0.627786 
0.908006 0.353145 0.407881 0.00442229 0.170479 0 0.127263 0.0848368 
0.00479809 0.000283425 0.949043 0.465342 0 0 0 0 
0.0435273 0.00949084 0.000522584 0.961887 0 0.434886 0 0 
0.627978 0.230253 0.0321234 0.603847 0.124653 0.14617 0.00975878 0.530646 
0.896401 0 0.0244632 0 0.313162 0.401073 0 0.0135015 
0.00263141 0.809725 0 3.57714e-005 0.500648 0.00766734 0.533644 0 
2.51513e-008 1.16088e-008 9.03705e-009 5.49233e-010 1.08764 0 0 0 
0.00130687 0.716316 0.00658613 0.549067 0.555527 0 0 0 
0.933694 0.0551536 0.160723 0.46533 0 0 0.0078009 0 
0.417808 0.234991 0.0809431 0.0459652 0.0136443 0.806867 0.168122 0.515705 
0.95291 0.0997358 0.00712357 0.260502 0 0.00265826 0.0294396 0.359859 
0.958126 0.447074 0.0174792 0 0.25703 0 0.015373 0.0153022 
0.0102186 3.81014e-005 0.751329 0.53306 0.546684 0.000164564 0 0 
1.00035 0.0148924 0.0074177 0.031842 0 0.0349239 0.0313117 0.26296 
0.161692 0.14297 0.0582398 0.0467751 0.133895 0.0955045 0.0916455 0.99071 
0.855465 0.607486 0.0180962 0.0777218 0.00140329 0.0531464 0.0522308 0.102558 
0.921649 0 0 0.000264484 0 0.00048837 0 0.580999 
0.754391 0.535712 0.0159582 0.068539 0.152867 0.0474989 0.00178922 0.486443 
0.584249 0 0.419505 0.00253419 0.687038 0.000165456 0.416045 0 
0.836233 0.0042216 0.00805913 0.308644 0.0178671 0.00606902 0.250372 0.512014 

