0.833852 -0.640626 
0.0833612 0.672007 
0.206565 0.505582 
0.840354 -0.717274 
0.424104 0.0592688 
0.827409 -0.534793 
0.216526 0.430197 
0.190556 0.621672 
0.220748 0.39919 
0.0698378 0.682688 
0.235374 0.307053 
0.84254 -0.735545 
0.196595 0.580628 
0.452706 -0.122046 
0.247205 0.25935 
0.851564 -0.771772 
0.240812 0.281719 
0.618745 -0.126707 
0.201616 0.543144 
0.00809871 0.911612 
0.824905 -0.48769 
0.643784 -0.431803 
0.0317395 0.799427 
0.628365 -0.279456 
0.624979 -0.229483 
0.835293 -0.6601 
0.636078 -0.370601 
0.622261 -0.182692 
0.826166 -0.512231 
0.638324 -0.393393 
0.438744 -0.0708544 
0.409391 0.243574 
0.838505 -0.698111 
0.0240316 0.832008 
0.64079 -0.412645 
0.828563 -0.555765 
0.0469376 0.740861 
0.447441 -0.112153 
0.633927 -0.349127 
0.039203 0.768701 
0.426749 0.0329696 
0.230908 0.331428 
0.41389 0.18346 
0.184803 0.658042 
0.435267 -0.0467516 
0.831095 -0.598419 
0.623703 -0.20558 
0.416449 0.151819 
0.411404 0.216475 
0.44263 -0.0928988 
0.421407 0.0901821 
0.620286 -0.154656 
0.429442 0.00435711 
0.823779 -0.465065 
0.211556 0.467079 
0.630285 -0.305166 
0.845456 -0.754274 
4.38878e-008 1.0031 
0.254917 0.246364 
0.631964 -0.326213 
0.832517 -0.621 
0.0617476 0.696431 
0.43237 -0.0228252 
0.0163073 0.867787 
0.836823 -0.678577 
0.419062 0.119207 
0.626876 -0.255101 
0.0539107 0.717588 
0.829869 -0.577955 
0.077919 0.674972 
0.6485 -0.451208 
0.225372 0.365599 
0.637913 -0.388533 
0.620148 -0.139765 
0.231805 0.325251 
0.228475 0.35919 
0.00868155 0.908186 
0.253246 0.247707 
0.624203 -0.218188 
0.824792 -0.473578 
0.236111 0.301536 
0.42447 0.0569898 
0.0157383 0.873849 
0.0517268 0.734554 
0.631766 -0.323446 
0.650055 -0.453913 
0.417346 0.142242 
0.83521 -0.658439 
0.640955 -0.413518 
0.208372 0.494617 
0.434838 -0.0267191 
0.0390427 0.769088 
0.0259989 0.822664 
0.216651 0.429641 
0.437152 -0.0587443 
0.0469474 0.740311 
0.443931 -0.0997195 
0.624327 -0.219644 
0.645456 -0.438133 
0.203709 0.528434 

