0.169686 0.206416 0.125235 
0.250481 0.0828144 0.167766 
0.124941 0.0407116 0.335428 
0.251505 0.207869 0.0416387 
0.125916 0.375594 3.51249e-006 
0.377299 0.0822506 0.0419858 
0.333952 0.0421491 0.125235 
0.45862 0.0423735 3.23843e-008 
4.3534e-005 0.042287 0.45907 
0.125001 0.0836425 0.292925 
0.0413683 0.418677 0.041708 
0.000261002 0.166982 0.333746 
0.166559 0.0423885 0.292087 
0.376154 9.92179e-006 0.125305 
0.083642 0.125171 0.292585 
0.042111 0.333844 0.12521 
0.0420581 0.375845 0.0835517 
0.0842194 0.0836253 0.334124 
0.292457 0.125287 0.0835232 
0.167348 0.334019 8.69364e-005 
0.167339 0.29182 0.0418947 
0.0825934 0.418407 1.25765e-005 
6.04471e-005 0.333995 0.16736 
4.64426e-005 0.208763 0.292596 
0.0421448 0.0837867 0.375123 
0.250814 0.0427736 0.207533 
0.25328 0.165735 0.0824309 
0.167117 0.0836644 0.250694 
3.78161e-005 0.250837 0.25117 
0.0832186 0.0401753 0.37758 
0.0823935 0.335128 0.0835425 
0.377551 0.0397956 0.084061 
1.1189e-005 0.459378 0.0417982 
0.208231 0.251156 0.0416398 
0.165591 0.126856 0.208686 
0.334848 0.16639 9.18676e-005 
0.12573 0.249077 0.126251 
7.29123e-009 0.501028 1.07641e-011 
0.0415381 0.252459 0.207484 
0.295061 0.0386893 0.167673 
0.335015 0.124787 0.0416444 
0.0422008 0.125677 0.333306 
0.0419902 0.292394 0.166714 
0.292665 0.0836376 0.125199 
0.167791 0.250197 0.0834374 
0.0421255 0.166357 0.292716 
0.0838084 0.376184 0.0410184 
0.209009 9.45084e-005 0.292317 
5.11397e-007 0.125013 0.37639 
0.125618 0.166754 0.208843 
0.083751 5.67775e-006 0.417445 
0.0424761 0.040743 0.417852 
0.334205 8.76411e-006 0.167291 
0.209759 0.0846168 0.207081 
0.125344 0.208021 0.168292 
2.04535e-016 6.75391e-019 0.501394 
0.377154 0.125775 4.60732e-006 
0.334286 0.0835996 0.0835297 
0.208743 0.2081 0.0841476 
0.168785 3.11624e-011 0.33314 
5.47006e-009 0.375884 0.125187 
0.41831 0.0827157 1.28617e-007 
0.0829807 0.167115 0.251291 
0.0840335 0.208606 0.208823 
0.417281 1.04364e-005 0.0838104 
7.62239e-005 0.29223 0.208796 
0.251083 0.124669 0.12572 
0.129178 0.330809 0.0410818 
0.459405 1.149e-005 0.0416488 
0.250739 0.000232392 0.250161 
0.000108968 0.417768 0.0835434 
0.167157 0.166876 0.167348 
0.209478 0.291895 7.93103e-006 
0.295797 0.205258 3.23883e-008 
0.292379 0.166954 0.0419271 
0.0420696 7.76722e-012 0.460077 
0.207844 0.168145 0.125108 
0.125892 0.000135257 0.375407 
0.000358283 0.083591 0.417558 
0.502137 9.27084e-011 5.43909e-009 
0.041647 0.208596 0.250858 
0.0843845 0.25016 0.166578 
0.125852 0.292665 0.0824669 
0.250988 0.250445 1.2058e-006 
0.0424967 0.45854 1.62894e-007 
0.125367 0.125209 0.250876 
0.084154 0.291366 0.125643 
0.209946 0.124075 0.167342 
0.208384 0.0436016 0.24954 
0.293193 0.000796956 0.207479 
0.417548 0.0418923 0.0416584 
0.040824 0.207149 0.253473 

