0.628567 0.0602164 1.47535 0 0 0 0 0 
0.00442503 0.0251433 1.23888 0.289344 0.0397695 0 0.386205 0.129653 
0.182015 1.23852 0.0788057 0.0534235 0.00966673 0.209178 0.00169517 0.0481773 
0.00426727 0.0240753 1.18651 0.273561 0.0380633 0.21226 4.94049e-005 0.120535 
0.00348644 1.07889 0.110179 0 0.949466 0.0234797 0.0410674 0.595572 
1.45608 0.448115 0.0232163 0 0.0657924 0.00595191 0.197161 0 
1.01914e-007 3.80348 0 0 0 0 0 0 
0.00746718 0.0518141 0.45119 0 0.433658 1.16541 0.00324441 0.486031 
1.66175e-011 0 0.000620176 0.817862 0.0277879 0.581735 1.13253 8.34415e-005 
0.874539 0.0456581 0.00153467 0.352469 0.0488016 0.831462 0 0.0333307 
0.955143 0.97202 0.024382 4.29155e-005 0 1.68079 0.0405945 0 
1.08496 0.0689576 0 0.416299 0.0897083 0.193779 0.420087 0.0645154 
1.14426 0 0.285112 0.0181831 0.135152 0.105385 0 0.468333 
0.021243 0.607005 1.59233 0 0.0339801 0.0828757 0 0.0019131 
0.983616 0 0.913501 0.0325873 0.0616571 5.63165e-005 0.00106013 0.220979 
0.816977 0.103117 0.956372 0.46272 0.0682873 0.104878 0 0 
0.346706 0.082099 0.560237 0.151437 1.16531 0.0737051 0 0.662968 
4.16573e-008 1.4292e-008 0.000832036 0.75651 0.0404761 0 0.887645 0.787468 
0.000140554 3.64215e-005 0.0133575 1.99004e-006 0.00182866 0.837443 0.938396 0.417483 
0.04957 1.27631 0.0194643 0.000511455 0.0558962 0.00493721 0.928576 0 
0.0220166 0.766911 0.820313 0 0.0312921 0.00489039 0.480757 0.000485192 
0.119036 0.00106683 0.934204 0.00234055 0.89816 0.00032085 0.0860897 0.402088 
0.00088642 0.000304319 0.269812 0.378059 0.0531448 1.21554 0.000970221 0 
0.00259216 0.0829946 0.878936 0.491841 0.911797 0.0774677 0.291875 0.0111847 
8.47934e-009 8.10507e-008 9.03978e-008 5.39582e-008 8.95443e-009 4.97982 0 0 
0.0028621 0.985742 0.0874765 0.0020121 1.028 0 0 0 
3.20248e-009 3.08062e-008 3.35253e-010 1.15597 0.92543 0 0 0 
0.118156 0.105498 0.385273 0.0423021 0.0740186 1.21438 0.0117031 0.0403894 
1.50121 1.52593 0 0.482207 0 0.0521382 0.00381134 0 
0.0641987 0.437008 0.0173226 0.00791068 0.022579 1.24911 0 0 
0.0874364 0.451971 0.114709 0 1.10824 0 0.51509 0.513502 
0.925736 0.826567 0.0281236 0.0664731 0.0401203 0.00155806 0.379841 0.0408391 
8.45976e-010 6.38379e-010 7.01154e-008 6.77538e-010 2.61717 0 0 0 
0.0284415 1.03132 0.00800617 0.434729 0.0580559 0 0.479548 0.324735 
1.20568 0.220698 0 0.445062 0.0563438 0.0837667 0.080159 0.0749547 
0.0150068 0.000104069 0.067362 0.00642322 0.0388762 1.27479 0.0862136 0 
2.35738e-008 4.49742e-009 0.895656 0 0.795271 0.0416514 0.626009 0 
1.64072 1.03049 0.370171 0 1.1882 0.00521828 0 0 
0.869798 0 0 0 0.0265215 0.944455 0.113355 0.516996 
2.83595e-008 1.05839 0.0461426 0.00567056 0.354061 0.00378627 0 0 
0.115144 0.7838 0.920307 0 0.0621097 0.734213 0 0 
0.0281936 0.18872 1.25958 0.712495 0.118033 0 7.95417e-005 0.0335059 
0.0299147 0.00922265 0.0402106 0.0199949 1.11061 0.978175 0.0222949 0 
2.77118e-008 8.5432e-009 1.08225 0.424643 0.000218024 1.0227 0.000233615 0 
6.50331e-005 2.90277 1.87314 0 0 0.0224407 0.0121697 0 
0.021749 0 1.83337 0 0.0580844 0.695455 0.303766 0.612031 
1.00964 0.000764785 0.295958 0.572077 0.0273169 0 0 0.557451 
0.924383 0.825359 0.0280426 0.125876 0.220254 0.233506 0.0167328 0.0403894 
1.10963 0.000760972 0.321178 0.628111 0.0299926 0.000926101 0 0.00369477 
1.16466 0.160748 0 0 0.492337 0.000314252 0 0.392958 
1.33077e-013 4.96652e-006 0.833925 0 0.149757 1.14158 0 0 
0.0152381 0.0935031 1.31567 0.000164821 0.100412 0.244255 0.113606 0 
1.45096 0 0.0689649 0 0.0787789 0.220761 0.614931 0 
0.426536 1.33998e-005 0.0188095 0.0110517 0.0381989 1.20978 0 0.000376779 
9.17695e-009 0.342489 0.00273934 0.0409801 0.0165457 0.232311 0.718312 0.942842 
1.02683 0.0497311 0.00753099 0.43125 0.641843 0.0339378 0 0 
0.00419338 0.00263373 1.59946 0 1.65994 0.00525678 0 0 
0.0450493 0.0150555 0.0361052 0.900087 0.0424358 0.496303 0.253521 0.723156 
1.30448 0.000615045 0 0.000869226 0.00519101 0.813561 0 0 
0.232494 0.074715 0.250178 0.100688 0.464158 1.34105 0 0.00192682 
3.14471e-008 6.4108e-009 1.19776 0 0 0.041651 0.626003 0 
0.709061 0 0.757638 0.0582399 0.0661111 0.0287985 0.435399 0 
0.500058 0.446565 0.739179 2.64309e-005 0.036801 0.536834 1.22309 0.0147548 
0.155928 0.955155 0.237574 0.00188566 0.573948 0.133224 0.0251341 0.0841354 
0.52526 0.00046117 0.000481219 1.05011e-005 0.546791 0.0671217 0 1.03571 
6.39337e-006 1.33616 0.00704648 6.27912e-005 0.00531716 0.809794 0.000380231 0 
4.28115e-009 4.11825e-008 4.5093e-010 1.54533 0 0 0 0 
0.000433807 0.743518 0.937048 0.0488153 0.625175 0.0747046 0.0450674 0 
0.178136 0.159079 0.263325 0.137392 0.777963 0 0.933391 0.0645848 
3.67503e-016 1.37154e-008 2.1061e-010 0.511927 1.30985 0.0102714 0 0.0304893 
7.67444e-012 3.20885e-012 5.58929e-010 0.0208618 0.484621 1.10216 0.525726 0.0144399 
1.27402 0.000104059 0 0 0.0391093 0.000314252 0 0.392958 
0.0984098 0.559166 0.92044 0.420242 0.0362617 0.169071 0.355857 0.119464 
0.942755 0 0.786189 0.00570977 0.632705 0.0113316 0.115939 0.100943 
0.0235571 0 0.00111968 0.00334122 0.00124523 1.4712 0.614931 0 
1.23334 0.139227 0.110022 0.00253346 0.415926 0.0457648 0 4.67337e-005 
1.06014 0 0.0503472 0.150364 0.0560442 0.851241 0.572539 0 
0.838309 0.049454 0.975312 0.000164897 0.0653835 0.100418 0.105322 0 
0.317982 0 0.0134497 0.00209927 0.287394 1.20977 0 0.000776109 
0.416937 0.257635 0.1155 0.579057 0.133226 0.836829 0.105093 0.194159 
8.90914e-011 3.7251e-011 6.48853e-009 0.242182 0.45668 1.17453 0.000755872 0 
0.000222625 1.8344 0 0 0.0850606 0.0142051 0.0622256 0.552343 
0.184965 0.0213757 1.02119 0.10551 0.181144 0.893128 0.116715 0.0109183 
0.00472855 0.0354866 1.22911 0.257903 0.0359546 0.0167204 0 0.0418682 
0.0446705 0.0137713 0.761591 0.000421789 0.688279 1.12472 0 0 
0.0395077 0.784359 0.912338 0.46097 0.0811935 0.214362 0 0.0599284 
0.123478 0.840526 0.986912 0.0240968 0.0666254 0.216441 0.0833233 0 
0.00150243 0.000470556 0.0766118 0 1.29201 0 0.553015 0.0359934 
0.261205 0.169145 0.51972 0.0548971 0.153758 0.16403 0.048354 0.918485 
0.00453436 0.0433422 0.91127 0.404464 0.0671214 4.85913 0 0.00189373 
3.9338 0 0 0 0 0 0 0 
0.379218 0.0722107 0.0909724 0.456075 0.536543 0.868358 0.103757 0.201394 
3.63826e-008 1.35782 0 0 0.0629615 1.51405 0.0583319 0.653366 
2.98571 0 2.10823 0 0 0.0236797 0 0.019387 
0.836048 1.23755e-005 0.197023 0.0108561 0.149137 0.936771 0.117826 0.000377252 
0.0162695 0.0997814 1.40477 0 0.107212 0.0548614 0.119373 0 
1.05251 0 0 0.0157156 3.18783e-005 0.0238455 0 1.04362 
0.00245091 0.00160035 1.53264 4.05933e-005 0.0302273 0.824595 0.000107234 0.0017094 
5.60828e-010 4.33884e-011 4.7292e-008 1.01344e-011 6.47141e-009 1.78153 0.0736855 1.0657 
0.11576 0.0525372 0.91117 0.00050856 0.0728075 1.00493 0.00151313 0.224049 
1.1833 0.40595 0.122164 0.00511924 0.0025231 0.00196136 0.079005 0.000452651 
0.517337 1.19544 0 0 0.0261109 0 0 0.00197267 
0.743569 0.141858 0.100704 0 0.678059 0 0.533405 8.99826e-005 
1.32889 0.134355 0.130472 0.0130724 0.0267396 0.262131 0 4.61741e-005 
0.777856 0.0524072 1.05681 0.000875081 0.0466561 0.744989 0 0.00185452 
0.633088 0.129792 0.0235049 0.00233627 1.10662 0.0699642 0 0 
0.327982 0.890348 0.0443703 0.0925885 0.150449 1.0439 0.123438 0.0376423 
8.15778e-006 2.1005e-006 0.028499 0 0.0039015 1.25648 0.0625719 0.418055 
0.0202344 0.733718 0.814172 0.0287604 0.0728753 0 2.37981e-005 0.292679 
2.98181e-008 1.11283 0.133084 1.12116 0.0685917 0.000448164 0.000136614 0 
1.42136e-023 5.30457e-016 3.84579e-016 1.89653e-016 2.54562e-008 3.69847e-008 3.04264e-009 1.67948 
0.973355 0.223986 0.283601 0.0146217 0.713413 0.274034 0 0.126508 
1.28084 0.118108 0.114146 0.00262554 0.00697987 0 0.20304 0.403007 
1.37853e-007 1.59298e-008 5.179 0 0 0 0 0 
0.045484 1.17104 0.0178589 0.0287593 0.0535787 0 0.852311 0.60774 
0.0108809 8.24209e-006 1.05207 0.57208 0.0273171 0 0 0.557454 
6.02674e-010 2.5166e-010 1.62169e-007 2.15194e-007 3.08317e-008 1.28447 0.000956907 0.211004 
0.217281 1.12271 0.284933 0.0181717 0.135067 0.105319 0.0154897 0.468078 
0.593492 0.203763 0.0273953 0 0.557465 1.29816 0 0.0129965 
0.0101227 0.0575135 2.58768 0 0.0712029 0.13268 0 0.323799 
0.0302199 0.62678 0.0273958 0 0.557457 1.29817 0 0.0129965 
0.318506 0.864623 0.0430882 0.267273 0.151393 1.05042 0.124211 0.0378592 
1.4398e-010 1.00748e-008 3.56325e-008 8.68515e-009 0 3.65499e-009 1.42601 0 
5.98209e-019 2.23255e-011 0.000833199 2.22338e-005 1.78139 2.6129e-005 0 0.67907 
2.82153e-016 1.05301e-008 1.11682e-008 0.572857 1.1195 0.0979971 0.10355 0.871974 
3.13566e-005 1.30239 0.0302828 0.444344 0 0 0.0765254 0.536957 
2.95153e-008 9.82014e-009 1.1609 0.11798 0.0646811 0.0974962 0 0.39051 
9.13869e-005 3.13743e-005 0.270874 0.359442 0.0514986 1.17788 0 0.207312 
0.021041 0.00162783 1.77899 0.000381227 0.00166165 0.12092 0.000349427 1.0658 
0.983202 0.877877 0.0049999 0.133956 0.0734397 0.117684 0 0.443589 
3.24482e-009 3.11982e-008 4.42436e-009 1.1822 0.454867 0 0 0.756979 
0.241029 0.2158 0.364113 0 1.11815 0.135722 0.0820775 0.0641056 
0.0198388 1.38818 0 0.325626 0 0 0.048371 0 
0.26482 0.23649 0.391464 0.204249 1.15653 0 0.450747 0.0701107 
0.0528877 1.04989 0.0380907 0.031192 0.0670454 0.00543501 0.0398253 0.876951 
2.94278e-011 0.00109826 1.0594 0.00567056 0.354061 0.00378627 0 0 
0.688702 0.600336 0.960464 0 0.0769825 0 0.0107406 0 
0.246593 0 1.09473 0 0.508552 0.259715 0.105699 0 
2.15276e-010 8.67515e-015 1.4465e-008 0.539902 0.0166962 1.22733 0 0 
0.0285939 1.03684 0.00679393 0.437054 0.0583665 0.0408061 0.482429 0.326686 
0.795413 0.151749 0.107665 0 0.725329 0 0.57059 0 
0.0529129 0.0176836 0.0424224 1.05734 0.0498496 0.583011 0.297813 0.335943 
1.29079 0.145613 0.115145 0.00265144 0.0662346 0.000114688 0 0.151435 
0.0203739 1.42563 0 0.025362 0 0 0.048371 0 
1.78136e-019 6.64814e-012 0.000248112 6.60816e-006 1.35285 1.14112 0 0.710205 
1.26349 0.321167 0.00685655 0 0.0939951 0.0889377 0.106627 0 
2.39777e-008 2.14091e-008 1.19966 0.10053 0.130779 0.000753832 0 0.475923 
1.2433 0.42629 0.0625832 0.00536676 0.00264131 0.200229 0.0836583 0 
0.507 0.0485604 1.19488 0 0.0442236 0.914939 0 0 
0.929551 0 0.0448913 0.374775 0.0518651 0.796703 0.535851 0.0386098 
0.432684 0.0526893 1.02259 0.0838437 1.12961 0 0 0 
0.877979 0.870138 0.0144467 0.651603 4.23201e-005 0.129326 0 0.0122925 
1.36459e-007 1.04559e-007 2.92011e-008 3.71212e-010 6.50775 0 0.688408 0 
0.0186729 0.00144463 1.57877 0 0.00340575 0.00161925 0.82885 1.0658 
1.7571e-006 4.55297e-007 1.7824e-006 0 3.4825e-007 95.827 93.1443 44.3965 
1.4529e-008 0.542231 0.852604 0.317985 0.940855 0.0568017 0 0.50361 

