6.49348e-016 2.4234e-008 3.44104e-032 0 0.904426 2.52345e-066 1.01384e-111 2.26484e-023 2.37906e-046 0.452213 
0.579867 1.80641e-024 3.48685e-049 5.07384e-109 0.579499 1.16673e-085 3.72766e-052 0.57968 9.59827e-017 2.45046e-046 
0.577413 1.16552e-010 3.73912e-042 2.09514e-038 2.24566e-021 0.577414 0.577412 2.07843e-104 5.82465e-012 1.20115e-067 
2.32911e-016 3.42911e-016 1.54705e-008 0.577367 0.57737 1.49343e-159 4.58757e-221 3.15697e-025 0.57737 4.51027e-091 
5.18384e-014 1.93464e-006 0.583183 9.50096e-043 1.88923e-034 0.583183 2.78039e-137 0.583179 2.66749e-137 2.08741e-039 
0.663356 0.0943497 0.130586 0.122838 0.678743 0.122707 0.0902296 0.117015 0.118879 0.112311 
1.54708e-008 3.25707e-018 0.577379 2.63103e-014 0.577381 7.00939e-098 0.577299 8.95662e-049 2.89449e-009 6.75481e-080 
1.54705e-008 0.577366 2.5014e-064 0.577368 1.97881e-026 1.68645e-055 2.88999e-082 5.63791e-066 1.01387e-020 0.577367 
6.07087e-016 2.09462e-016 2.39675e-008 0.894479 0.44724 2.17177e-104 8.50026e-055 3.73225e-042 9.02597e-130 7.86163e-020 
0.648004 0.122193 0.106329 0.135238 0.102051 0.115363 0.697155 0.113127 0.11929 0.0964767 
1.12161e-008 1.08151e-008 7.22648e-031 0.58149 4.68479e-037 0 0.58149 5.39697e-037 1.86976e-103 0.58149 
4.67223e-014 1.5474e-008 1.50061e-072 0.577498 2.20951e-039 1.79674e-067 3.04517e-078 2.1098e-082 0.577503 0.577501 
1.08823e-008 2.1353e-008 0.894431 3.39537e-011 1.13732e-017 9.94493e-077 0 1.01932e-110 0.447217 4.95947e-033 
1.54719e-008 0.577418 0.577427 0.577265 1.43797e-046 2.52531e-077 3.28362e-043 1.46985e-144 8.8136e-013 4.61824e-035 
1.90097e-008 0.577426 2.69958e-102 0 0.577431 2.35992e-099 0 0.577426 5.16962e-019 2.04421e-048 
0.117829 0.650631 0.116126 0.13437 0.0847947 0.688043 0.131579 0.106885 0.112118 0.0970455 
0.577773 9.12373e-054 8.28879e-026 6.93996e-021 3.61851e-037 0.577773 5.49144e-070 7.32953e-041 5.96022e-061 0.577773 
0.0795862 0.0776323 0.0801064 0.695126 0.106063 0.119017 0.115331 0.102475 0.106102 0.661485 
1.19831e-008 4.9084e-018 8.31445e-050 0.447214 2.36808e-044 0.894429 3.54628e-052 2.49915e-052 1.42075e-130 2.56564e-033 
1.5471e-008 0.577387 2.73e-023 2.26213e-020 6.70608e-031 1.16591e-165 1.98384e-077 0.577393 1.22328e-012 0.57739 
1.41408e-010 1.54695e-008 0.577353 2.92606e-011 0.577356 1.66728e-014 1.62398e-051 0.577351 3.12868e-073 3.63102e-077 
2.39675e-008 2.76184e-017 2.77141e-018 9.66164e-127 5.23972e-044 0.89448 4.24119e-034 6.63121e-056 0.447242 9.50054e-046 
0.577895 0.577799 5.84128e-029 5.54107e-219 4.55955e-017 3.46741e-093 2.7754e-046 7.54661e-039 7.13024e-027 0.577847 
2.09944e-016 2.04561e-016 2.18684e-016 1.99362e-016 1.55448e-008 0.58014 0.58014 0.580137 2.79838e-194 8.38886e-064 
0.113533 0.110846 0.117868 0.0720086 0.127064 0.674654 0.670583 0.118509 0.119139 0.0956879 
0.894429 3.15014e-010 3.64758e-015 3.80978e-020 1.6902e-014 6.55137e-062 1.11478e-017 0.447214 8.22685e-037 3.00072e-047 
8.01184e-024 2.99006e-016 2.87094e-016 1.54702e-008 0.577354 4.58753e-051 0.577354 2.67122e-172 0.577355 9.49099e-103 
0.0797328 0.668654 0.12122 0.142921 0.0642325 0.117515 0.11198 0.675756 0.110421 0.111906 
0.894429 3.83764e-016 0.447213 6.16251e-020 8.32973e-017 3.58668e-106 3.26111e-178 1.68443e-040 1.07673e-019 1.49772e-034 
1.54701e-008 9.86728e-018 0.577353 0.577354 4.48191e-052 0 4.11669e-047 0.577366 9.95824e-024 1.10355e-053 
1 0 0 0 0 0 0 0 0 0 
2.46676e-009 2.4663e-009 3.43017e-009 2.34766e-008 1.28014e-042 2.47477e-093 3.46517e-051 0.894981 0.447491 8.89093e-046 
1.55214e-008 7.05171e-018 2.43298e-032 0.579268 6.07799e-015 0.579268 8.33193e-092 2.3474e-027 0.579268 2.90762e-021 
2.3654e-008 3.94236e-020 4.24041e-009 0.896852 5.0136e-028 1.09349e-024 4.10185e-096 1.3034e-165 1.03085e-020 0.448426 
0.115812 0.953292 0.110648 0.101446 0.120379 0.0939113 0.0881967 0.107389 0.0724525 0.0952933 
0.107671 0.105083 0.123135 0.108896 0.0890818 0.685444 0.114065 0.0944884 0.112162 0.662838 
1.54822e-008 0.577805 1.25031e-068 5.95665e-032 4.6543e-017 0.577801 0.577801 2.64315e-102 4.26334e-011 1.16836e-067 
1.54713e-008 0.577397 4.71287e-021 0.577311 0.577351 0 4.04621e-104 6.35863e-070 8.25105e-047 7.16796e-046 
5.43911e-009 4.83094e-018 9.90091e-010 1.06316e-008 0.447216 0 4.42124e-195 8.31956e-128 4.3787e-023 0.89443 
2.17125e-016 8.10324e-009 4.11009e-055 3.61825e-015 8.82791e-009 7.2476e-072 0.447215 0.89443 5.85171e-029 2.65151e-032 
1.92704e-009 1.53496e-008 1.03148e-018 0.577351 1.39646e-044 6.18136e-091 5.88037e-034 0.577352 0.577351 1.50782e-059 
1.01396e-009 1.90256e-019 1.54369e-008 0.577354 0.577357 0 7.62472e-057 0.577355 8.07779e-134 0 
1.9214e-008 9.58545e-020 3.01902e-062 2.65343e-046 1.43247e-008 0.894429 0.447214 1.17023e-033 5.35419e-018 1.62017e-045 
0.105891 0.10329 0.10933 0.108314 0.673841 0.102059 0.113411 0.671196 0.118442 0.112155 
0.447254 5.10941e-016 1.28764e-069 0.894502 3.82121e-030 6.66561e-153 3.33236e-046 0 7.91673e-022 8.25777e-063 
3.6055e-018 1.34559e-010 8.45865e-009 1.06519e-011 2.25993e-022 2.06889e-118 8.48688e-009 0.447215 1.13064e-025 0.89443 
0.577756 1.15817e-010 0 1.12208e-071 0.577757 1.85357e-045 2.41416e-065 1.10434e-040 0.577758 1.75161e-098 
1.10929e-008 1.07829e-008 0.577351 1.402e-285 5.59799e-281 5.4454e-108 1.02434e-051 0.577352 0.577353 2.37257e-020 
2.39663e-008 0.894434 5.12443e-060 1.26749e-038 9.97269e-058 0 0.447217 1.19743e-033 1.74778e-011 1.6298e-045 
3.21356e-016 1.19932e-008 9.9429e-027 8.5505e-039 0.447591 1.15521e-215 0.895183 6.06625e-151 1.78561e-038 2.06341e-041 
3.21505e-010 2.3964e-008 5.93676e-037 0.894429 8.43548e-016 1.20818e-085 4.00018e-034 1.93805e-035 0.447216 5.96873e-016 
0.681876 0.665079 0.111331 0.103095 0.119458 0.0932807 0.0875965 0.112358 0.110109 0.119959 
1.54701e-008 0.577351 4.88116e-029 3.7626e-102 5.7904e-029 8.25197e-113 8.95846e-060 1.54087e-032 0.577359 0.577355 
0.118497 0.0899157 0.103221 0.111662 0.106365 0.666605 0.109519 0.678732 0.118658 0.111082 
0.105113 0.110612 0.114151 0.657319 0.104609 0.116552 0.101903 0.121766 0.685258 0.114048 
1.07506e-011 1.19831e-008 0.447214 1.24893e-076 1.92338e-043 3.19619e-111 2.38401e-021 0.894428 8.01717e-023 2.37807e-019 
2.39662e-008 1.02829e-023 1.1983e-008 1.65124e-027 2.23194e-024 9.76713e-114 1 1.68443e-040 1.07831e-019 1.49772e-034 
2.39661e-008 0.894429 6.96757e-019 0.447212 5.37404e-035 1.07068e-090 1.5411e-042 4.49314e-102 1.19985e-024 2.71108e-040 
1.54713e-008 0.577398 6.40711e-066 3.12934e-016 5.26838e-034 0 0.577397 9.63172e-037 5.40261e-320 0.577398 
8.42405e-011 1.19828e-008 2.24458e-036 0 2.48924e-066 0.447214 0.894429 1.6335e-237 6.019e-015 1.13739e-027 
1.19831e-008 0.447215 1.06596e-014 6.42828e-054 2.35866e-034 0.89443 3.47896e-057 1.3889e-024 3.1169e-116 4.27727e-042 
4.48602e-016 6.07895e-041 3.34678e-016 3.21164e-016 2.40826e-008 6.42949e-128 0.898775 0.449389 2.70322e-159 1.97529e-039 
4.14518e-016 1.547e-008 1.14958e-022 0.57735 0.577354 0.577351 2.14324e-079 0 1.17045e-097 1.60646e-041 
3.21084e-016 1.1983e-008 3.6108e-139 0.447213 3.36788e-043 3.98048e-103 2.99119e-024 4.12768e-070 0.894429 4.05451e-045 
0.0559673 0.666006 0.109016 0.0859905 0.112576 0.1051 0.691974 0.103687 0.11487 0.112292 
0.666335 0.0727382 0.0885606 0.119993 0.113932 0.114331 0.128246 0.679465 0.110421 0.112033 
0.113886 0.119845 0.089909 0.67081 0.106493 0.118403 0.125593 0.673574 0.11177 0.112455 
1.64681e-015 5.65341e-013 1.70353e-143 2.95466e-011 1.92604e-053 1.1983e-008 0.447214 4.61701e-112 0.89443 2.09927e-123 
0.0893741 0.087933 0.0926655 0.958704 0.0977033 0.0993599 0.0923461 0.104438 0.0972091 0.101262 
0.0764167 0.662674 0.112105 0.141317 0.113901 0.12043 0.110475 0.0985805 0.0872931 0.682588 
8.57478e-009 8.37538e-009 0.447339 0.894673 5.58891e-028 1.33665e-077 1.02741e-053 2.06316e-193 2.14322e-013 4.0385e-134 
0.577595 4.93174e-046 0.577606 0 0.577618 1.31602e-025 2.11606e-261 3.86356e-034 1.19117e-055 2.17976e-065 
8.00006e-010 1.25539e-008 8.93524e-076 9.00511e-009 1.64808e-034 0.577362 7.16568e-054 4.77902e-047 0.577367 0.577365 
0.113529 0.11307 0.118424 0.122346 0.111633 0.657341 0.112228 0.0930429 0.683518 0.113935 
4.14618e-016 2.35306e-058 1.54738e-008 0.577489 1.33776e-029 7.03695e-074 5.24384e-283 0.577495 6.78142e-046 0.577492 
0.577655 8.24915e-009 1.86979e-097 0.577655 3.91659e-035 1.80812e-023 4.21136e-078 2.59485e-047 4.42635e-114 0.577655 
1.547e-008 0.57735 5.1234e-015 1.04612e-037 0.577354 0.577351 7.41985e-105 0 1.17045e-097 1.60646e-041 
1.44718e-009 1.21915e-009 2.38913e-008 1.81375e-049 9.3845e-049 1.24418e-091 5.08589e-065 0.89443 8.64174e-022 0.447215 
1.54832e-008 0.577842 8.41705e-014 0 0.57784 1.91423e-016 1.71487e-057 1.17269e-024 2.83104e-079 0.577842 
4.14784e-016 1.52896e-025 3.849e-122 1.548e-008 1.45204e-021 8.71759e-023 0.577721 0.577722 1.02348e-052 0.577722 
1.16472e-008 1.01834e-008 0.577397 0.577309 0.57735 1.51991e-080 1.16896e-067 7.67854e-041 5.08209e-010 1.26463e-022 
0.577351 3.66446e-010 3.31322e-138 2.58979e-046 2.22048e-036 9.25949e-062 3.09093e-068 0.577352 2.41484e-059 0.577352 
7.69155e-009 1.18329e-008 6.33648e-009 0.577358 0.57736 1.64668e-093 0.577356 2.04117e-111 1.50562e-019 4.62964e-064 
0.086904 0.0848678 0.0874119 0.0751296 0.966814 0.103299 0.103918 0.0857714 0.0587299 0.104913 
1.5474e-008 7.47062e-018 0.577498 5.89351e-061 5.02359e-024 0.577499 1.07597e-090 2.64628e-027 0.577499 1.54569e-021 
0.661023 0.0902098 0.111737 0.139239 0.113835 0.12036 0.0986023 0.0982876 0.103739 0.682598 
8.98106e-022 1.71126e-016 2.06068e-099 1.34896e-035 6.19006e-016 2.39682e-008 0.894505 3.87589e-144 0.447253 3.18216e-123 
0.0910184 0.0887976 0.0953434 0.098421 0.119588 0.105048 0.0667462 0.95776 0.112346 0.0754605 
0.577382 3.37849e-075 2.95885e-047 1.07239e-017 4.34759e-030 0.577323 2.30405e-068 0.577349 2.96372e-059 8.96067e-011 
1.52899e-008 2.7237e-048 2.52252e-051 1.29696e-039 1.3776e-022 2.35389e-009 0.577352 6.51266e-090 0.57735 0.577351 
0.112661 0.114615 0.661379 0.681862 0.10788 0.112128 0.115464 0.112657 0.102489 0.108843 
3.7465e-015 1.61609e-026 2.39665e-008 0.894443 3.48615e-021 0.447222 1.27899e-110 1.64056e-067 1.9899e-076 1.00221e-044 
0.122788 0.120044 0.663769 0.120881 0.676267 0.107386 0.0873548 0.117689 0.117403 0.110847 
0.577353 1.28463e-158 1.0122e-038 4.37115e-080 3.05718e-044 1.78685e-085 0.577352 0.57735 2.28544e-139 1.04943e-067 
1.54723e-008 1.0261e-016 0.577434 6.61317e-032 2.22726e-021 0.577435 0.577433 1.51635e-033 4.99857e-064 6.52898e-040 
1.19831e-008 0.447214 1.01045e-021 9.73673e-043 1.08666e-014 8.0673e-040 5.50647e-018 7.49593e-094 5.27716e-021 0.894429 
1.54728e-008 0.577453 1.0246e-017 2.95911e-183 0.577457 4.11516e-092 0.577452 6.7235e-040 5.68968e-012 1.57745e-071 
0.651344 0.118096 0.107974 0.134264 0.0847155 0.691768 0.0876057 0.106587 0.114008 0.119955 
1.84503e-009 1.53597e-008 0.577352 1.95547e-066 6.42912e-058 4.35916e-016 1.67997e-047 0.577353 3.25819e-069 0.577353 
0.577362 2.10853e-036 0.577414 3.96993e-038 0 5.40557e-093 1.79288e-011 0.577278 1.23009e-031 7.31299e-112 
1.13284e-008 3.90861e-009 0.44724 6.63832e-037 0.89448 2.1336e-014 8.50026e-055 1.40303e-070 1.76888e-028 1.32782e-035 
0.894533 3.16289e-009 4.54223e-047 1.85285e-018 0.447265 6.34759e-084 0 1.34259e-024 3.08296e-019 3.13265e-046 
5.59947e-009 1.44212e-008 5.36337e-011 0.577358 2.83508e-058 0.577359 2.27371e-053 0.577355 5.37629e-080 3.31756e-038 
0.0893955 0.688127 0.665284 0.122477 0.107307 0.107009 0.0900948 0.114126 0.114629 0.104982 
1.4716e-007 0.577916 0.577968 1.44587e-005 1.61516e-063 2.66882e-065 7.45962e-007 0.577832 2.24758e-121 8.83562e-086 
0.577356 3.76822e-010 0.577376 1.463e-148 1.22172e-040 0.577368 2.38304e-259 7.34589e-027 2.45899e-050 2.14411e-065 
8.67662e-009 2.23404e-008 1.42094e-013 0.89443 2.7557e-025 1.0982e-068 5.91487e-061 0.447215 6.49596e-047 7.61476e-039 
0.110462 0.116436 0.661904 0.13632 0.0995841 0.129496 0.110753 0.126945 0.679211 0.111408 
2.67949e-008 1.74899e-017 3.06232e-042 1.87679e-139 3.497e-024 1 0 1.57989e-060 5.14431e-018 1.76753e-072 
1.547e-008 0.57735 8.399e-031 3.28982e-018 1.87286e-034 0.577375 3.21405e-058 0.57736 0 0 
0.894436 5.26527e-075 2.5748e-057 9.77126e-096 6.55788e-036 1.49635e-187 2.85356e-094 9.42869e-048 1.15557e-037 0.447217 
1.17787e-016 1.84831e-015 9.74502e-009 6.97585e-009 1.381e-031 5.24977e-070 0.447267 6.05712e-047 1.6568e-055 0.894533 
0.948153 0.124511 0.110186 0.103484 0.119908 0.0936329 0.090402 0.112808 0.11055 0.103144 
2.67949e-008 1.52174e-024 1 7.79716e-059 1.04975e-014 3.11595e-106 1.0935e-094 2.07504e-067 7.80837e-022 8.24226e-063 
0.078281 0.0762739 0.0815399 0.0743312 0.082182 0.0845336 0.109623 0.111846 0.96432 0.104212 
2.67949e-008 1 7.2739e-100 3.77433e-069 3.94618e-049 2.25527e-023 7.40546e-039 1.29004e-038 1.46568e-017 1.20665e-031 
2.67949e-008 1.77286e-016 1.79011e-019 1.87152e-046 1.7031e-018 1.66661e-095 1.11431e-075 1 4.96813e-064 6.41149e-040 
0.116819 0.117941 0.114877 0.651295 0.102107 0.115425 0.689438 0.112537 0.118846 0.0959738 
0.0710307 0.0807589 0.0804537 0.0828361 0.101272 0.0910451 0.694468 0.679251 0.114116 1.93431e-034 
1.2046e-008 1.97744e-024 0.449565 1.41258e-076 1.09615e-014 0.89913 1.23664e-017 5.63415e-039 2.27183e-042 1.47262e-065 
1.24487e-008 9.18684e-009 1.6373e-015 5.75362e-028 0.577406 0 0.577396 0.577399 1.37935e-153 3.41666e-048 
0.577352 1.40954e-010 5.77398e-035 0.577352 2.49186e-031 0.577353 1.5022e-069 2.50203e-052 1.94919e-129 7.15062e-028 
0.577518 0.577466 6.73108e-099 1.5268e-020 0.577344 1.68203e-192 6.7444e-070 4.9413e-245 6.62882e-061 3.86545e-062 
1.5471e-008 0.577384 1.41086e-056 9.27461e-065 7.07074e-027 1.84328e-021 0.577384 2.21202e-124 0.577383 6.31218e-028 
1.15444e-016 1.12218e-016 1.61027e-016 1.95463e-300 8.49811e-009 8.44844e-009 0 0 0.447215 0.894429 
1.19827e-008 0.447202 0.894435 1.69493e-067 3.52608e-032 1.00582e-074 7.27383e-318 1.50627e-025 7.47232e-028 6.40826e-049 
1.54713e-008 0.577399 0.577422 6.30153e-146 1.06413e-016 0.577412 1.82037e-055 3.87607e-024 1.29101e-037 9.54891e-060 
0.116942 0.114071 0.120739 0.125283 0.659199 0.106622 0.671994 0.113399 0.150896 0.105252 
1.54701e-008 0.577352 1.0122e-038 4.37114e-080 3.05717e-044 1.78685e-085 0.577352 0.57735 2.28544e-139 1.04943e-067 
0.660249 0.0720743 0.0877181 0.118896 0.112891 0.113286 0.127074 0.110456 0.686286 0.112032 
0.577347 7.90488e-042 0.577357 0 1.69688e-058 3.8349e-054 0 1.11732e-042 5.19288e-019 0.577352 
1.19831e-008 0.447217 2.71251e-068 0.894429 5.28041e-029 6.66507e-153 2.31126e-072 0 9.95572e-024 7.24736e-033 
9.40782e-011 5.92021e-010 1.56147e-008 4.24654e-015 9.2437e-042 0.583178 8.78236e-073 0.583178 0.583177 2.07159e-123 
0.105499 0.103835 0.101777 0.0964005 0.0343853 0.100258 0.680937 0.0867166 0.68216 0.104926 
0.578376 8.91045e-025 3.08394e-065 1.87362e-064 8.33469e-015 1.3425e-157 0.577793 5.6672e-119 0.578077 8.80758e-021 
9.11857e-010 2.34754e-009 8.71024e-012 1.52738e-008 0.577725 0.577725 3.04647e-043 0.577721 3.40219e-079 1.28446e-032 
6.43711e-016 2.40236e-008 8.02755e-045 3.14482e-039 1.9905e-024 0.896575 1.06084e-068 0.448287 2.40461e-046 2.09589e-045 
2.39661e-008 0.894429 7.21405e-026 1.75662e-023 4.66848e-044 0.447214 7.45778e-267 0 1.10504e-021 1.93562e-053 
1.54726e-008 6.41995e-055 0.577446 1.38469e-119 0.57745 0.577445 3.95123e-067 5.37227e-040 2.14915e-118 4.16416e-083 
6.4219e-016 2.39669e-008 8.14058e-019 0.894457 1.22571e-057 1.13017e-062 0.447228 1.95303e-030 1.73935e-011 4.03719e-046 
0.0849319 0.0828435 0.0881456 0.103721 0.0955497 0.125249 0.115918 0.128244 0.670552 0.680717 
0.0805561 0.0792807 0.0895208 0.0892051 0.663202 0.127355 0.107822 0.120966 0.0962444 0.693286 
2.3968e-008 0.894499 2.63279e-037 0 7.20533e-017 6.04478e-065 1.05839e-068 0.447249 2.39905e-046 1.05735e-043 
9.24525e-009 7.62355e-009 1.89787e-058 0 0.447213 3.4134e-011 0 2.78582e-046 0.894429 4.57708e-078 
0.577788 0.577624 3.86685e-031 4.90959e-074 1.0504e-026 1.60649e-111 1.31701e-023 2.40203e-076 0.577532 1.27662e-026 
6.37894e-016 2.38065e-008 1.36467e-067 1.2227e-057 1.76927e-051 2.76173e-009 0.894431 3.40866e-064 2.04804e-072 0.447215 
0.0700413 0.0737061 0.971393 0.0708758 0.0752694 0.0835923 0.0853681 0.0623408 0.0953385 0.0920318 
1.57808e-011 4.79471e-009 8.4284e-010 9.57279e-010 3.49956e-023 4.90603e-009 1.39588e-008 0.582409 0.582415 0.582413 
0.103076 0.100547 0.106425 0.106322 0.662236 0.686378 0.0907125 0.118079 0.111094 0.112172 
0.909958 8.49935e-109 5.08495e-028 1.15078e-094 4.74953e-044 0.454979 2.40512e-065 2.78288e-038 3.78113e-061 2.60828e-035 
2.39934e-008 3.67766e-037 0.895446 1.57362e-036 5.24172e-047 4.67031e-051 0 0 2.671e-014 0.447723 
2.40128e-008 0.896171 1.16883e-083 5.09572e-095 1.1021e-026 7.39735e-108 3.98955e-025 0 0.448085 5.84176e-123 
1.88937e-010 3.10752e-026 1.19816e-008 3.76519e-084 0.447215 0.89443 3.96232e-051 4.95244e-026 2.3397e-042 4.50972e-066 
4.1452e-016 1.54701e-008 0.577352 2.77832e-113 2.96761e-018 1.73032e-090 0.577352 9.74927e-044 4.34383e-079 0.577352 
8.45351e-009 8.4932e-009 0.447218 3.87607e-076 9.68832e-044 2.25705e-063 6.39566e-072 1.42168e-063 2.29643e-018 0.894436 
7.5349e-009 1.35111e-008 1.31393e-035 0.577353 0.577351 1.93009e-043 3.19734e-057 1.23502e-150 1.45532e-038 0.577353 
0.068465 0.0665519 0.0640185 0.675993 0.0978592 0.68497 0.122314 0.106247 0.111856 0.113937 
2.96523e-016 2.89668e-016 3.44083e-034 8.30895e-050 1.54704e-008 0.577365 0.577364 6.60563e-094 1.85649e-103 0.577365 
6.42459e-016 2.39769e-008 0.894831 1.85347e-018 0.447414 1.88185e-013 0 1.14847e-028 2.40898e-046 3.14031e-046 
1.19831e-008 1.62071e-018 2.77298e-049 1.32981e-086 0.447214 1.20767e-095 2.34883e-026 0.894428 8.19489e-021 1.08996e-076 
1.10662e-008 1.08103e-008 1.28411e-026 6.54663e-028 0.577352 2.97125e-106 0.577351 1.11872e-040 1.56334e-011 0.577352 
1.19831e-008 0.447215 1.12197e-038 1.26284e-076 7.34064e-044 3.54666e-103 2.08531e-025 0.894428 8.25508e-021 6.68491e-043 
0.577452 7.82707e-026 3.07434e-018 2.9591e-183 0.57746 2.1631e-128 0.577452 6.7013e-040 1.97391e-158 1.57745e-071 
1.547e-008 0.57735 1.13821e-068 2.93753e-284 7.94271e-034 4.38515e-111 1.14413e-051 0.577352 0.577353 2.00481e-020 
1.54701e-008 0.577352 6.09594e-035 0.577352 2.49186e-031 0.577352 3.70783e-165 2.50263e-035 1.10864e-036 1.94502e-053 
0.447218 8.17593e-017 1.13014e-015 2.2325e-088 0.894435 1.12033e-061 3.96235e-051 1.42918e-056 1.19416e-040 8.17864e-027 
0.12617 0.124174 0.646759 0.123668 0.110473 0.10101 0.689986 0.118246 0.114287 0.113891 
4.14675e-016 1.54759e-008 0.577569 9.27757e-065 3.40614e-027 2.1954e-021 0.577569 1.19748e-241 0.577569 6.30681e-028 
0.447215 7.54497e-020 1.11788e-052 1.40692e-076 7.28667e-044 1.24172e-014 1.64621e-086 0.894428 8.30358e-046 4.90126e-058 
1.54704e-008 1.92305e-061 0.577362 6.35223e-033 7.47074e-043 0.577346 5.21433e-140 2.93333e-064 3.55108e-097 0.577347 
0.100289 0.105537 0.119156 0.0982737 0.0848515 0.110993 0.0447998 0.646969 0.105403 0.711496 
4.42015e-011 1.54806e-008 0.577748 0.577743 7.5793e-037 1.05266e-058 0.577744 3.36437e-234 4.58134e-011 1.16857e-067 
2.67949e-008 2.35086e-017 6.52827e-022 4.83055e-045 1.97083e-018 7.89156e-094 1.15748e-075 0 8.14752e-027 1 
1.54705e-008 2.85778e-019 0.577367 3.45352e-061 0.57737 1.45592e-069 1.01026e-082 1.03547e-038 0.57737 3.83345e-031 
0.577606 0.577204 1.1302e-059 4.17417e-046 6.55122e-053 9.78497e-036 0.577247 1.61317e-136 1.78317e-050 9.02829e-063 
0.895457 3.20931e-010 1.48981e-048 0.447728 7.25788e-043 1.49535e-122 8.8296e-055 1.40482e-042 9.743e-078 1.41766e-051 
2.49167e-012 2.39704e-008 0.894588 1.17231e-031 7.20604e-017 4.12023e-116 1.05849e-068 0.447294 1.12793e-134 1.05745e-043 
0.448119 0.893979 4.15735e-057 1.49995e-017 7.2899e-126 3.10414e-098 6.96484e-051 5.82764e-082 0 4.10228e-086 
0.577353 2.85642e-026 1.24172e-025 5.23882e-015 1.76964e-047 3.27408e-088 0.577353 5.93794e-116 0 0.57735 
0.577527 6.11719e-011 6.8379e-012 3.00325e-060 0.577525 1.46255e-043 3.18038e-151 8.16128e-041 2.91678e-077 0.577527 
0.578784 1.12053e-029 0.578793 0.578693 8.42356e-047 2.51593e-077 3.29151e-043 9.05599e-198 2.14791e-013 1.87641e-036 
1.54831e-008 0.577838 0.577781 2.51998e-076 1.22373e-057 1.81338e-069 0 1.72083e-069 1.50279e-079 0.577806 
2.39661e-008 1.43821e-052 2.61287e-075 2.11922e-086 0.894428 0.447214 0 4.75414e-142 6.40417e-025 9.78353e-077 
2.39772e-008 0.894841 2.99229e-037 1.85349e-018 0.447419 4.95534e-014 0 1.14202e-028 2.40901e-046 3.14034e-046 
4.14837e-016 1.77941e-031 1.5482e-008 0.577795 2.51388e-025 0.577796 0.577795 1.12215e-038 8.92512e-038 9.42133e-059 
1.54698e-008 0.577341 0.577353 9.23732e-299 0.577365 2.76205e-025 0 2.05812e-174 5.18435e-057 2.16814e-065 
1.54699e-008 5.62092e-018 0.577346 2.61576e-033 6.49195e-037 7.7296e-111 6.61596e-306 0 0.577358 0.577352 
0.89508 4.4682e-012 1.40367e-054 2.1047e-038 2.90859e-034 0 0.44754 2.35587e-036 2.18482e-010 0 
1.55156e-008 5.56074e-018 7.6985e-044 0.577408 4.96037e-027 0.577391 1.80932e-050 3.93334e-036 1.62953e-012 0.577399 
0.894078 0.448438 8.36518e-027 7.09517e-064 2.09572e-026 6.65798e-137 1.91117e-069 2.94706e-099 5.81084e-018 2.25268e-054 
3.03543e-016 1.04731e-016 1.19837e-008 0.44724 0.894479 2.10912e-014 8.50026e-055 6.67732e-051 1.78348e-097 1.32525e-035 
2.39662e-008 3.9061e-012 0.89443 0.447215 1.33832e-017 4.06968e-020 4.34619e-055 4.42941e-244 1.46738e-077 1.03424e-042 
1.54701e-008 6.34266e-018 0 6.93931e-054 5.94984e-044 0.577351 3.09093e-068 0.577353 2.41484e-059 0.577352 
0.677543 0.122671 0.661078 0.115122 0.0883524 0.10236 0.136807 0.110865 0.117067 0.120062 
7.86927e-009 3.31488e-009 1.94183e-062 1.32947e-013 8.44974e-009 0.448331 1.1054e-069 0.896662 1.13457e-050 8.99572e-065 
0.577349 6.71861e-009 4.85957e-029 6.31393e-033 1.22395e-014 2.67657e-103 8.95371e-060 2.08316e-037 0.577357 0.577354 
0.577353 6.55117e-025 2.75824e-026 4.82987e-313 1.46254e-020 2.77112e-016 3.08255e-026 0.577352 0.577352 1.79363e-021 
2.39664e-008 1.60967e-033 0.89444 8.57744e-043 5.91792e-039 0.44722 1.98855e-051 1.2505e-025 1.9899e-076 9.07863e-063 
1.54701e-008 4.79435e-035 7.39067e-034 3.71274e-063 0.577353 2.73529e-016 3.08255e-026 0.577352 0.577352 1.79363e-021 
0.577347 3.75778e-010 2.56672e-021 0.577349 4.89115e-015 4.56746e-037 7.86861e-037 0.577361 6.14786e-045 7.48253e-097 
1.1983e-008 0.447214 1.16078e-016 2.31913e-032 5.91779e-034 0 0.894428 6.17816e-041 2.29142e-051 4.72678e-045 
4.14521e-016 1.54702e-008 2.7682e-064 0.577355 8.07096e-027 2.6613e-077 0.577354 1.03375e-033 0.577354 1.22748e-087 
0.447215 4.4949e-017 6.69783e-025 3.65729e-020 2.45244e-052 2.25074e-063 1.5308e-064 2.15655e-070 3.70404e-010 0.89443 
0.577416 0.577328 5.71805e-011 1.1682e-062 8.64837e-040 0.577313 6.3219e-177 1.25053e-025 7.03992e-066 4.15006e-040 
2.39661e-008 0.894429 0.447214 4.25457e-020 7.60137e-032 4.35413e-106 4.42436e-037 1.31622e-040 1.90817e-011 1.49772e-034 
1.55026e-008 0.578567 1.08585e-048 0.578474 1.00271e-026 0 0.578481 0 1.46322e-009 3.39128e-055 
0.122013 0.120137 0.118496 0.668544 0.671597 0.108768 0.0974652 0.11094 0.11147 0.112671 
1.19831e-008 3.75224e-031 2.23593e-109 1.03399e-039 8.88518e-039 2.06847e-056 1.95569e-046 0.447214 0.89443 3.00263e-047 
1.56011e-008 1.69124e-018 0.582243 3.00465e-060 0.58224 1.47191e-043 4.1326e-105 8.41487e-041 1.22735e-010 0.582242 
5.44119e-009 1.06765e-008 0.447215 1.70236e-011 1.23861e-017 4.97246e-077 0 1.59368e-034 0.894433 1.4351e-033 
4.08283e-016 1.52373e-008 2.6798e-009 0.577393 9.47539e-044 3.4755e-075 0.577384 0.577402 1.26089e-020 8.97153e-065 
0.0739285 0.662878 0.0879996 0.121169 0.11342 0.101229 0.081892 0.112924 0.691452 0.112194 
0.0768528 0.688752 0.121713 0.126727 0.703564 0.126833 5.16319e-289 4.20491e-172 0.135345 0.114981 
7.55215e-010 1.19593e-008 2.96812e-041 0.447215 6.37518e-023 5.45632e-025 9.02581e-097 1.02245e-040 9.47794e-050 0.894429 
2.39663e-008 1.03271e-019 2.95707e-091 0 0.894436 2.60038e-067 3.98183e-025 4.23477e-144 0.447218 3.18191e-123 
1.19912e-008 1.42147e-017 0.447518 0 1.25508e-050 1.17422e-009 0.895037 1.22618e-254 6.05498e-015 2.11795e-030 
2.39661e-008 1.19638e-019 3.7657e-062 3.39031e-046 0.894429 0 0.447214 1.17023e-033 6.20448e-011 1.62017e-045 
1.51669e-008 1.86262e-008 9.79571e-023 1.02313e-027 0.896448 6.56616e-062 5.08689e-016 0.448224 8.30503e-037 1.88322e-044 
0.0659104 0.668066 0.114531 0.675714 0.0999593 0.122423 0.12204 0.11805 0.118513 0.112051 
2.96232e-016 2.89954e-016 1.54701e-008 1.14366e-068 0.577353 3.84096e-016 1.67997e-047 0.577354 3.25819e-069 0.577354 
1.59302e-008 0.594523 0.594531 1.16539e-017 8.08363e-036 2.07659e-068 0 2.52126e-075 0.594529 1.31068e-036 
0.0903402 0.0904777 0.0953575 0.0846829 0.0881215 0.0975691 0.0900065 0.090453 0.0663159 0.967948 
1.1983e-008 0.447213 1.34757e-131 1.53595e-011 3.29477e-038 3.98048e-103 4.74327e-302 1.51367e-112 0.894429 8.07704e-045 
0.0821571 0.0864558 0.680948 0.0902814 0.0761212 0.674307 0.113772 0.11656 0.112723 0.119964 
3.21085e-016 1.19831e-008 2.24458e-036 0.447214 2.38122e-035 3.57748e-088 0.894429 3.62505e-031 5.86646e-015 1.02032e-027 
1.35767e-011 2.39686e-008 0.894521 3.22243e-039 9.8544e-058 1.92099e-115 0.44726 1.19755e-033 2.02001e-076 6.22548e-066 
0.107881 0.10547 0.112513 0.10916 0.660767 0.109666 0.109275 0.114911 0.702596 0.112779 
5.30373e-009 4.71139e-018 9.5079e-010 1.07396e-008 6.71692e-036 0.448425 6.88904e-108 6.51696e-166 5.15468e-021 0.896849 
0.577566 3.16373e-045 0 0.577557 8.64745e-015 0 8.64413e-059 2.69435e-015 0.577474 2.22019e-061 
0.578833 2.49012e-012 4.72459e-021 0.578746 0.578786 9.47517e-034 4.05627e-104 6.37443e-070 8.13731e-047 3.45174e-050 
0.577351 8.67537e-030 0 0.577343 6.36414e-029 0 0.577361 9.58849e-016 5.52894e-108 4.87602e-031 
0.12252 0.119512 0.66159 0.0872625 0.113554 0.120063 0.112511 0.680343 0.117547 0.110983 
0.447214 2.09711e-014 7.26494e-025 1.0763e-211 1.88554e-049 6.1342e-043 0.894429 3.7387e-225 6.75082e-047 5.21902e-021 
1.28168e-009 1.54211e-008 8.54682e-023 8.65385e-011 3.18542e-044 0.577518 0.577518 0 0.577517 1.53624e-039 
0.669817 0.0954449 0.121907 0.685658 0.107513 0.123782 0.123649 0.115195 0.115496 0.121521 
1.56104e-011 5.35899e-009 1.1151e-139 1.0718e-008 7.80626e-051 0.447214 2.98944e-024 4.71882e-112 0.89443 2.09927e-123 
1.54722e-008 0.577431 0.577459 1.28112e-038 4.36222e-044 1.46809e-113 0.577165 1.20057e-033 1.68606e-038 8.85793e-076 
1.54732e-008 0.577468 8.91445e-069 0.577469 5.29992e-013 6.80055e-134 7.06173e-046 1.28751e-036 0.577466 6.82943e-043 
4.18837e-025 2.62733e-024 1.07871e-023 4.14643e-016 1.80477e-040 1.54706e-008 0.577373 0.577374 0.577373 2.05097e-123 
0.447333 7.27311e-024 5.43666e-006 1.92962e-078 2.96477e-031 1.74982e-065 7.30305e-039 0 0.89437 3.00742e-047 
7.02451e-009 1.37833e-008 0.577352 0.577353 2.4918e-031 1.51762e-080 6.39305e-047 3.97061e-035 0.57735 7.07654e-043 
0.577355 2.75061e-047 1.43206e-014 4.54184e-070 0.577352 0.577349 2.98155e-134 0 3.07594e-019 9.60869e-077 
0.577426 1.18784e-024 0.577455 4.0909e-039 7.58635e-016 1.06272e-062 0.577173 2.16425e-035 1.88959e-055 2.96626e-020 
2.67949e-008 2.12186e-015 4.00436e-058 8.59996e-072 4.66914e-035 1.61854e-021 3.83626e-035 0 1 1.73235e-062 
9.76844e-009 1.19964e-008 0.577368 0.577375 9.69844e-015 0.577372 8.20088e-102 2.50566e-058 2.96694e-035 5.86691e-050 
1.69494e-008 3.56826e-018 6.95511e-032 1.69451e-008 1.39957e-032 1.2129e-099 3.58768e-209 5.47207e-075 0.894464 0.447231 
0.577806 0.57771 0.577806 2.12141e-069 2.66386e-024 1.106e-061 4.51172e-092 1.07537e-038 2.26075e-048 6.31184e-035 
1.54717e-008 0.577413 8.28966e-026 6.93564e-021 3.61622e-037 0.577414 3.36478e-069 9.02114e-041 5.95651e-061 0.577407 
4.14528e-016 1.54704e-008 1.09104e-032 6.13645e-068 0.577364 0.577353 1.36406e-176 9.86136e-025 4.63158e-048 0.577352 
4.14539e-016 1.54708e-008 0.577379 6.45329e-012 2.39153e-047 1.24895e-138 0.577379 0.577376 2.78507e-194 1.13712e-027 
0.896074 3.8612e-012 1.10561e-083 0 1.10198e-026 9.80579e-052 3.98912e-025 1.26538e-219 0.448037 5.84113e-123 
3.73952e-020 4.14579e-016 1.54723e-008 1.77847e-039 0.577435 0.577436 0.577434 1.12102e-038 4.89503e-038 3.04703e-102 
6.69972e-015 7.46781e-012 1.19831e-008 0.447215 7.33532e-044 2.96566e-111 8.3169e-069 0.894429 1.19288e-024 2.3055e-049 
1.54712e-008 0.577393 1.38897e-226 1.16787e-017 0.57731 1.46239e-069 3.19048e-058 2.06749e-040 0.577353 4.0036e-028 
2.39663e-008 0.894436 2.5748e-057 9.77126e-096 6.55788e-036 0 1.00264e-111 1.18469e-038 1.15557e-037 0.447217 
0.447598 0 0.895228 7.8213e-059 1.0503e-014 7.87309e-095 0 3.94904e-075 0 7.06764e-083 
1.1108e-023 4.14556e-016 4.02019e-080 1.54714e-008 0.577402 1.79644e-067 1.35927e-026 2.28818e-063 0.577407 0.577406 
1.12292e-009 1.35109e-008 2.48969e-019 7.45147e-009 0.577361 0.577361 7.35305e-035 2.76119e-130 0.577358 1.8283e-039 
1.547e-008 0.577348 3.48051e-043 0.57735 4.49827e-052 1.01297e-084 1.00923e-017 0.577361 6.94843e-029 3.86494e-062 
2.67949e-008 1.02545e-017 1.81845e-039 1 3.89699e-021 1.13808e-077 1.32594e-159 1.37579e-032 3.04171e-019 7.15837e-028 
1.54701e-008 0.577352 7.97645e-139 5.05111e-034 6.94501e-024 0.577353 9.72587e-095 3.07914e-162 0.57735 1.56736e-021 
0.106074 0.104395 0.684694 0.115764 0.101213 0.110437 0.102124 0.105418 0.106143 0.664922 
0.0938552 0.0925714 0.111415 0.0966843 0.0791012 0.0978027 0.121669 0.680221 0.676379 0.104958 
0.577347 0.577346 5.91656e-019 2.05531e-321 1.7437e-014 8.07137e-079 5.6103e-049 0.57736 7.14489e-122 9.01395e-276 
0.080289 0.0803658 0.0695049 0.0707285 0.0734657 0.0839833 0.973609 0.0663846 0.0879129 0.0974948 
1.19832e-008 0.447218 1.13014e-015 1.48569e-089 0.894434 1.12033e-061 2.821e-051 1.42918e-056 2.66586e-056 8.17864e-027 
2.67949e-008 1.95368e-015 6.68645e-055 4.31398e-088 1 7.86849e-095 1.14073e-094 7.09544e-056 6.34223e-019 7.14502e-083 
0.577468 0.577468 8.93734e-013 0.577137 1.18866e-033 0 0 1.34546e-036 7.22986e-029 6.87573e-069 
0.594523 2.56101e-012 0.594531 1.16539e-017 8.08363e-036 2.07659e-068 0 2.01621e-087 0.594529 5.62567e-123 
6.33805e-016 1.05725e-027 1.13621e-016 2.4031e-008 1.34339e-035 0.896851 3.14929e-055 1.30339e-165 1.03085e-020 0.448425 
4.14758e-016 1.5479e-008 0.577685 0.577687 1.04276e-029 2.90891e-056 2.89159e-082 5.64103e-066 1.01443e-020 0.577686 
0.449509 7.39212e-017 6.2814e-055 3.27417e-075 1.09518e-014 0.899019 1.23648e-017 5.62925e-039 7.78695e-032 1.18048e-065 
0.579013 2.79539e-010 9.07604e-025 1.56926e-074 6.06713e-015 0.579014 8.32827e-092 2.34986e-027 0.579012 1.40299e-021 
0.0823783 0.0810741 0.0832729 0.0881366 0.106236 0.965889 0.0783548 0.0661996 0.08795 0.0972657 
0.0765327 0.0746523 0.0793907 0.100128 0.106712 0.0952065 0.680137 0.116334 0.107889 0.6812 
1.89464e-008 0.707091 0.707126 1.56879e-038 4.82119e-050 8.3992e-058 7.08289e-013 1.37428e-033 1.88807e-038 9.34189e-074 

