0.0247175 0.543606 0.85673 0.177656 0.0319629 0.00445689 0.0685501 0.548673 
0.00230183 0.00097113 0.743925 2.74162e-005 0.146763 0.0426665 0 0.833923 
0.0140843 8.47545e-005 0.96199 0 0 0.0102076 0.565185 0 
0.00866437 0.00305215 1.03341 0.0155783 0 0.00198406 0 0.509712 
9.41114e-011 1.67299e-011 2.55062e-008 0 0.951913 0.658861 2.41392e-005 0.0737399 
0.840992 0 0.000131991 0 0 0.775118 0 3.11551e-005 
0.0201613 0.629393 0.000268055 0 0 0.944563 0 0.0143017 
0.342959 0.00302288 0.358438 0.667573 0 0.631386 0 0.542417 
0.286127 0.969996 0.530408 0.0493631 0 0.040132 0.0399574 0.145027 
1.56331e-008 4.96711e-009 7.23984e-007 0.0288825 0 1.0032 0.488179 0 
0.591586 0.126542 0.34896 0.0613489 7.62912e-005 0 0.619615 0.607908 
0.78133 0.0255652 0.0151734 0.485831 0.648143 0 1.80996e-005 0.0144201 
0.983759 0.144447 0 0.175128 0.0553663 0.451192 0 0 
0.462848 0 0.0182312 1.0047 0.17048 0 0 0.00526758 
0.00614571 0.00215611 0.735458 0.000185087 0 0 0.681025 0.494324 
1.09455 0.0313443 0.00158066 0.00020991 0 0.0340747 0 0.281749 
3.12899e-005 0.0277376 0.043685 0.00787061 0.656402 0 0.635634 0.604195 
0.642186 0 0.898343 0 0 0 0 1.61425e-005 
6.02025e-005 0.620277 0.504759 0.326617 0.825624 0 0.000215893 0.00306348 
2.4944e-008 8.11314e-009 1.3756e-008 0 2.34129e-009 2.10391e-009 1.1116 0 
0.000593766 0.000188686 2.48444e-005 4.89336e-006 1.08553e-006 0.598425 0.942626 0.016271 
1.01127 0 0 0.0406456 0.442493 0.0743679 0.0763692 0.0901044 
5.97075e-006 2.42791e-007 0.000143375 1.0015 0.439493 0 0 0 
0.131197 0.100235 0.135778 0.146422 0.0300951 0.139822 0.114828 1.07928 
1.87097e-017 6.98256e-010 1.96974e-008 0.73558 0 0 0.432895 0.763329 
8.99263e-010 2.85723e-010 2.68722e-008 1.0035 0.00178 0 0.488124 0 
1.10759 0 0.214416 0 0 0 0.0470511 0.000207398 
1.05196 0.470893 0.000127263 0 2.22449e-005 0.0408528 0.0479863 0.0999242 
0.123618 0.745842 0.424433 0.0842417 0 0.712898 0.0494887 0.0865313 
8.71631e-012 0.000325298 0.0349105 0.698878 0.611965 0.628801 0.0949122 0 
1.51349e-008 6.96341e-012 2.11752e-008 2.79338e-009 0.976956 0.000505634 0.502289 0 
0.494444 0.105763 0.405014 0.095868 0.691521 0.0570468 0.133991 0.626997 
0.0600833 0.990266 0.0256895 0.00645066 0 0 0.561228 0.00159591 
0.00770305 0.504577 1.06317 0 0 0.0323849 0.0574117 0 
0.474735 0.0706644 0.75565 0.270835 0.144151 0.138858 0.031025 0.575646 
0.000296653 0.763522 0.0285532 0 0.00791935 0.61792 0.577214 0.0165186 
0.0019941 0.00215868 0.572257 0.00826666 0 0.981875 0.148389 0.00471101 
1.00227 0.000542992 0.000357619 0 0.00464374 0.376115 0 0.478009 
0.360029 0.00118189 0.566827 0.120236 0.1372 0.657791 0.029424 0.575041 
1.97115e-008 0.735646 0 0.341929 0 0.00140669 0 0.764315 
0.314708 0.000931964 6.3262e-005 0 0 0.290057 2.63213e-005 1.03731 
0.401732 0.198193 0.289183 0.12159 0.101335 0.954198 0.16871 0.11005 
0.000850115 0.0116502 0.0329623 0 6.82777e-007 0.488326 0.770284 0.649182 
3.57744e-008 0 1.3253 0 0 0 0 0 
2.14305e-009 0.0799796 0.604167 0.000206298 0 0.000265014 0.95931 0 
1.10662 0.0113645 0.00517604 0.0500698 0.12235 0.000122937 0.0733311 0.0203712 
2.70532e-008 1.00964 0 0.469271 0 0 6.52148e-005 0 
0.83403 0 0.104228 0.00496398 0.630871 0.0260413 0 0.469451 
0.940408 0.458716 0 0.0338361 0 0 0 0.467325 
9.05199e-009 0 2.87117e-008 7.25111e-010 2.32761e-010 1.12389 0 0 
0.0220326 0.65362 0.0159553 0 0.925467 0 0.000113053 0.0361468 
0.57054 0.267456 0.330449 0.585985 0.654346 0.0694107 0.148641 0.102153 
0.739874 0.0459368 0.00559447 0.163029 0.233014 0.676852 0 0.465892 
1.60346e-008 6.88641e-009 0 0.651274 0.00104916 0.720748 0.550956 0.000198253 
4.80834e-007 1.21354e-008 6.83745e-005 0.633201 0 0.922825 0.00396171 0 
1.04583 0 0.0754793 0.00427147 0.36482 0.354043 0 0 
0.719149 0.88163 0 0 4.85967e-005 0 0 0 
0.282509 0.242587 0.301525 0.188897 0.628434 0.831447 0.0002836 0.109389 
0.15374 0.725958 0.00432769 0.00672254 0.178549 0.0535524 0.116879 0.846237 
0.534519 0 0.013224 0.675246 0.150905 0.0752131 0.743331 0.0279791 
1.04731e-008 3.40642e-009 5.77566e-009 0 9.83025e-010 3.97282e-009 0.488595 0.998446 
0.111063 0.676653 0.535151 0 0 0.711754 0.0494134 0.116254 
0.44471 0.0276269 0.558745 0.648422 0 0.0830209 0.683814 0.0454592 
0.647185 0.0888436 0.531729 0.0628279 0.812003 0 1.48177e-005 0 
0.190619 0.165543 0.613801 0.209231 0.844615 0.148356 0.0168457 0.103956 
0.935311 0.400093 0.00601486 0 0.00268786 0.470628 0 0.0270886 
0.963145 0.00550676 0.000229683 0 0 0.447207 0.462802 0 
0.42393 0.827769 3.22372e-005 0 0.638665 0.134877 0.0215821 0.144642 
6.49172e-016 4.64686e-016 2.97947e-008 4.62856e-009 4.86234e-010 2.5652e-010 0 1.12548 
0.000143507 0.747523 0.00968942 0 0.526656 0 0.0495226 0.636139 
0.921128 0.39412 0 0.0402689 0.438392 0.0737046 0.0756616 0.0892074 
8.78235e-010 2.86598e-010 2.77219e-008 1.03517 0.000168685 0.506301 0 0 
0.0166453 0.777004 0.10236 0.571435 0.0488463 0.0341332 0.577074 6.31002e-005 
1.10634 0.174156 0.00116821 0 0.00501237 0 1.41642e-005 0 
0.0314971 0.0108864 0.736666 0.000602239 0.543745 0 1.14624e-005 0.637338 
0.948135 0.000990975 0.00856644 0.44038 0 0 0.478985 0.00345245 
0.00501678 0.000893248 0.845388 0 0.437529 0.658862 2.41392e-005 0.073725 
1.12152 0 0.000477403 0.00176846 0 0.264209 0 0.0145158 
0.831585 0.130904 0.0925608 0.00915338 0.00604739 0 0.601961 0.417879 
0.233722 1.10363 0 0.010162 0.0782503 0.0793423 0.181825 0.024746 
9.66489e-009 3.3584e-009 2.46693e-008 1.1578e-009 3.92949e-010 0.997764 0 0.489576 
0.85606 0.00454987 0 0 0 0 0 0.69171 
0.036268 0.00775782 0.0217064 0.733157 0.887934 0.0690194 0.0681094 0 
0.896919 0.0256905 0.0157631 0.527817 0 4.66599e-005 0 0.463853 
0.921869 0.485794 0.00699464 0 0 0 0.454143 0.0621947 
0.000816008 0.723367 0.0374386 0 0.000145592 0.00978642 0.699303 0.539313 
1.01388 0.0663808 0.53248 0.0475178 0 0.040406 0.0477871 0.122614 
0.886047 0 0.000326527 0.74439 0 0 0.00287954 0.00378549 
0.113462 0.997459 0 0 0.49179 0.00259097 0.0345239 0 
1.08215 0.000626187 0.000201945 0.268892 0 0 0 0 
0.000329774 9.67389e-005 1.76776e-006 0.531923 0 0 0.979259 7.85513e-005 
0.961436 0.00724573 0.0123873 0.446596 0.243537 0 0.113136 0.0650625 
1.09205 0 0 0 0.0435377 0.0516234 0.201599 0.0202908 
1.32464e-009 1.17417e-006 0.000144485 0.717528 0.655376 0 0.59644 0.000758568 
0.0418351 0.576417 0.808822 3.97891e-005 0.000728983 0.153809 0.517221 0 
1.82921e-008 8.18549e-009 0.747906 1.45825e-005 0.0376597 0.591123 0.606128 6.31004e-005 
8.10138e-016 0 3.02348e-008 1.12838 0 0 0 0 
1.01877 0.160371 0.113396 0 0.00740822 0 1.31219e-005 0.42169 
0.526831 0.0862209 0 0.0485008 0.616259 0 0.795382 0.15421 
2.73165e-008 4.21283e-009 1.03152 0.395977 0 0 0 0 
0.270332 0.113048 0.62486 0.154242 0.163021 0.201504 0.859448 0 
0.22422 0.754149 0.0409622 0.246081 0 0.0111516 0.796831 0.0265652 
2.54688e-005 8.97176e-006 3.4657e-007 4.07077e-007 0 0 1.00976 0.49797 
1.02854 0 0.00441745 0.0465346 0.11375 0.0367525 0.451722 0.0209605 
0.000154805 0.669856 0.0184803 0.958493 0 0 0.00666696 0.0263218 
3.00666e-008 1.1221 0 0 0 0 0 0 
0.00451306 0.00273402 0.0144644 0.00368467 0.701877 0.609592 0.660772 0.0775951 
0.324149 0.0200275 0.457026 0.123289 0 0.741635 0.627916 0.137785 
0.00377686 0 0.107583 0.0175726 0.659861 0.8994 8.34282e-005 8.93921e-005 
3.27957e-008 0.730852 0 0.555558 0.0285268 0.723312 0 0.00789353 
0.9556 0 0.361656 0.0981208 0 0.000319484 0.0572925 0.509872 
1.0218e-010 1.81642e-011 2.76844e-008 0 1.0332 2.91137e-005 0 0.50693 
1.03107 0 0.124479 0.274416 0 0.399675 0 0.0144392 
0.0346192 0.00715868 0.722148 0.84634 0.000266255 0.0423277 0.000981093 0.000443737 
1.13702e-010 2.02124e-011 3.08156e-008 0 1.15006 0 0 0 
0.101248 1.06267 0.00170852 0.00013587 0.009031 0.35915 9.35863e-005 0 
4.71013e-006 0.0041751 0.707524 0.0649646 0.648969 0.122761 0.595395 0.000757239 
2.72786e-010 5.62686e-009 2.64969e-008 1.01098 0 0 0 0.475522 
1.55038e-008 0.578608 0.827399 0.469273 0 0 6.5215e-005 0 
0.00369854 0.00120662 1.03651 0.00579396 0.00107726 0.506215 0 0 
0.731333 0.629578 0.66732 0.000242568 0.015387 0 0 0 
6.45813e-006 1.51884e-006 0.0344295 0 0.73005 0.599048 0 0.60539 
0.485579 0 0.246482 0.260421 0.00828405 0.0341074 1.00137 0.0547619 
0.027378 0.00566131 0.571098 0.66922 0.000210546 0.0334714 0.136751 0.688948 
0.797811 0 0.407817 0 0 0.72187 0 0.0429102 
0.903417 0 0.579432 0.471745 0.0160895 0.00602247 0 0.0140269 
0.0517728 0.244511 1.09382 0 0 0.0788371 0.169445 0.00598056 
1.73791e-008 8.1469e-009 0.716324 0.589951 0.658001 0.0575393 0.133013 0.00271251 
0.190334 0.085365 1.04698 0 0.440614 0.0108112 0.032025 0 
7.55364e-009 0 0.281906 0.164509 1.04735 0 0 0 
0.396527 0.37696 0.00132961 0.00424665 8.62189e-005 0 0.977555 0 
0.903273 0.00067965 3.13105e-005 0.00419718 0.521087 0.00144312 0.540151 0 
0.0215094 0.674637 0.00128864 0 0 0.622111 0 0.739597 
1.10462 0 0.0446341 0.00143884 0.170355 0 0 0 
5.92768e-005 0.499728 0.00121852 0.790457 0.658447 0 0 0.0029322 
0.795843 0 0.00151579 0.00377742 0.839176 0.000229108 0.0118689 0 
0.939075 0.000528682 0.49237 0 0.370052 0.0478226 0.0468192 0.139784 
0.425434 0 0.669797 0.142079 0.0936401 0.766938 0.0343114 0.0204362 
0.880395 0 0.607953 4.74919e-006 0.0146833 0.00194103 0.472796 0 
0.0025535 0.000502325 0.726356 0.519845 0.0277411 0.705326 0 0.00933399 
0.0323621 1.03245 0 0.00323376 0 0 0.075965 0.527007 
0.33638 0.104605 0.280723 0.587215 0.115151 0 0.121006 0.821427 
0.0910375 0.0200271 3.64105e-005 0.663811 0.613819 0.00284995 0.00053762 0.654857 
0.250877 0.733009 0.269723 0.736807 0.0315624 0.0446109 0 0.0955758 
5.12145e-011 9.10424e-012 1.38802e-008 0 0.518021 0 0.995953 0 
0.075918 0.667403 0 0 0.590757 0.702863 0.0351338 0 
0.904524 0.441154 0 0.476241 0 0 6.52147e-005 0 
0.0471707 0.777446 0.0201686 0.00714624 0.613697 0 0.560884 0.00159493 
2.32508 0 0 0 0 0 0 0 
0.191451 0.0818961 0.805118 0.717116 0.00117883 0.214071 0 0.0283909 
0.410294 0.201296 0.000165536 0.753789 0.0939909 0.685021 0.178165 0.0093008 
0.823862 0.0215213 0 0.0023674 0 0 0.802623 0.00376312 
0.0785834 0.0256418 0 72.7671 0.00324777 35.5903 0 0.0433906 
0.643198 0.301517 0.0355423 0.585774 0.65411 0.0693856 0.151719 0.102153 
0.285035 0.966293 0.528384 0.0471235 0 0.0400708 0.0473907 0.147302 
1.04473 0 0.0971958 0.0042743 0.365169 0.354288 0 0 

