0.333989 0.0835182 0.0836917 
0.0403234 0.126384 0.335086 
0.0838071 0.209003 0.208678 
9.8749e-005 0.209165 0.292306 
0.125254 0.376007 4.51474e-006 
0.418059 0.0417155 0.0417875 
0.083423 0.417642 0.000184074 
0.292066 0.0833563 0.125877 
0 0.501296 1.30645e-011 
5.69721e-006 0.0833107 0.417948 
0.0837802 0.0417585 0.375999 
0.333951 0.125971 0.0414233 
0.209508 0.167011 0.125134 
0.250585 0.0840387 0.167238 
0.0827116 0.251605 0.167245 
0.208739 0.251173 0.0416862 
0.124972 1.36322e-007 0.376701 
0.417897 5.57913e-006 0.0831912 
0.375914 8.83624e-011 0.125177 
0.0421523 0.0832954 0.375827 
0.12571 0.334369 0.0414484 
6.77944e-007 0.292475 0.209002 
1.53336e-005 0.334263 0.167177 
0.125454 0.0417144 0.33405 
0.16711 0.000274879 0.333926 
0.0840783 0.000109319 0.417103 
0.0421683 0.292324 0.16689 
0.0413641 0.37653 0.0833355 
0.125306 0.125319 0.250594 
9.68522e-007 0.124818 0.376475 
0.0838425 0.0837154 0.333834 
0.376042 0.125175 4.74716e-005 
0.0425053 0.208749 0.249967 
0.0828352 0.12637 0.292224 
6.89743e-005 0.1677 0.333636 
0.250918 7.47807e-005 0.25064 
0.0457343 0.413819 0.0416935 
8.87437e-007 0.376394 0.125182 
0.375763 0.0429008 0.0834894 
0.459447 2.34666e-010 0.0417535 
0.250698 0.208877 0.0417587 
0.33459 3.50006e-008 0.167117 
0.250392 0.250795 1.1178e-005 
0.166777 0.250989 0.0835776 
0.209198 0.0842116 0.208425 
0.251212 0.0416103 0.208592 
0.0426969 0.167743 0.291037 
0.0421544 0.334235 0.12518 
0.376089 0.0835559 0.0417758 
0.0838786 0.376169 0.0416472 
0.418055 0.0834704 3.40702e-005 
0.166626 0.291896 0.0425634 
2.26332e-007 0.250962 0.250963 
0.208216 0.0423273 0.251068 
0 0 0.501226 
0.125881 0.0840819 0.291503 
0.209317 0.125387 0.166964 
0.166413 0.0436706 0.29147 
0.0830423 0.293094 0.125256 
0.292468 3.90459e-006 0.208589 
0.208391 0.000119728 0.292758 
0.501786 1.09299e-010 8.76181e-011 
0.0418564 0.250882 0.208833 
0.167792 0.16733 0.167173 
0.293008 0.124679 0.0837279 
0.124521 0.294214 0.0835033 
0.250775 0.125305 0.125272 
0.167084 0.0834393 0.251047 
3.37238e-007 0.0410712 0.460339 
0.166906 0.334455 3.47261e-006 
0.250526 0.167671 0.0830861 
0.292315 0.2088 9.73635e-005 
0.0423574 0.0420305 0.416903 
0.0417069 1.27329e-006 0.459472 
0.208614 0.292641 2.98767e-005 
0.168082 0.124545 0.208991 
0.0832436 0.167038 0.251073 
0.0418653 0.459268 0.000285503 
0.125458 0.25101 0.125299 
0.333759 0.0423807 0.125258 
0.166447 0.209888 0.125354 
3.56683e-006 0.459675 0.0416142 
0.209186 0.208582 0.0838871 
0.292713 0.167263 0.0413657 
0.293425 0.041832 0.166764 
2.85797e-005 0.417924 0.0834885 
0.124824 0.167674 0.208899 
0.12493 0.209745 0.167434 
0.459539 0.0417053 3.1623e-005 
0.0837608 0.334132 0.0833352 
0.33441 0.167064 1.37835e-005 
0.420579 0.0809635 1.69104e-005 

