0.208402 0.000351251 0.291643 
0.12091 0.339717 0.0394176 
0.0816174 0.0864908 0.331922 
0.204936 0.172708 0.122625 
0.370402 0.129919 8.28848e-006 
0.000548322 0.172845 0.327005 
0.0815179 0.338624 0.0804644 
0.287381 0.212936 3.67722e-005 
0.245441 0.172426 0.0821826 
0.333708 0.00124541 0.165397 
0.332596 0.0451484 0.122563 
0.123376 0.129875 0.247032 
9.13482e-006 0.298052 0.202284 
0.122967 0.086213 0.291112 
0.000262961 0.460327 0.03995 
0.166712 0.0421941 0.291349 
0.125116 2.36587e-006 0.375132 
0.000571636 0.12969 0.370001 
0.0416164 0.172341 0.286396 
0.00112894 0.256754 0.242642 
0.328106 0.172111 7.52858e-005 
0.248622 5.95497e-009 0.251621 
0.165789 0.087038 0.247461 
0.040728 0.419678 0.039934 
0.163964 0.214186 0.122131 
0.124326 0.0441308 0.331824 
0.375565 8.99547e-009 0.124707 
0.291334 3.9714e-005 0.208666 
0.456222 0.0440015 0.000268492 
0.412503 0.0879822 1.55243e-005 
0.414674 0.0437763 0.0418415 
0.244168 0.256174 7.25649e-005 
0.0838168 0.171164 0.245046 
0.000239786 0.379709 0.120288 
0.249798 0.0430532 0.207381 
0.120127 0.380338 1.61084e-005 
0.121737 0.256546 0.122174 
0.123474 0.172595 0.204232 
0.287315 0.129798 0.0829337 
0.289394 0.0867498 0.124095 
0.289427 0.045856 0.164742 
0.0418282 0.000201732 0.458505 
0.000212675 0.420848 0.0794008 
0.163628 0.173398 0.163484 
0.417116 0.000212139 0.0829765 
0.000162681 0.339452 0.160849 
0.161821 0.256887 0.0815163 
0.0808653 0.298955 0.120801 
0.161145 0.339102 4.14352e-005 
0.0835666 0.000418034 0.416263 
0.0407127 0.459619 1.15188e-005 
0.206461 0.0863546 0.207425 
0.0385433 0.381145 0.0803798 
0.287682 0.171769 0.0408985 
0.0814272 0.256602 0.161998 
0.000102235 0.0438315 0.456314 
0.205734 0.0471651 0.247591 
7.12401e-005 0.0871488 0.413017 
0.082367 0.417953 1.15186e-005 
0.0807075 0.37976 0.0399394 
0.1214 0.297975 0.0808892 
0.0815747 0.214523 0.204223 
0.373566 0.0863579 0.0406262 
0.205439 0.130462 0.164156 
0.458599 2.17885e-005 0.0416398 
1.82611e-009 0.526711 7.61443e-010 
0.207978 0.253232 0.0388292 
0.329613 0.130267 0.0405916 
0.248362 0.0867647 0.164903 
0.331663 0.0871602 0.0812194 
0.373764 0.0436439 0.082864 
0.0365293 0.216065 0.247755 
0.16209 0.299301 0.0388445 
0.244697 0.214901 0.0406647 
0.500438 3.30398e-009 1.60078e-007 
0.0401251 0.297988 0.162123 
0.0409639 0.0430394 0.416264 
3.3801e-006 0.212626 0.287449 
0.0376094 0.259243 0.203189 
0.20394 0.21474 0.0815477 
0.12105 0.214233 0.164742 
0.0434499 0.0865611 0.37029 
3.53704e-012 7.40506e-012 0.500075 
0.201524 0.298278 0.000438832 
0.0818264 0.129146 0.289285 
0.0408515 0.339201 0.120199 
0.0842793 0.04178 0.374189 
0.16498 0.129992 0.205325 
0.0424381 0.129021 0.328824 
0.250648 0.127874 0.12179 
0.166922 7.65636e-005 0.333515 
0.0552032 0.137041 0.308078 

