0.829807 -0.578116 
0.618598 -0.126433 
0.827404 -0.535937 
0.836857 -0.679745 
0.632013 -0.327441 
0.221274 0.397851 
0.0616823 0.69579 
0.851868 -0.772234 
0.414031 0.181269 
0.421536 0.0880111 
0.628485 -0.281993 
0.620279 -0.155286 
0.831105 -0.598613 
0.442704 -0.0938933 
0.0697182 0.681034 
0.447367 -0.113332 
0.225932 0.362303 
0.826145 -0.512731 
0.438785 -0.0715675 
0.840349 -0.717582 
0.824882 -0.487951 
0.835333 -0.660753 
0.638216 -0.392797 
0.0314095 0.798264 
0.0163042 0.86657 
0.409332 0.244109 
0.0467615 0.738732 
0.0845366 0.671196 
0.0239952 0.830322 
0.184577 0.657754 
0.24731 0.258131 
0.435127 -0.0465229 
0.828529 -0.556222 
2.09392e-006 1.00082 
0.0766841 0.673527 
0.202112 0.538912 
0.621912 -0.182063 
0.64381 -0.432797 
0.190921 0.61962 
0.640707 -0.41271 
0.216604 0.427781 
0.842509 -0.736045 
0.42674 0.0300522 
0.411411 0.215769 
0.635991 -0.371178 
0.453485 -0.122731 
0.429279 0.00485548 
0.623477 -0.207302 
0.626801 -0.257817 
0.196353 0.580884 
0.0543547 0.71536 
0.432211 -0.0222052 
0.832408 -0.619751 
0.00819967 0.909848 
0.255303 0.244707 
0.419047 0.118623 
0.845348 -0.754798 
0.823855 -0.467701 
0.416557 0.149245 
0.0391924 0.767355 
0.630248 -0.305129 
0.648749 -0.451266 
0.211715 0.464983 
0.230194 0.334583 
0.833797 -0.640223 
0.206837 0.502635 
0.625104 -0.233033 
0.235689 0.30347 
0.240745 0.280063 
0.838583 -0.699842 
0.633931 -0.350078 
0.423998 0.0601053 
0.248808 0.254494 
0.20883 0.486695 
0.409887 0.235861 
0.839052 -0.70491 
0.0487079 0.732855 
0.828647 -0.558322 
0.634912 -0.354674 
0.629852 -0.299986 
0.831382 -0.602914 
0.833679 -0.632279 
0.836888 -0.680757 
0.420762 0.0978756 
0.436147 -0.0545642 
0.425962 0.0393767 
0.637126 -0.382216 
0.0246242 0.828048 
0.252016 0.248204 
0.21533 0.438424 
0.851084 -0.772221 
0.220109 0.406552 
0.845549 -0.754806 
0.647964 -0.450625 
0.82633 -0.516185 
0.841451 -0.725898 
0.028416 0.816154 
0.625775 -0.237746 
0.210676 0.475986 
0.829509 -0.573175 

