0.536993 0.000814196 2.5849e-005 0.265769 0.806459 
0.580953 2.68201e-005 0.574568 0.584176 0.000302793 
0.804476 0.534194 1.73163e-006 0.266854 0.000202259 
0.000209816 0.809925 0.270445 0.535209 4.97455e-006 
0.323927 0.636465 0.00104752 0.316127 0.632674 
0.234423 0.239991 0.944474 7.4614e-005 0.00107766 
9.88886e-005 0.290667 0.290771 0.874838 0.292484 
3.86063e-008 3.26582e-005 0.982581 0.196128 1.05909e-006 
2.11448e-005 0.537794 0.806166 9.39855e-005 0.267374 
3.97903e-007 0.000333879 1.11757e-006 0.707322 0.707761 
0.57733 0.581472 5.31954e-005 0.000358057 0.57602 
0.944395 2.73237e-005 3.42256e-005 0.233415 0.236057 
0.193169 0.983059 3.82487e-005 0.000821573 9.35961e-005 
6.61676e-005 5.75365e-007 0.896548 4.43618e-006 0.449231 
1.71276e-005 1.2087e-005 4.41245e-005 0.446107 0.898828 
1.16921e-005 0.239941 0.000405033 0.950066 0.239697 
2.98427e-005 0.197432 7.6345e-005 2.17329e-006 0.983976 
0.452273 0.000425087 1.12264e-005 0.900898 8.79659e-006 
5.99633e-007 0.582305 0.57597 0.576174 0.000301922 
0.320315 6.00899e-005 0.316818 0.631913 0.632963 
0.000114294 0.196425 0.000632236 0.981885 3.45386e-005 
0.981961 0.000171176 0.197406 4.18668e-006 5.58936e-005 
0.00011188 0.807764 0.531856 1.25191e-005 0.268136 
3.42244e-005 0.000575492 0.537103 0.267337 0.802316 
0.638124 0.31941 0.319578 2.94754e-005 0.636659 
0.807006 0.00118658 0.267566 1.6103e-005 0.535799 
0.446111 0.00144384 0.895831 7.94438e-005 0.000464984 
1.237e-007 1.18579e-007 7.96466e-006 0.895728 0.447689 
0.639661 0.634299 0.312685 4.07607e-005 0.316087 
0.000186921 0.711821 1.71342e-005 0.704145 5.36545e-005 
0.869484 0.292427 8.38177e-005 0.291143 0.285545 
0.544062 0.804196 3.62345e-006 0.264812 2.88742e-006 
0.810791 0.00010834 4.72745e-005 0.523341 0.278462 
0.636702 6.21884e-005 0.316989 0.630406 0.316082 
1.44629e-006 1.44627e-006 0.738765 0.736647 0.000254445 
0.000186839 0.578173 2.17381e-005 0.578961 0.577256 
0.446209 0.898865 1.35863e-005 0.000157861 0.000434994 
0.53562 0.269071 0.000298255 4.61949e-005 0.804163 
0.29325 0.291494 0.00107391 0.868875 0.288537 
0.287079 0.292779 0.870101 0.285145 4.9649e-006 
0.897346 6.46448e-006 0.000226232 8.73084e-008 0.444299 
0.944694 0.000205449 0.238177 1.20953e-005 0.235106 
0.288274 3.19917e-006 0.288345 0.867588 0.290496 
0.270332 5.73043e-006 3.14881e-005 0.536303 0.804996 
0.593794 0.000350642 0.00721498 0.580796 0.591004 
0.710326 0.354149 0.35233 0.351775 0.352368 
0.537108 8.12148e-005 6.7887e-005 0.80317 0.267939 
2.58639e-007 2.58636e-007 0.449256 0.896014 0.00024446 
0.00033662 0.268768 0.805073 0.53199 0.000105305 
8.64558e-006 2.07807e-009 0.198366 8.63139e-007 0.981967 
6.11971e-005 0.000122689 0.944642 0.235637 0.236216 
5.9847e-006 0.805352 2.7436e-005 0.265424 0.534878 
0.293182 3.92555e-005 0.287616 0.285891 0.868044 
5.85385e-005 0.983127 0.19597 8.41558e-006 6.83673e-005 
0.535153 0.00045426 0.802218 0.00247629 0.267972 
0.267047 0.807932 6.10954e-005 4.82972e-005 0.527356 
0.235102 0.944647 4.66059e-005 0.23197 2.18582e-005 
4.07944e-005 0.806535 5.06158e-005 0.533623 0.265852 
3.37125e-005 0.00224521 0.456492 5.85037e-005 0.898631 
1.19493e-005 0.194108 0.981494 2.29327e-006 4.72394e-006 
0.533919 0.000453213 0.803741 0.266466 1.41357e-005 
7.79268e-005 0.238486 0.945987 7.38485e-005 0.23576 
0.646837 0.649808 3.08694e-005 0.323804 0.320178 
0.273343 0.535746 9.86216e-005 0.802105 1.32315e-005 
0.89569 6.61331e-006 1.36454e-006 0.446583 2.36425e-006 
1.48427e-006 1.47554e-006 0.268891 0.536286 0.804108 
0.80642 8.78492e-005 0.535795 1.29419e-005 0.265069 
0.79853 0.549046 0.268387 0.000145817 0.00160787 
0.000817117 0.317104 0.635116 0.63203 0.317646 
0.000295842 0.948545 0.237426 1.20223e-005 0.232851 
2.74724e-005 0.266761 0.53231 2.86826e-005 0.805518 
1.56881e-005 0.318709 0.317423 0.632912 0.634941 
0.713625 5.53969e-005 2.94834e-005 0.706356 4.54536e-005 
2.99233e-007 0.293792 0.291995 0.289748 0.870022 
0.000189512 0.552811 4.49402e-005 0.811567 0.270863 
6.02059e-006 1.30286e-007 0.708052 0.000160245 0.708284 
0.000335505 0.806061 0.266027 8.90109e-005 0.533634 
0.291634 0.290581 0.282453 0.000364186 0.869051 
4.81289e-005 0.949012 0.000152859 0.228019 0.23242 
0.447469 0.0023165 3.14426e-005 3.86475e-005 0.897505 
0.318846 0.635526 0.313274 0.636847 9.44446e-007 
1.99081e-006 2.43469e-007 0.236596 0.944159 0.236197 
0.580502 0.583537 6.54699e-007 0.575526 1.71671e-005 
0.198304 3.02716e-005 0.000352441 0.984476 1.59232e-005 
4.13938e-008 1.56332e-005 0.196345 0.981481 3.45244e-005 
7.11361e-005 0.538945 0.266039 2.89351e-005 0.801161 
0.3146 0.636838 0.316467 1.62697e-005 0.631387 
0.35459 0.366554 0.36245 0.711887 0.332987 
0.000387606 0.947445 0.234807 0.236597 6.13577e-006 
2.76779e-007 0.539758 0.267348 0.80374 7.56716e-005 
4.6e-007 2.98376e-005 0.897826 0.447484 1.06036e-006 
0.270972 0.000446757 0.53492 1.31701e-005 0.807841 
7.77747e-005 0.451042 4.20519e-005 1.96599e-006 0.895243 
0.237127 0.948699 0.000152706 0.000372628 0.233689 
0.288864 0.872534 0.287113 0.284655 7.86118e-007 
0.000121888 0.449996 1.08318e-005 0.894324 5.36492e-005 
0.294168 0.288756 0.866195 7.30111e-005 0.288198 
0.636083 0.318679 0.63404 0.30945 7.58627e-005 
0.235644 0.237901 0.000127474 3.85785e-006 0.943609 
0.285703 0.876512 0.284021 4.2159e-006 0.287983 
0.634904 0.317511 0.315729 0.633707 8.97415e-008 
0.530957 0.808027 0.267386 4.42825e-005 0.000225579 
0.000584023 0.712822 0.000163762 4.98244e-005 0.704958 
0.638523 3.72711e-005 0.318907 0.319642 0.636178 
0.319216 0.636354 0.630421 0.319294 0.000161789 
0.237919 4.55265e-005 0.236801 0.943299 1.86012e-005 
0.581677 0.000222493 0.575928 9.36704e-005 0.577334 
0.712225 0.00120259 0.000775944 0.00426417 0.712712 
0.00178238 0.268857 1.24924e-005 0.533388 0.80391 
5.55515e-005 1.8433e-005 0.23581 0.237657 0.944202 
0.269108 0.81281 0.52301 1.31164e-005 0.000332315 
0.319966 3.66981e-005 0.638726 0.630103 0.315146 
8.11363e-007 4.12635e-009 6.32041e-008 1.00456 1.61978e-006 
0.810595 0.000255416 0.000185669 0.264928 0.5288 
2.13726e-005 0.897497 7.62948e-005 0.445761 2.01281e-006 
0.541316 2.61165e-005 0.264023 0.802239 5.03119e-005 
0.000328091 0.804931 0.534141 0.265206 1.65894e-005 
0.198836 2.13258e-005 0.982937 9.53282e-005 1.17029e-005 
1.89473e-006 0.898552 0.444155 1.17641e-005 2.14893e-006 
0.639006 0.321852 0.000331208 0.314949 0.627159 
0.318189 0.636108 2.94508e-005 0.631486 0.320348 
1.10876e-005 0.237238 0.234882 0.944359 4.97906e-005 
0.87283 0.287325 0.287793 5.31622e-005 0.286005 
0.000124013 0.637126 0.315904 0.317091 0.635291 
0.268436 0.000263768 0.535769 0.806186 2.5635e-006 
0.720166 0.725487 0.00512899 0.000447159 1.43208e-006 
0.949243 0.237742 3.24863e-005 0.235905 0.00030693 
0.639018 0.315978 3.57734e-005 0.629272 0.315748 
0.803581 0.00382561 0.534624 0.268036 0.000428698 
0.000132711 0.871517 0.287898 0.286988 0.289134 
0.318493 0.319305 2.20843e-005 0.632463 0.63399 
1.00583 7.80802e-005 4.15558e-005 0.000122781 4.02019e-005 
0.535709 0.266207 0.803251 5.26724e-006 8.68995e-005 
6.86517e-005 1.36832e-005 0.982887 1.23445e-005 0.196642 
0.192137 0.00102396 7.22406e-006 0.00094523 0.983588 
1.564e-005 1.55832e-008 1.52974e-005 0.981643 0.196149 
0.288076 0.869591 0.000249724 0.282813 0.288152 
9.13845e-005 0.237293 9.7917e-005 0.235957 0.945701 
9.88343e-006 0.290996 0.867842 0.288293 0.287323 
0.000146225 0.000622389 0.80307 0.539001 0.26729 
0.000764042 0.583663 0.577427 0.00132553 0.579285 
6.2348e-005 0.320317 0.632513 0.315531 0.633173 
0.535205 0.270855 1.59385e-006 0.802581 1.49298e-008 
0.317954 0.000441912 0.635877 0.316173 0.63095 
9.55888e-005 1.1125e-007 0.537237 0.803141 0.266158 
0.874045 0.00086327 0.283276 0.286989 0.290535 
0.322533 0.320667 0.639012 0.638437 0.00118282 
0.802052 0.539868 2.80675e-005 0.00436574 0.263891 
0.869918 0.292521 0.28187 0.287937 0.000212499 
3.33618e-011 1.02381e-007 1.00521 1.19036e-005 2.16156e-006 
0.578561 0.5817 0.578744 1.08433e-005 6.84368e-005 
0.803563 0.26911 0.533321 3.95175e-006 3.38319e-006 
0.00237312 0.636779 0.632325 0.312741 0.316074 
0.806108 8.61416e-005 0.269171 0.534222 1.54958e-005 
0.238575 1.32131e-006 0.238054 5.9206e-005 0.945166 
4.68463e-011 3.30339e-008 7.94137e-014 3.24023e-010 1.0021 
0.267829 0.540203 0.802339 3.76275e-005 2.27215e-006 
0.983639 0.000327055 4.57618e-005 4.40087e-006 0.196023 
0.322265 0.636659 0.630859 2.62017e-005 0.318152 
0.98292 0.000134409 1.40763e-005 0.196676 9.24601e-005 
0.236397 6.20107e-005 0.948037 0.234129 0.000212356 
0.292418 0.294503 0.000142084 0.28741 0.865775 
0.32193 0.318351 0.634449 0.000228328 0.630979 
0.000700899 0.238914 0.944676 0.235231 1.83223e-005 
0.946596 0.231897 0.236209 6.16121e-005 0.0043703 
0.00242488 0.269993 0.803435 0.00261988 0.539945 
0.636408 0.319942 0.631937 0.00070944 0.316018 
0.267384 0.541623 0.00135536 9.65335e-005 0.800874 
0.357814 0.353809 0.359276 0.347933 0.714582 
3.46411e-005 0.449482 0.895305 2.01633e-006 5.22365e-005 
0.896875 4.32709e-005 0.446077 0.000735855 5.02381e-005 
0.236393 0.944496 0.235977 6.30954e-005 6.75961e-005 
0.633319 2.82871e-005 0.638492 0.318078 0.318461 
3.05484e-005 0.23747 0.234966 8.05581e-005 0.944364 
0.000132869 5.51816e-006 0.266557 0.804197 0.534767 
0.268267 0.811933 9.67272e-006 0.529547 1.56288e-005 
0.240815 0.237935 0.00176732 0.948543 4.89592e-006 
0.269865 0.0026185 0.807549 2.51354e-005 0.534337 
0.894356 0.449282 1.21885e-005 2.29084e-005 3.97342e-006 
0.988751 0.195377 0.000764406 0.000170842 0.00186082 
0.709686 0.00375843 0.70636 0.0020172 1.86023e-005 
0.00254311 0.539236 2.59572e-005 0.266881 0.809834 
1.50032e-006 0.711508 0.705274 1.17582e-005 2.14785e-006 
0.542665 0.000898828 0.273142 2.63724e-006 0.810863 
0.000319202 0.983868 1.77505e-006 2.25073e-005 0.193511 
0.23687 7.48208e-005 5.90911e-005 0.235623 0.944189 
0.633014 0.636603 0.312171 0.31618 2.01199e-006 
4.51152e-005 0.984672 8.76506e-006 0.195573 3.5929e-006 
0.000122923 0.538348 0.803109 0.266783 0.000213395 
0.236686 1.40518e-005 8.69968e-006 0.944429 0.236264 
5.059e-006 0.89808 6.04428e-005 2.46986e-005 0.446997 
2.03159e-006 1.01411 1.62542e-009 1.57669e-006 9.40832e-009 
0.266171 0.00348731 1.32327e-005 0.802439 0.536706 
0.809413 0.263073 3.78855e-005 1.00432e-005 0.536898 
0.269057 0.00127646 0.805946 0.532566 0.000105419 
0.362816 0.360701 0.724655 0.322355 0.339996 
0.000296447 0.269568 0.536729 0.80385 0.000150887 
0.290113 0.293935 0.290134 0.869591 5.02168e-005 
0.947552 0.00199738 0.232787 0.234022 6.28438e-005 
0.000662635 0.636864 0.31429 0.631515 0.31746 
7.64343e-005 4.46096e-006 0.803344 0.267686 0.534813 
6.8779e-010 0.000167725 0.582579 0.577725 0.578683 
0.532857 0.804795 4.22881e-005 0.000510206 0.266424 
0.292012 7.47038e-005 0.867455 0.288279 0.287309 
0.949523 0.244401 0.00106819 0.00625879 0.2274 
0.810104 0.272206 0.000138756 0.533133 1.03464e-006 
0.236939 3.40774e-005 0.942898 1.03946e-005 0.237301 
3.74283e-005 0.266194 0.000102959 0.80244 0.536707 
0.353494 0.709837 0.354141 0.352102 0.353112 
9.83964e-007 5.29395e-006 0.00014594 0.195962 0.982566 
0.26434 0.541615 0.801976 3.76105e-005 2.27112e-006 
0.0103486 0.197106 0.00385922 2.1731e-006 0.983889 

