0.253713 0.0854653 0.165236 
0.504155 6.47286e-007 1.87992e-006 
7.08993e-013 2.14929e-012 0.503916 
0.129905 0.0457569 0.329369 
0.0445455 0.459366 0.000638422 
0.0395309 0.209848 0.256058 
0.252427 0.251432 0.000918773 
0.00261499 0.29461 0.20777 
0.126006 0.252706 0.126302 
0.126708 0.167876 0.21042 
0.167311 0.127273 0.21042 
0.125448 0.379603 0.000221332 
0.378145 0.000821762 0.125693 
0.422672 0.000364139 0.0822115 
0.209014 0.000146357 0.295031 
0.0858736 0.251911 0.167499 
0.462292 0.000741761 0.0418278 
0.336131 0.0429461 0.124998 
0.0440539 0.377427 0.083994 
0.251932 0.211632 0.0416803 
0.211775 0.0364677 0.256485 
0.125768 0.0853317 0.293337 
0.250552 0.128405 0.126384 
0.129153 0.209449 0.166736 
0.000167844 0.462308 0.0419895 
0.293893 0.084868 0.126688 
0.251894 0.000180287 0.252172 
0.120441 0.341614 0.0422062 
0.0853916 0.211828 0.207766 
0.00114703 0.0838589 0.419898 
0.211375 0.210554 0.0836789 
0.336707 0.128713 0.0402877 
0.128783 0.294883 0.0814081 
0.0829436 0.0877373 0.334243 
0.168749 0.252886 0.0837699 
0.0836977 0.421316 5.03186e-006 
0.0417499 0.421727 0.0418611 
0.167711 0.294522 0.0419674 
0.000665279 0.0424642 0.46226 
0.0834218 0.000125 0.42101 
0.296094 0.166783 0.042242 
0.0479337 0.291088 0.166579 
0.421487 0.0827219 0.000330113 
0.0411431 0.169956 0.293337 
0.000771227 0.337448 0.167366 
0.0443515 0.336068 0.12469 
0.334989 0.00360672 0.166733 
0.045044 0.0842162 0.375673 
0.00027251 0.127086 0.377639 
0.126415 0.000767629 0.37726 
0.287387 0.134549 0.0835418 
0.084453 0.378412 0.0414282 
0.254255 0.16761 0.0836659 
0.296564 0.000644474 0.206973 
0.337394 0.167595 1.12267e-005 
0.296609 0.0418262 0.16736 
0.168746 0.16872 0.167964 
1.4091e-007 0.505159 4.04748e-006 
0.0887212 0.0413965 0.374631 
0.421095 0.041824 0.0423214 
0.0455419 0.251559 0.208338 
0.336273 0.0837535 0.0844245 
0.380531 0.0404217 0.0834544 
8.57252e-005 0.42001 0.0848893 
0.0434305 0.123874 0.338127 
7.73443e-005 0.378948 0.126446 
0.458874 0.0465672 8.9291e-005 
0.377698 0.126932 4.04324e-006 
0.249625 0.0434165 0.211699 
0.0838192 0.298538 0.123011 
0.378025 0.0857931 0.0421511 
0.171104 0.207786 0.125364 
0.126886 0.127137 0.250052 
0.210415 0.293545 0.000332611 
0.17003 0.000533319 0.333827 
0.210818 0.124489 0.170245 
0.16838 0.088564 0.247333 
0.00214526 0.25065 0.25244 
0.209841 0.0886684 0.205129 
0.0841267 0.33676 0.0842945 
0.210346 0.168731 0.124998 
0.0852093 0.168029 0.251154 
0.0441369 0.00171171 0.458493 
0.168711 0.0422539 0.294477 
0.293099 0.209235 0.0010259 
0.167803 0.337282 0.000221347 
0.0425507 0.041064 0.421734 
0.000296808 0.210087 0.294982 
0.213178 0.24968 0.0426301 
0.0846527 0.12571 0.294302 
0.000429626 0.1678 0.337043 
0.167745 0.337306 0.000221333 

