0.080313 0.717643 
0.0261881 0.83913 
0.117045 0.658567 
0.61065 0.219075 
0.62267 0.211488 
0.0497865 0.778163 
0.312725 0.441494 
0.212195 0.540331 
0.568454 0.246951 
0.153856 0.608911 
0.695959 0.166267 
0.0423191 0.795581 
0.578736 0.240193 
0.594595 0.229452 
0.124574 0.648099 
0.495599 0.296789 
0.684767 0.173445 
0.90365 0.0500169 
0.377866 0.38632 
0.110203 0.668823 
9.56435e-07 0.999805 
0.487237 0.305388 
0.658696 0.189207 
0.854676 0.0761194 
0.647273 0.196466 
0.404059 0.365227 
0.411606 0.359597 
0.939808 0.0311523 
0.749124 0.135494 
0.336497 0.420732 
0.0342572 0.81634 
0.439472 0.337871 
0.280516 0.471179 
0.887553 0.0585156 
0.822362 0.0937276 
0.734554 0.143785 
0.635303 0.203795 
0.792176 0.110472 
0.26574 0.485361 
0.0880067 0.704072 
0.601397 0.225365 
0.7631 0.127287 
0.161395 0.599054 
0.536804 0.268256 
0.547051 0.261377 
0.0654884 0.745792 
0.272886 0.478531 
0.430545 0.344782 
0.923758 0.0398018 
0.205259 0.547539 
0.395478 0.372224 
0.0178472 0.867641 
0.458022 0.323913 
0.506102 0.289326 
0.288309 0.464002 
0.0575631 0.761171 
0.558681 0.253583 
0.227558 0.523819 
0.139559 0.627306 
0.466287 0.318079 
0.979839 0.0109539 
0.320521 0.434767 
0.361244 0.399805 
0.525609 0.27611 
0.420518 0.352193 
0.837021 0.0857979 
0.516018 0.282622 
0.385967 0.379563 
0.182885 0.573323 
0.345091 0.413568 
0.197897 0.555876 
0.77696 0.119253 
0.146034 0.618676 
0.102495 0.681086 
0.249553 0.500969 
0.257231 0.494013 
0.81087 0.100199 
0.295831 0.456972 
0.369097 0.393404 
0.999998 0.000383657 
0.0091541 0.905658 
0.723063 0.1505 
0.234964 0.516763 
0.168538 0.590296 
0.671113 0.181455 
0.477875 0.309629 
0.242671 0.508242 
0.328418 0.427634 
0.449473 0.330459 
0.870144 0.0679195 
0.175795 0.581922 
0.072922 0.731212 
0.969321 0.0189499 
0.709611 0.158416 
0.131969 0.637884 
0.19028 0.564928 
0.095332 0.692297 
0.303272 0.450139 
0.220985 0.530816 
0.353616 0.406495 

