0.866633 0.285261 0.298058 0.289217 0.000560427 
0.633049 0.323397 0.317427 0.000193907 0.629588 
0.584549 0.0017373 0.574056 7.9794e-006 0.578969 
0.289356 0.000123635 0.28865 0.288666 0.867897 
7.30803e-005 1.00805 2.8171e-006 3.28595e-005 5.16045e-005 
0.538943 0.26835 0.808678 3.45033e-005 8.9291e-005 
0.6377 0.000250991 0.631214 0.312949 0.318486 
0.270076 0.000224952 0.535817 0.804228 0.000817793 
0.00125264 0.544045 1.12598e-005 0.807506 0.268578 
0.00054571 0.237528 0.94614 0.00164644 0.234294 
0.000211345 0.709394 0.708945 3.01235e-005 3.9006e-005 
0.361043 0.357995 0.704706 0.350712 0.353858 
9.53036e-005 0.452616 0.000183726 0.000273219 0.902103 
0.000119077 0.905186 5.0157e-006 0.450497 7.73237e-007 
0.712436 0.713016 0.000354672 5.45957e-005 0.000145434 
0.637156 0.320248 0.000175961 0.641526 0.315869 
0.267427 0.536302 0.802155 0.000789305 1.12008e-005 
0.948314 0.229571 0.235181 2.90839e-005 0.000273829 
0.000230902 0.804662 0.535688 0.263804 0.000101812 
0.641018 0.637077 0.302676 1.26525e-005 0.318318 
0.000220261 0.203217 0.981367 4.45626e-005 0.000100498 
0.320198 0.638051 0.317739 0.000130933 0.635557 
0.595457 0.585035 0.593726 0.000186662 0.0064891 
0.00148303 0.838247 0.278836 2.65375e-005 0.557532 
0.318528 0.636916 5.01759e-006 0.63373 0.315429 
8.93294e-008 4.13462e-006 2.56296e-006 0.197242 0.984367 
0.000147564 0.803305 0.539874 2.93818e-005 0.265239 
0.805119 0.538651 0.000334166 0.266575 0.000174387 
0.364654 0.360579 0.350368 0.370476 0.692469 
0.00202882 0.291577 0.288408 0.868152 0.289251 
0.292676 0.289464 0.870987 0.287789 0.000170835 
0.270796 0.000225661 0.801357 0.536089 0.000147694 
0.983816 0.194888 0.000227702 4.43778e-005 0.000183076 
0.543945 0.000160419 0.271562 2.29081e-005 0.802924 
0.000307789 0.946078 0.235958 4.92739e-006 0.236117 
0.638673 7.24812e-005 0.317494 0.630647 0.31882 
0.293214 0.294307 3.8853e-005 0.871797 0.283086 
0.320467 0.640287 0.000120459 0.313187 0.634081 
0.635271 0.316413 0.63574 0.310839 0.000188971 
0.808238 0.264456 0.530849 3.38005e-005 1.80402e-007 
0.805507 2.10663e-006 0.000166177 0.528113 0.270765 
0.994789 0.000166351 0.195262 0.00207009 8.07844e-005 
1.22664e-006 0.000147022 0.000585948 0.981499 0.196201 
0.000141982 0.23667 0.947171 0.23902 0.000134457 
0.450599 1.5727e-005 0.893919 0.000101629 0.000264263 
2.96011e-005 0.242199 6.48804e-005 0.962861 0.239436 
1.61252e-006 0.00219884 0.235623 0.235769 0.944382 
2.21162e-007 9.5807e-005 0.906749 1.76688e-005 0.452595 
7.30243e-005 0.708703 5.94693e-005 3.18407e-005 0.706878 
0.867676 0.292317 0.000207887 0.288739 0.287552 
0.23412 0.236634 0.000669008 0.946456 0.000351773 
0.00094816 0.000186256 0.450142 0.897381 2.69304e-005 
0.000549687 0.540096 0.27042 0.803818 2.76478e-005 
0.804558 0.00041249 0.00043169 0.268284 0.531934 
4.81674e-005 0.290361 0.873803 0.288736 0.29216 
0.583431 0.57917 0.00117686 0.00222194 0.57377 
0.000820855 0.536711 0.8013 7.02816e-006 0.267836 
3.76726e-010 1.76426e-012 6.85339e-007 1.46039e-011 1.00494 
0.806928 0.000267605 0.267177 0.530723 0.000156511 
0.870336 0.00022278 0.291472 0.288532 0.286691 
0.000641241 0.315088 0.637111 0.636375 0.321254 
0.946086 0.000216317 0.000147446 0.234827 0.236065 
0.000744773 0.317541 0.318774 0.632979 0.632804 
0.294442 0.290899 0.000184185 0.292207 0.870046 
0.00251204 0.6327 0.316234 0.6333 0.319702 
0.288787 0.000175286 0.870056 0.288144 0.289864 
0.896915 0.000139039 0.445558 1.0194e-005 9.16069e-005 
0.897053 0.000363318 0.000210033 0.447504 0.000140125 
0.312468 0.634434 0.316836 0.638064 3.05353e-005 
7.49204e-005 0.000266341 0.981832 2.55111e-006 0.193001 
0.00121085 0.907703 2.98267e-005 0.000130062 0.451927 
1.87982e-007 2.87039e-005 0.269287 0.535838 0.80426 
0.269613 0.538676 9.33573e-005 0.000407263 0.803075 
0.000254413 0.943915 0.000182097 0.233378 0.238242 
0.984963 7.58049e-005 0.000173419 1.91885e-005 0.190668 
0.71281 2.35683e-005 0.000150978 0.706037 0.000276233 
0.451725 0.000107331 2.98795e-006 0.894078 9.84555e-005 
0.268509 0.00467648 9.15782e-005 0.803211 0.536178 
0.000108108 0.536213 0.265624 8.24571e-007 0.804372 
0.539403 0.268253 0.000137904 2.62092e-005 0.800661 
0.00077268 0.580435 0.000149046 0.577218 0.578422 
0.706798 0.358637 0.357588 0.343067 0.366455 
0.638004 0.318727 0.317574 0.633273 0.000147572 
0.00085791 0.807905 0.000138823 0.533083 0.262835 
0.196956 0.000107961 0.00028737 4.60916e-006 0.982441 
7.6013e-005 9.18281e-005 3.36417e-005 0.447112 0.895868 
0.00100713 0.536732 0.804943 0.262611 0.000179514 
0.991168 6.69769e-005 0.00133757 0.195447 2.58188e-005 
0.000142509 0.29414 0.292197 0.294287 0.878518 
0.70884 6.00569e-005 0.000114236 0.00146545 0.707861 
0.000172666 0.449854 0.897286 1.58967e-005 2.25709e-006 
0.535142 4.53402e-005 8.79961e-005 0.268496 0.804049 
0.00160103 0.944757 0.233671 0.238034 5.45556e-005 
0.869106 0.292413 0.28934 1.75022e-005 0.286466 
0.584085 0.000143321 0.000125587 0.578535 0.577931 
0.2689 0.804975 0.00018827 0.533788 3.40584e-005 
0.000248331 0.896918 0.44556 1.0194e-005 1.23241e-005 
0.543631 0.000130719 0.00348439 0.805588 0.269049 
0.289961 0.000148557 0.291184 0.866935 0.290718 
0.317834 5.28161e-005 0.632571 0.635834 0.320478 
0.000254046 0.636097 0.315192 0.317776 0.632137 
6.37522e-005 0.269134 9.10502e-005 0.535475 0.805194 
0.000327739 0.000158075 0.896578 0.445605 6.41424e-006 
0.803697 0.537619 0.26524 0.000109957 0.000483069 
3.54203e-005 0.266461 0.535963 0.000155612 0.801834 
0.240504 0.943913 9.23294e-005 0.23388 4.30378e-005 
0.270745 0.805257 0.000144332 1.72931e-005 0.536068 
0.00021647 7.08775e-008 0.577927 0.578935 0.57781 
0.803771 0.00185602 0.267644 0.000318747 0.534657 
0.530189 0.000323777 0.266009 0.809572 4.29022e-005 
0.000996002 0.581508 0.581908 0.579234 3.89714e-005 
3.5432e-005 0.196514 5.27432e-005 5.61516e-006 0.980736 
0.239816 0.000517497 0.947471 0.238859 0.000134589 
0.000131196 0.270258 0.536652 0.801118 5.198e-005 
0.945817 0.00015041 0.229769 4.38305e-006 0.234704 
1.3627e-005 0.000802505 0.270204 0.808164 0.539483 
9.9943e-007 6.87499e-005 0.000253832 0.895351 0.44964 
0.321204 0.319124 0.631402 0.63344 0.000191204 
0.902365 8.62376e-006 2.61404e-005 6.26436e-005 0.44744 
8.9082e-007 4.49496e-005 0.235011 0.944859 0.235926 
4.64967e-005 0.316557 0.634723 0.315827 0.633024 
0.317166 0.000102708 0.316658 0.632994 0.634011 
0.358757 0.355542 0.357789 0.704322 0.352487 
0.535846 0.802795 0.269421 0.000949712 2.9644e-005 
0.236448 0.000401442 1.564e-006 0.236207 0.944008 
0.837321 8.03921e-006 0.547862 3.38145e-005 0.281558 
0.269603 7.95103e-005 0.536589 2.74421e-005 0.802735 
0.000255748 6.52391e-005 0.707569 1.14828e-005 0.7078 
0.00591162 8.78298e-005 0.19685 0.981878 3.04282e-005 
0.000993884 0.0025147 0.802978 0.267066 0.533979 
0.00113403 0.635449 0.633135 0.315659 0.31736 
0.316893 0.634886 0.634979 0.319182 4.71138e-006 
0.581667 0.58214 0.000288387 0.580792 2.9348e-005 
0.238171 0.944715 0.233211 0.000309013 5.12887e-005 
0.534978 0.26386 0.000230594 0.803846 0.000912618 
0.00163217 0.2701 4.30992e-005 0.807862 0.539359 
7.16599e-005 2.73797e-005 0.94711 0.237358 0.236287 
0.000167579 0.266563 0.802816 0.534637 0.00292693 
0.358513 0.713017 0.344376 0.351459 0.353706 
0.286958 0.28647 0.288393 0.868788 0.000333095 
0.000266683 0.00028074 0.53449 0.803083 0.26734 
0.315664 0.632423 0.634702 6.44414e-006 0.314451 
0.266492 0.805733 0.535168 1.01032e-005 7.91692e-007 
0.000225679 0.236347 0.233406 0.944423 0.000182962 
4.11637e-006 0.237322 0.236791 1.01004e-005 0.948344 
0.26674 0.000766363 0.808501 0.000976995 0.535921 
0.195329 6.81875e-005 0.983903 4.48312e-005 0.000177214 
0.291047 0.867294 0.000206975 0.288025 0.289394 
0.449439 0.000247745 9.99992e-005 1.84332e-005 0.89728 
4.95148e-005 4.95758e-005 4.68957e-005 0.707112 0.708844 
0.000260149 0.984905 0.190863 0.0016826 0.00010198 
0.237654 1.09276e-005 0.237115 4.10522e-005 0.94782 
0.951426 0.228751 0.000236538 0.000218347 0.235301 
0.00105273 0.00213735 0.707524 0.707629 0.0001162 
0.712228 0.000228827 0.705266 1.0165e-005 5.36153e-005 
0.00319217 0.709435 0.000143492 0.707878 0.000267297 
0.000134444 0.196942 1.59523e-005 0.981897 3.04288e-005 
0.539223 1.5501e-005 0.801405 7.04374e-006 0.266781 
0.000106561 7.3794e-006 0.449226 1.84244e-005 0.896855 
0.00180715 0.957973 0.0185801 0.29602 0.000179577 
0.240039 0.234102 1.98688e-005 1.27926e-005 0.950048 
0.19482 0.98367 0.000396496 6.79887e-005 1.07732e-005 
1.03406e-005 0.580474 0.582049 1.05842e-005 0.578145 
0.632272 0.634524 8.3329e-005 0.315175 0.315054 
0.807397 0.535824 0.000347085 7.46356e-005 0.259188 
0.267903 0.00116324 0.000258669 0.534881 0.80374 
0.320337 0.315389 2.07909e-005 0.637447 0.646196 
0.238473 5.62103e-005 0.236836 0.944043 0.000140652 
0.238182 0.00161087 0.94703 0.00150606 0.23454 
0.000371945 0.451384 0.000117727 0.892666 0.0031215 
0.317278 0.000141091 0.635472 0.315568 0.631561 
1.71357e-005 3.19605e-008 0.196907 4.60799e-006 0.982192 
1.89653e-006 9.62896e-007 3.18822e-006 1.00122 8.2542e-007 
0.636763 0.00104172 0.3163 0.315705 0.63226 
0.000167458 0.23909 4.17251e-005 0.231986 0.944093 
0.227393 0.231063 0.952708 0.00190298 0.000177541 
0.641917 0.633477 0.315753 0.301768 4.12922e-005 
0.535923 4.02195e-006 0.801459 0.270992 0.000355954 
0.638632 0.317249 0.639 0.00412638 0.316276 
4.72765e-006 9.53569e-009 1.00519 1.32783e-005 2.71021e-006 
0.280093 0.875067 0.284577 6.22491e-005 0.281259 
0.000104196 0.983872 0.000116921 1.76671e-005 0.189961 
0.642497 0.315627 6.21251e-005 0.317504 0.634375 
0.235362 0.00136526 2.26462e-005 0.945399 0.234887 
0.292438 0.295766 0.280506 4.76737e-005 0.867567 
0.446772 0.895944 0.000351819 0.000944421 0.000147894 
0.80379 0.00155748 0.534954 0.266605 0.000283347 
8.42774e-005 5.87979e-006 0.806267 0.534032 0.263454 
0.580245 0.000325116 0.578708 0.5788 5.7462e-005 
6.4431e-008 0.000171666 0.539497 0.268521 0.803509 
0.271301 0.536939 9.92485e-005 0.800247 0.000333678 
0.00015379 0.873814 0.292091 0.288907 0.292341 
0.00027083 0.000102473 0.981569 0.195849 2.52107e-005 
0.000131401 0.540006 0.000598865 0.268321 0.804414 
0.53419 0.80397 0.000339127 3.23436e-005 0.267432 
0.536473 0.803317 0.000397494 0.26583 9.52289e-005 
0.958643 8.7693e-005 0.237687 0.235733 5.56467e-005 
0.807188 0.271939 0.000855026 0.544917 0.000824111 
0.241097 0.956319 0.000440312 2.2285e-005 0.239674 
0.196362 1.01146e-005 3.25391e-006 0.982718 0.000199997 
0.290112 0.868675 0.284828 0.288657 2.74052e-005 
8.42824e-005 0.805898 0.268766 0.533042 5.45634e-005 
1.01764 0.00011665 5.20583e-007 3.31723e-005 5.41347e-005 
0.296863 0.296834 0.862501 0.000115754 0.290178 
0.954177 0.239937 0.000253862 0.230899 0.000175013 
0.000490319 0.806376 0.000130435 0.266846 0.533399 
0.805457 0.271247 0.000301023 0.000617979 0.533723 
0.323109 0.32305 0.631455 2.81636e-005 0.633116 
0.896628 0.445821 0.00021654 0.000218705 1.548e-005 
0.000104793 0.265683 0.805948 0.000960005 0.534898 
1.03221e-005 0.579439 0.581011 3.01454e-005 0.577086 
0.580721 0.00172593 0.578584 7.9839e-006 0.578148 

