0.33536 0.421959 
0.852643 0.0774148 
0.145813 0.619177 
0.475913 0.310799 
0.12446 0.648319 
0.556249 0.255186 
0.102634 0.681073 
0.0343173 0.815965 
0.58842 0.234032 
0.0260698 0.840672 
0.806828 0.102575 
0.190407 0.565677 
0.403382 0.365922 
0.327611 0.428933 
0.131812 0.638372 
0.41256 0.359227 
0.352265 0.407791 
0.904891 0.0495012 
9.41512e-009 1.00194 
0.0498052 0.778114 
0.566816 0.248131 
0.448283 0.331725 
0.175574 0.582051 
0.385842 0.379782 
0.922961 0.040128 
0.683338 0.174262 
0.360042 0.401246 
0.109487 0.670122 
0.0727932 0.731395 
0.505219 0.289925 
0.36898 0.393526 
0.467828 0.317149 
0.273237 0.478189 
0.748631 0.135574 
0.242458 0.508975 
0.080595 0.718961 
0.343858 0.41486 
0.139209 0.628527 
0.420857 0.352268 
0.820896 0.0947167 
0.777587 0.118831 
0.117156 0.659004 
0.646311 0.197168 
0.183137 0.573359 
0.634035 0.204632 
0.197366 0.556935 
0.545928 0.26225 
0.709316 0.158642 
0.211992 0.540845 
0.311592 0.442884 
0.264687 0.486534 
0.288292 0.464303 
0.2048 0.548712 
0.0421319 0.796371 
0.623078 0.211809 
0.723385 0.150518 
0.0954059 0.692554 
0.257393 0.493634 
0.234767 0.516616 
0.394194 0.373253 
0.51503 0.283365 
0.9602 0.0209551 
0.657807 0.189518 
0.870339 0.0678749 
0.153606 0.609397 
0.670777 0.181959 
0.0577647 0.761048 
0.303912 0.449958 
0.0654184 0.745085 
0.227363 0.524274 
0.792685 0.110407 
0.296413 0.456443 
0.940631 0.0308962 
0.485201 0.304245 
0.495596 0.29726 
0.735547 0.143195 
0.280241 0.471648 
0.161128 0.599654 
0.457317 0.325104 
0.249812 0.501182 
0.887339 0.0586331 
0.52516 0.276472 
0.611306 0.219695 
0.763125 0.127289 
0.600333 0.226251 
0.219765 0.532337 
0.319902 0.435349 
0.377021 0.387222 
0.438804 0.338956 
0.535196 0.269597 
0.0179649 0.867649 
0.429544 0.345481 
0.695789 0.166932 
0.978949 0.0115214 
0.577591 0.240861 
0.16826 0.590934 
0.837617 0.0855456 
0.00904316 0.906151 
0.0878647 0.704817 
0.99933 0.00114958 

