0.621812 0.212501 
0.189975 0.565957 
0.577343 0.241591 
0.475471 0.312038 
0.465511 0.319011 
0.0090103 0.906769 
0.761281 0.128565 
0.102642 0.682146 
0.976042 0.0133845 
0.996823 0.00333569 
0.279995 0.472399 
0.694807 0.168245 
0.327315 0.429334 
0.54502 0.262611 
0.182843 0.57426 
0.257196 0.494202 
0.0179462 0.867935 
0.197521 0.557503 
0.494484 0.298407 
0.0950981 0.692967 
0.219598 0.533128 
0.359821 0.401704 
0.272608 0.479625 
0.303271 0.450659 
0.21203 0.541085 
0.241768 0.510497 
0.234695 0.516808 
0.204408 0.549349 
0.805254 0.104179 
0.446501 0.332865 
0.0800786 0.718769 
0.598944 0.226996 
0.504628 0.291253 
0.587667 0.234703 
0.124405 0.64892 
0.610169 0.220365 
0.35171 0.408795 
0.420478 0.352738 
0.669117 0.183205 
0.937804 0.0325228 
0.820225 0.0957052 
0.295658 0.457902 
0.565685 0.249035 
0.334845 0.422939 
0.748454 0.136388 
0.734105 0.144412 
0.394278 0.373482 
0.311392 0.443855 
0.226895 0.525188 
0.145663 0.619694 
0.657035 0.190527 
0.117004 0.659027 
0.790554 0.112022 
0.437921 0.339173 
0.51481 0.284453 
0.402441 0.367162 
0.632668 0.205851 
0.168384 0.59162 
0.680937 0.176076 
0.919204 0.0423747 
0.0423532 0.796651 
0.0260547 0.840848 
0.644204 0.198499 
0.0656554 0.745401 
0.16113 0.600503 
0.0727898 0.732242 
0.555672 0.255672 
0.707124 0.160222 
0.834741 0.0877541 
0.049992 0.778905 
0.0879786 0.705173 
8.61576e-06 0.999285 
0.139066 0.629326 
0.0342814 0.81646 
0.52516 0.276441 
0.777039 0.11988 
0.869443 0.0685823 
0.0577619 0.761164 
0.428473 0.347054 
0.720417 0.152546 
0.175597 0.582643 
0.249578 0.50179 
0.456526 0.325834 
0.386016 0.380927 
0.853122 0.0776037 
0.319925 0.436021 
0.36857 0.39462 
0.37669 0.387346 
0.534161 0.270136 
0.9022 0.0514758 
0.287857 0.464646 
0.109777 0.670119 
0.411365 0.359736 
0.884829 0.0605656 
0.264828 0.4875 
0.484813 0.304629 
0.131757 0.639013 
0.95963 0.0214269 
0.343439 0.415539 
0.153572 0.609527 

