0.103262 0.272031 0.019068 1.02462 0.156342 0 0.0802308 0.0377715 
1.28017e-008 9.45961e-009 2.98907e-009 0.604435 0.91694 0 0 0 
2.2429e-008 0.837063 0 0.0100922 0 0.493054 0.498783 0 
1.05923 0.0422835 0.0326511 0.000237405 0.0032766 0.272387 0 5.01145e-005 
1.70471e-008 0 0.636207 0 0 0.632158 0 0.610028 
2.10739e-008 2.71783e-011 1.51016e-008 0 0.967579 0.512801 0 0 
2.85876e-016 6.46924e-016 2.63958e-008 0.985107 0 0.439916 0 0 
3.19018e-011 0 0.00119059 0.636247 0 0.632226 0 0.609916 
0.783916 0.00101099 0.561757 0 0 0.511123 0 0 
0.0167339 1.03368 0 0 0.300785 0 0 0.0141041 
0.000220231 0.000455554 4.95994e-005 0.000250182 0 0.468208 0.000235158 0.985953 
3.46657e-011 0.00129374 2.27894e-006 0.526214 0.121168 0 0 0.932463 
2.33119e-010 1.73201e-008 0.646455 0 0 0.0435288 0.628046 0.583736 
0.216534 1.04577 0.0334307 0.0689492 0.0463492 0.0755309 0 0.0457398 
0.0829713 0.0930842 0.728228 0.762297 0.0394589 0.117434 0 0 
0.27668 0.348885 0.245575 0.728145 0.0409051 0.000386496 0.584561 0.0786201 
0.755361 0.00104545 0 0 0 0 0 0.777883 
6.84387e-005 0.00332783 5.86326e-006 1.00753 0.353601 0 0 0 
0.359652 0.264967 0.0153966 0.08205 0.0956194 0.642582 0.0929802 0.705902 
0.061725 0.0792212 0.601616 0.0115951 0.872186 0.0766709 0.000695003 0 
0.0216993 1.0586 0.0323014 0 0.00335023 0.277711 0 5.01201e-005 
4.00374e-013 2.98984e-012 0.000112579 0.000168661 1.83461e-006 0.382617 0.995888 0.0107474 
0.0734467 0.23001 0.202677 0.197181 0.136793 1.00548 0.123743 0.100693 
0.00111294 1.06053 3.15475e-005 6.77193e-005 0 0.000801357 0.265482 0 
1.72267e-011 2.00487e-011 0.000967984 0.651338 0 0 0.846551 0.000321936 
0.648755 0 0.879621 0 0 0 0 0 
1.04348e-010 2.88896e-008 1.11653e-012 0 1.07818 0 0 0 
0.909992 0 0 0.420909 0 0.373446 0.0062116 0 
0.89283 0.124616 0.029647 0.139853 0.0371967 0.0934774 0.104502 0.513344 
0.775637 0 0 0 0 0.7707 1.33863e-005 0 
1.04612 0.00480354 0 0.000740367 0.00240171 2.57717e-005 0 0.309941 
0.804798 0 0.0677027 0 0.709262 0.0782798 0.0114772 0 
1.83523e-008 1.64534e-009 0 0.687664 0.00147647 0.643184 0.524263 0.021517 
1.66424e-021 6.21102e-014 0 4.22506e-015 2.60235e-008 0.971209 0 0.503882 
1.2785e-008 1.50213e-008 8.35445e-013 0.736167 0.524621 0.580594 0 0 
0.539295 0.39729 0.0258499 0.0861719 0.160003 0.561626 0.59378 0.0747135 
0.750584 0.635903 0.00427312 0 0 0 0 0.438476 
0.233566 0.293879 0.0366236 0.0206314 0.58019 0.439118 0 0.685071 
0.123838 0.821479 0.478567 0 1.5227e-005 0.000625796 0.468935 0.00654543 
0.63501 0.752604 0.00155435 0.000236145 0 0.43487 0 0 
0.706968 0 0.0134509 0 2.03816e-005 0.0182703 0.806911 0 
0.829362 0 0.476396 0 0 0.00407678 0.523785 0 
0.01857 0.907344 2.90923e-005 0.459183 0 0.00103046 0.0250078 0.405548 
1.10477e-005 0.906593 0 0 0.384034 0.435156 0.0467252 0 
2.45218e-005 0.954451 0 0.441079 0 0.373736 0 0 
0.0473146 0.390911 0.0978018 0.822604 0.00114763 0.0885438 0.0590267 0.536986 
0.935284 0.51146 0.0228285 0 0 0.074386 0 0.000126584 
0.000735546 0.849268 0.00237791 0.0471822 0.447301 0 0.0416904 0.486736 
1.91047e-008 1.86351e-011 0.712997 0 0.483319 0.00615404 0 0.643732 
0.0446871 0.686117 0 0.837739 0.00521278 0.000275854 0.00315792 0 
0.959167 0.0770676 0.0122309 1.02316e-005 0.406945 0.157872 0.112206 0.0699328 
0.00192122 0.00226958 0.978762 0 0 0.448913 0 0 
1.0392 0 0.00378876 0.0130981 0 0.0117824 0.282094 0 
0.936809 0.37982 0.251079 1.95202e-005 0.00130324 0.10055 0.213913 0.000841226 
2.42617e-009 2.85373e-008 6.4174e-012 3.72644e-009 5.83084e-012 0 1.07788 0 
0.249304 0.273932 0.133733 0.832772 0.548255 0.0856295 0.18475 0.0771216 
0.18192 0.919001 0 0.43406 0 0 0.355572 0 
2.13586e-008 1.50761e-008 4.45907e-010 0.975827 0 0 0.00063356 0.435127 
0.0461193 1.0553 0.336721 0.0244526 0.00394787 0 0 0 
9.55144e-009 0 6.67647e-009 0 0.434917 0.0237265 0 0.991458 
6.1932e-014 2.31134e-006 0 2.15718e-007 0.970388 0 0 0.503507 
1.02618e-008 0 0.382977 1.01244 0.00617369 0.000116271 0.00391677 0.0378686 
0.201578 0.973537 0.0270665 0.0641793 0.0431427 0.0703093 0.392046 0.0506821 
0.288608 0.890647 0.161085 0.484944 0.116108 0.0755907 0.0963348 0.0234103 
0.896533 0 0.00881115 0.0496081 0.394541 0 0.0425484 0.441291 
0.0458239 0.215571 0.0413866 0.20853 0.0896423 0.216387 0.994854 0.0115545 
0.0491216 0.807959 0.525966 0 0.453614 0.00337142 0 0 
0.121455 0 0.718578 2.18327e-005 0.637009 0.0128806 0.51029 0 
0.151561 0.96716 0.125658 0.148928 0.0817308 0.402608 0.0463264 0.0512911 
0.643118 0.757666 0.0964313 0.0582313 0.375638 0 0 0 
0.221536 0.262112 0.65324 0.0787043 0.637709 0.445725 0.00043294 0.0654127 
1.51508e-008 2.52834e-008 0 0 3.8809e-013 1.94757e-009 0 1.10243 
0.148699 0.609558 0.0882323 0.100495 0.616701 0.0406787 0.612067 0.0790746 
0.912089 0 0 2.00473e-005 0 0.36694 0 0.440456 
0.0846056 0.170733 0.773547 0.0165124 0 0.0663733 0 0.73287 
0.0535736 0.881219 0.0241847 0 0.415029 0.00330669 0.471217 5.97835e-005 
2.96772e-008 0 1.10757 0 0 0 0 0 
0.887738 0.0250349 0 0.000306272 0.498364 0.397293 0.0059368 0 
0.898582 0.313546 0.00176801 0.488046 0 0.0774627 0 0 
0.0150442 0.0105974 0.926612 0.531308 0 0 0 0 
2.0799e-008 0.776229 0 0 0 0.771288 0 0 
1.01961 0 0 0 0.309937 0.000218227 0 0 
0.318327 0.82504 0.575295 0.0574979 0.0757008 0.143389 0.13226 0.0395256 
2.54711e-008 9.80828e-010 0.951299 0 8.07683e-005 1.58096e-005 0.041309 0.482036 
0.00050694 0.00379344 0.00289523 0.000106001 4.80213e-005 0.639947 0.620395 0.605276 
0.00474074 0.907331 0.410857 0.00392569 0 0.451301 0 4.13915e-005 
0.000128825 0.000333896 0 0.582377 0 0.893578 0 0 
3.39149e-008 0.906306 0 0 0 0.35771 0 0.436518 
8.19726e-005 5.17618e-006 0.000170193 0.713662 0 0 0.586565 0.520495 
0.957348 0 0.11501 0.020778 0.0661499 0.0640848 0.457287 0.107193 
2.06023e-008 0.76889 0 0 0.778985 0 0 0 
5.73826e-008 2.14155 0 0 0 0 0 0 
0.185815 0.336816 0.964996 0.0235353 0.16693 0.165577 0.0888888 0.134256 
3.78741e-008 0 0 1.41348 0 0 0 0 
5.26209e-016 1.96384e-008 1.64427e-008 0 0.955894 7.95869e-005 0.495528 0.0386347 
0.683203 0.807646 0.0887626 0.0534632 0.0674534 0.0770017 0.000722938 0.0318635 
0.915098 0.00558767 0 0.450314 0.385719 0 0.000858527 0 
0.687074 0.800693 0 0 0 0 0.366144 0 
0.270099 0.82641 0.0888598 0.0477465 0.586552 0.0238844 0.139167 0.106718 
0.0108781 0.954734 0.38271 0.344746 0 0 0 0 
0.126531 0.636055 0.881253 0.00364034 0 0 0.00524744 0 
0.60611 0 0 0.875899 0 0 0 0 
0.896046 0.00125565 0.404661 0 0 0 0 0.440483 
0.187513 0.905609 0.0287033 0.0526726 0.117809 0.065819 0.000507849 0.518649 
5.1195e-014 1.91062e-006 0 2.09713e-007 0.80348 0 0.55006 0.528901 
0.0390351 0.101214 0.63239 0.662392 0.0108099 0.0715361 0 0.537023 
0.419875 0.337729 0.0866701 0.278403 0.589808 0.114896 0.0377903 0.675442 
0.830363 0.000270247 0.0113829 0.000854272 0.00100902 0.0328854 0.462538 0.466814 
0.000297392 9.69741e-005 0.000648754 0.988413 0 0 0.374294 0 
1.01716 0.000157012 0.403209 0 0 8.7148e-005 0.0129401 0 
0.330845 0.280552 0.790139 0 0.0313885 0.00780444 0.599607 0.026778 
0.00344282 3.71761e-005 0.00780322 0.77891 0.528031 0 0.523743 0 
1.27675e-008 8.50461e-012 0.476489 0 0.0280687 0.0128935 0 0.9521 
0.249532 0.289573 0.766662 0.15322 0.582944 0.235268 0.182486 0.107133 
0.847499 0 0.00309679 0.597109 0 0.0103934 0.309119 0 
6.70565e-016 2.50259e-008 5.60754e-012 3.36327e-009 5.09783e-012 0 0.942375 0.523805 
1.0373 0.00655535 4.02262e-005 0.347808 0 0.0321727 0 0 
0.966935 0 0.00712535 0 0.0237382 0.352686 0.31909 0 
0.0117269 1.02852 0.00362688 0.344883 0 0 0 0 
0.552334 0.930357 0 3.10499e-005 0 0 0 0 
1.05395 0.0825006 0.0889932 0.05343 0.0625203 0.084666 0.000722682 0.0318907 
1.93902e-008 0.723653 0.00532414 0 0.000296301 0 0.781399 0 
7.82014e-005 0.0010039 3.05358e-005 0.40975 0.0943503 0 0.339682 0.932143 
0.971875 0.135427 0.125953 0.0907133 0.0813427 0.404075 0.0829109 0.0512138 
0.0160382 0.928868 0 0 0.000449904 0 0.453231 0.30096 
0.303633 0.382039 0.0475028 0.0268199 0.754204 0.570825 0 0.0752721 
2.45697e-010 1.65685e-008 0.618415 0.66303 0 0.000192706 0.593482 0.00384628 
0.00468359 0.89531 0.405403 0 0.000245102 0 0 0.440325 
0.33204 0.392877 0.0725579 0.774451 0.0297331 0.485491 0 0.234718 
0.698483 0.673127 0 0.494712 0.000156185 0.015942 0 0 
0.000403184 0.000699718 0.44064 0 0 0.982519 0 0 
0.996575 0.0930049 0 0 0.504415 0.0289085 0.496172 0 
2.68782e-008 0 1.00311 0 0.469563 0 0.00341356 0 
0.662687 0 0.641831 0.575752 0 0.146885 0.00899025 0 
1.07208e-008 9.94528e-009 2.11399e-009 2.13521e-008 0 0.969061 0.469709 0.00890148 
0.656838 0.00090909 0 0.669383 0 0.005581 0 0.544685 
0.679296 0.762419 0.31465 0.0350501 0 0 0.00875064 0 
7.32935e-009 0.273535 0.746762 0.0329433 0.218261 0.668758 0.143558 0.0769376 
0.0651133 0.0227525 6.04998e-006 0.00239332 0.510174 0.957756 0.000968086 0 
0.0507509 0.834828 0 0 7.83664e-005 0 0.00385478 0.734697 
9.75293e-010 2.85782e-008 2.93426e-010 6.09663e-010 0 1.06747 0 0 
6.85049e-016 2.55664e-008 0.954152 0 0 0 0.492135 0.0164213 
0.000662838 0.000485936 0.401153 0.848332 0.542081 0.0829214 0.0128452 0.0461645 
1.41085e-008 3.9911e-010 0.526746 0.794732 8.12039e-005 0.532902 0 0 
9.49697e-005 0.0128976 0.00141687 0.688309 0.666142 0 0 0.494561 
1.17916e-008 1.37232e-008 0.662581 0 0 0 0.83779 0 
0.125143 0.386193 0.213856 0.180262 0.0441051 0.0504489 0.576337 0.758869 
2.12786 0 0 0 0 0 0 0 
0.822251 7.32794e-005 0.534283 0 0.460787 0.00396318 0 0 
2.3347e-008 0.871325 0 0.536252 0.387093 0 0 0.0243178 
5.3977e-016 2.01445e-008 0.751803 0 0 0.584657 0.494959 0.0159241 
0.317888 0.226958 0.0449248 0.109402 0.138667 0.0845667 2.61909e-005 0.981027 
1.45045e-008 7.26319e-011 8.43927e-009 5.77461e-009 0.662325 0.518388 0.656107 0 
0.221651 0.163764 0.0271786 0.0911135 1.02058 0.107411 0.0422089 0 
0.000231 0.000300949 9.55448e-005 0 0.536608 0.0564758 0.921319 0 
1.36947e-008 9.64681e-009 0.625167 0.356935 0 0 0.78956 0 

