0.394573 0.373285 
0.97538 0.0218795 
0.227721 0.524092 
0.515012 0.283833 
0.476168 0.31112 
0.336312 0.421736 
2.36934e-006 1.00172 
0.0576081 0.761658 
0.153484 0.609695 
0.611241 0.219378 
0.721495 0.151534 
0.68342 0.174415 
0.999033 0.00138223 
0.183202 0.573621 
0.485999 0.303937 
0.0501722 0.777779 
0.412464 0.359125 
0.0727706 0.732308 
0.0262703 0.840297 
0.175302 0.582962 
0.0420683 0.796354 
0.249371 0.501934 
0.55674 0.25496 
0.161131 0.600565 
0.35224 0.407705 
0.601025 0.226315 
0.00914401 0.906225 
0.735615 0.143442 
0.265007 0.486715 
0.588927 0.233555 
0.109851 0.670447 
0.777802 0.119241 
0.190304 0.566109 
0.0342732 0.816655 
0.658154 0.189628 
0.38572 0.379977 
0.839271 0.0849655 
0.403129 0.3662 
0.204952 0.548739 
0.197394 0.557195 
0.102921 0.681298 
0.3608 0.400645 
0.634598 0.204327 
0.749699 0.135395 
0.343823 0.415494 
0.671766 0.181765 
0.117388 0.658892 
0.212494 0.540917 
0.547568 0.261203 
0.456861 0.32522 
0.234594 0.517053 
0.62402 0.211175 
0.438774 0.33883 
0.9802 0.0111868 
0.577679 0.240772 
0.220003 0.53249 
0.888246 0.0587579 
0.168439 0.591442 
0.377349 0.387276 
0.080492 0.717665 
0.243153 0.508511 
0.0877556 0.705779 
0.695765 0.167062 
0.806718 0.103165 
0.429829 0.34606 
0.447749 0.332442 
0.709165 0.158797 
0.124571 0.648506 
0.272746 0.479088 
0.311546 0.443495 
0.368738 0.394543 
0.822303 0.0944938 
0.303759 0.450414 
0.465658 0.318951 
0.940936 0.0309911 
0.131627 0.638323 
0.505317 0.290289 
0.856208 0.0760911 
0.295716 0.457697 
0.922469 0.0404867 
0.139103 0.628387 
0.319613 0.43591 
0.0952976 0.693155 
0.0178957 0.867552 
0.288322 0.464358 
0.496095 0.29715 
0.646625 0.197669 
0.871371 0.0678047 
0.420873 0.352689 
0.525572 0.276525 
0.763384 0.127583 
0.327795 0.428902 
0.146532 0.618822 
0.79334 0.110305 
0.0656464 0.745367 
0.536423 0.268807 
0.257479 0.493685 
0.279897 0.472753 
0.567227 0.248577 
0.904768 0.0499261 

