0.190793 0.620423 
0.621973 -0.182451 
0.84238 -0.734286 
0.634515 -0.355132 
0.647813 -0.449319 
0.22581 0.363496 
0.42723 0.030691 
0.0542612 0.716425 
0.827292 -0.533187 
0.826386 -0.5115 
0.625989 -0.234252 
0.823801 -0.465332 
0.840411 -0.716712 
0.852315 -0.771738 
0.240723 0.281813 
0.414332 0.179115 
0.833802 -0.63962 
0.0240277 0.831774 
0.832407 -0.618505 
0.629497 -0.281128 
0.196281 0.582392 
0.638253 -0.391882 
0.201974 0.540729 
0.0392345 0.768088 
0.431751 -0.0171065 
0.442867 -0.0946445 
0.447536 -0.111989 
0.206569 0.506228 
0.824848 -0.486439 
0.416867 0.145976 
0.644091 -0.433341 
0.256012 0.245508 
0.636577 -0.370081 
0.83528 -0.658369 
0.216489 0.430831 
0.632096 -0.327251 
0.435327 -0.0460862 
0.184801 0.658576 
0.0317576 0.798606 
0.640254 -0.408511 
0.836756 -0.678489 
0.424063 0.0600905 
0.0623842 0.695741 
0.411624 0.216015 
0.838568 -0.698439 
0.247558 0.258131 
0.429671 0.00168264 
0.0692773 0.683155 
0.831085 -0.598533 
0.22123 0.396595 
0.419275 0.117377 
0.211996 0.465051 
0.0768604 0.674506 
2.73914e-008 1.00229 
0.620295 -0.154611 
0.623445 -0.205481 
0.84512 -0.752432 
0.626549 -0.253687 
0.619082 -0.126288 
0.43847 -0.0700471 
0.829831 -0.577813 
0.046669 0.741661 
0.409554 0.241588 
0.630044 -0.301188 
0.085734 0.673944 
0.230197 0.335931 
0.453614 -0.121906 
0.828547 -0.555705 
0.00831283 0.910358 
0.422065 0.0907466 
0.0160521 0.869141 
0.235281 0.307245 
0.624947 -0.229774 
0.831684 -0.607855 
0.229281 0.360773 
0.205991 0.511996 
0.411344 0.217706 
0.428089 0.0173387 
0.647533 -0.444326 
0.642166 -0.421689 
0.620469 -0.157035 
0.843815 -0.744099 
0.0246086 0.829762 
0.63715 -0.382309 
0.633234 -0.340469 
0.850413 -0.770368 
0.244102 0.268738 
0.203132 0.532724 
0.619427 -0.132741 
0.836743 -0.677374 
0.25219 0.249772 
0.0588618 0.704224 
0.218913 0.412659 
0.421129 0.107713 
0.247365 0.260289 
0.416902 0.145724 
0.41494 0.176546 
0.186913 0.648348 
0.826155 -0.505022 
0.834348 -0.646485 

