0.296822 0.212048 2.53476e-005 
2.72217e-010 0.508727 9.58023e-011 
7.71121e-005 0.340377 0.16844 
0.296062 0.000946295 0.211817 
0.381845 0.0421597 0.0846748 
2.26839e-010 0.423923 0.0844829 
1.45392e-015 3.32708e-016 0.508453 
0.21317 0.171486 0.124095 
4.84741e-006 0.254179 0.254573 
0.170137 0.168215 0.170427 
0.254246 0.170078 0.0847034 
0.0834336 0.297827 0.127545 
0.084684 0.0849128 0.339208 
0.0868334 0.041049 0.38088 
0.0836983 0.339814 0.0849712 
0.085904 0.422869 3.661e-006 
0.0419091 0.212768 0.254199 
0.085445 0.00033615 0.423071 
0.0420305 0.127543 0.338889 
0.0872678 0.124716 0.296722 
0.000818806 0.085328 0.422776 
0.0851345 0.167579 0.256386 
0.33993 0.167975 0.000935216 
0.00353425 0.0422321 0.463483 
0.0425436 0.254488 0.211839 
0.0427662 0.296492 0.16951 
0.25441 7.77675e-005 0.254295 
0.173278 0.127995 0.207665 
0.0423536 0.0423641 0.424209 
0.129645 0.295548 0.083671 
0.212206 0.296802 1.79224e-009 
0.384616 0.0849892 0.0405459 
0.0425644 0.170211 0.297325 
0.170143 0.253908 0.0848466 
0.169016 0.339316 0.000139379 
0.338872 0.000106585 0.169861 
0.296595 0.0417714 0.170435 
0.0414653 0.340696 0.126725 
0.169393 0.0860489 0.253407 
0.339496 0.0424101 0.126571 
0.0436724 0.382636 0.0828258 
0.126521 0.254807 0.127567 
0.424273 0.0846502 5.25592e-005 
0.211987 1.28067e-006 0.296739 
0.124052 0.0475843 0.337163 
0.127292 0.337165 0.0440214 
0.254684 0.126805 0.127301 
0.381209 0.000224262 0.126975 
0.127032 0.0848972 0.29704 
0.2115 0.254617 0.0423333 
0.125702 0.128726 0.254153 
0.211743 0.212428 0.0847387 
0.253863 0.212687 0.0423319 
0.0847587 0.382986 0.0425768 
0.424063 0.000294337 0.0845203 
0.46458 0.0439227 0.000450399 
0.127901 0.212037 0.168983 
1.47718e-005 0.126437 0.382402 
0.0865661 0.210409 0.211882 
5.17104e-006 0.169812 0.338916 
0.170041 0.000668962 0.338061 
0.508695 1.54503e-007 2.45858e-009 
4.79484e-005 0.212195 0.29652 
0.000338952 0.381543 0.126975 
0.169757 0.297046 0.0431064 
0.0416154 0.0839435 0.383222 
0.0413662 0.424966 0.04283 
0.340334 0.0849052 0.0832158 
0.338867 0.127665 0.0423304 
0.256293 0.0407847 0.211956 
0.126118 0.169319 0.213338 
0.296474 0.0858588 0.126554 
0.213325 0.0840082 0.211519 
0.0433522 0.465269 3.68253e-009 
0.210852 0.0418756 0.255922 
0.212262 0.127273 0.169768 
0.254337 0.2544 0.00025739 
0.127076 0.381528 0.000400508 
0.0427342 0.000167838 0.465945 
0.254372 0.0856291 0.168386 
0.169475 0.0427921 0.296599 
0.424721 0.0426604 0.0414619 
0.12699 3.88182e-005 0.381735 
0.00117268 0.465095 0.0422019 
0.466197 0.000323799 0.0423699 
0.381505 0.127448 9.58449e-011 
0.0852795 0.255056 0.168988 
0.172178 0.209726 0.12657 
0.296935 0.127346 0.0843095 
0.297219 0.168757 0.0430579 
2.80561e-005 0.297131 0.212013 
0.251101 0.00330812 0.254133 

