0.0401093 0.37749 0.0833649 
0.203035 0.299341 3.72092e-005 
0.333915 0.000181237 0.167212 
0.167206 0.334242 0.000621586 
0.0838062 0.253405 0.164992 
0.0421673 4.71161e-005 0.460019 
0.41809 0.0837551 2.38104e-005 
0.418979 0.0436195 0.0392147 
0.252531 0.247728 0.00106694 
0.0860251 0.208923 0.207096 
0.20921 0.166168 0.126005 
0.0420324 0.0828796 0.376116 
0.207622 0.253483 0.0422612 
0.126474 0.252744 0.122351 
8.50246e-005 0.418619 0.0838112 
0.168543 0.251876 0.0809879 
0.458963 0.0426588 1.65113e-005 
0.207737 0.0451174 0.248238 
0.502362 5.9373e-009 3.68178e-009 
0.270634 1.37558e-008 0.270482 
7.54009e-005 0.460572 0.0409328 
0.127484 0.371249 0.00318981 
0.000132099 0.250768 0.250937 
8.5954e-007 0.166988 0.334252 
5.72925e-010 0.331871 0.170112 
0.375785 0.0834934 0.0417701 
0.335498 0.167318 3.20234e-005 
0.167732 0.0843469 0.249332 
0.127466 0.123514 0.251541 
0.0427207 0.33447 0.124318 
0.083471 0.418778 8.87044e-005 
3.03328e-005 0.125524 0.375387 
0.460071 4.14653e-005 0.0416832 
0.127035 0.167801 0.207714 
0.0417864 0.0428579 0.41684 
0.0421624 0.459074 1.64986e-005 
0.000606878 0.0446803 0.455742 
0.129134 0.293023 0.0791171 
0.0432863 0.253622 0.204977 
0.124599 0.0831564 0.293749 
7.54973e-012 8.28383e-014 0.501283 
0.295364 0.0434933 0.162529 
0.210832 0.124982 0.166272 
0.0424478 0.418188 0.0408308 
0.0850745 0.375676 0.040942 
0.0443882 0.126826 0.330706 
0.292644 0.000931278 0.208039 
0.250855 0.125407 0.125275 
0.29614 0.128906 0.0775418 
0.124183 0.00256989 0.374186 
0.252687 0.0395745 0.210088 
0.123994 0.047768 0.329233 
0.213197 0.0845495 0.204413 
0.12465 0.335299 0.0412724 
0.17414 0.042092 0.286031 
0.326475 0.125772 0.0487559 
0.163354 0.293434 0.0450669 
0.0823441 0.168642 0.251096 
0.0854199 0.0868977 0.330329 
0.0816501 0.338189 0.0815819 
0.00127745 0.374585 0.125174 
0.000211033 0.208088 0.293129 
0.419325 0.000150998 0.0822117 
0.165863 0.00135773 0.334365 
0.0840376 0.000122808 0.417074 
0.000614036 0.0840352 0.416864 
0.209779 2.98195e-005 0.292979 
8.66661e-010 0.50202 5.19185e-011 
0.251274 0.168299 0.0826624 
0.294324 0.16571 0.0412233 
0.0448636 0.207244 0.24936 
0.378345 0.123441 3.14384e-005 
0.336172 0.0408512 0.124418 
0.379315 0.0394902 0.0830417 
0.295077 0.0872836 0.118685 
0.0427525 0.165237 0.294081 
0.167642 0.208762 0.126451 
0.405287 2.05999e-008 0.134443 
0.161543 0.131491 0.208775 
0.208867 0.209466 0.0831481 
0.000387934 0.294484 0.207014 
0.333256 0.0854947 0.0822034 
0.0835016 0.0439275 0.373975 
0.168304 0.167643 0.165081 
0.296708 0.204444 0.000879937 
0.251026 0.0841585 0.166786 
0.0858178 0.295925 0.119192 
0.128881 0.208715 0.164862 
0.250644 0.209374 0.0415912 
0.081917 0.12627 0.29436 
0.0373403 0.299872 0.164992 
0.451741 0.0470304 0.00308162 

