0.0147344 1.02208 0.189386 0.0689757 0 0.0115506 0.408984 0 
1.86017e-008 1.14663e-007 2.0998e-008 4.40549 0 0 0 0 
1.15062 0.00148794 0 0 0.0010661 0.52616 0.00687723 0.00173755 
8.16981e-009 1.42644e-008 2.68108e-010 1.40681e-010 0.61359 0 1.16086 0 
0.0953059 0.346945 0.00745728 0.0864314 0.154465 0.0395714 1.07384 0.167284 
3.31451e-008 1.23699 0.0515304 0.0816806 0.0236292 0.299575 0.00656516 0 
2.2969 0 0 0 0 0 0 0 
0.69565 0 0.473543 0.735385 0.727969 0.236552 0.000265446 0.259235 
2.80883e-008 7.39767e-010 2.56419e-008 0 1.21408e-009 1.42038 0 0 
0.0759587 0.548934 0.148199 1.22806 0.0383823 0 0.0014794 0.0023344 
8.62389e-009 1.70322e-008 0.712486 1.03378 0.54148 0.00022815 0.0115675 0.668241 
2.78968e-008 1.04112 0 0.000102841 0 0.574004 0.316384 0.00100815 
0.325974 0.579136 0.111758 0.117566 0.00813484 0.990227 8.26823e-005 0.0580864 
0.846363 0 0.0031563 0.210505 0.360265 0.0194676 0.595701 0.0550342 
1.94359e-008 0.725357 0.622377 0 0.0263973 0.0197465 0.601632 0.0359221 
0.539693 0.958812 0.100996 0 0.0161417 0.0851309 0 0.007101 
2.16054e-009 2.61133e-008 3.91541e-012 0.977893 0.620551 0 0 0 
2.56758e-008 7.7609e-010 0.958673 0 0.0309533 0.0198092 0.603544 0 
0.783598 0.0243217 0.131838 0.138689 0.00955664 0.89556 0 0.0581819 
3.67068e-008 1.36992 0.0596361 0 0.0249826 0.0440708 0.148948 0.154885 
1.02911 0.0218604 0.0944857 0.213824 0.0970489 0.081664 0 0.0437377 
0.219915 0.0147986 1.07641 0 0 0.102195 0 1.89162 
0.447846 0.00662779 2.95646e-005 0 1.12457 0.103779 0 0.50281 
1.10893 0.0350927 0.00262213 0.000103904 0.297699 0 0 0 
2.25745e-009 2.9924e-008 3.51232e-009 1.1276 0.423737 0.165063 0.0269769 0 
1.70281 0 2.21787e-005 1.46209 0.000223203 0.0608449 0 0 
3.08478e-008 3.22841e-007 0.00425656 1.35643 0.364485 0 0.349157 0 
0.692049 1.1431 0.00666942 4.22174e-005 0 0 0.555578 0 
0.0222597 0.000608217 0.00524507 1.14774 0 6.2374e-005 0.434188 0.356802 
0.0470309 0.334714 0.389679 1.00005 0.269285 0.0310982 0.0024006 0.496795 
0.0879337 0 0.0207121 1.2103 0.0036259 0 0.064744 0.000181492 
1.12374 0.00296874 0 0.00182432 3.55327e-005 0.0957188 0 0.76365 
3.18695e-008 1.18939 0.179148 0.0798557 2.64773e-005 0.0150614 0.0546103 0 
0.275143 0.695877 0.0791906 0.171443 0.809487 1.52122e-005 0.160352 0 
8.81296e-014 0 3.28904e-006 122.749 70.9514 0 81.0663 91.0089 
1.3223e-005 0.953755 0 0.659073 0 0.25859 0.00450313 0 
0.057198 1.11874 0.173687 0.0209021 0.167947 0.17934 0 0 
1.10743 0.0556471 0 0 0 0.67153 0.0040745 0.668415 
0.0895523 0.962716 0.00751607 0.0134791 0.400977 0.000323417 0 0.449322 
1.33287 0 0.0569398 0.000216468 0.0181222 0 0.585854 0 
1.03003 0.0471368 0 0 0 0 0.828144 0.640067 
1.77932e-009 2.3586e-008 2.16011e-008 1.19547 9.41591e-005 0.164083 0 0 
4.16358e-011 3.44188e-008 0 4.52168e-009 1.29557 0 0 0 
0.512488 0.291362 0.095922 1.27866 0.0399147 0 0.00154035 0.00243059 
1.20991 0.0189467 0 0 0 0.103742 3.22649e-005 0.50422 
0.91839 0.0376162 0.515939 0.000703317 0 0.0187096 0.000859693 0.457376 
3.56796e-008 1.33158 0 0.166441 0.222886 0 0 0 
0.116223 0.823976 0.0493257 1.12378 0.0105052 0.106712 0.0215679 0.0421535 
0.0162026 1.12392 0 0.0306497 0 0 0.5044 0 
0.213347 0.0457306 0.335052 1.15679 0.000104595 0.340884 0 0 
0.0160915 1.10472 0 0.61774 0.000394868 0 0.0121107 0 
0.00952905 0.984952 0 0 0.00728424 0.676763 0.00166633 0 
0.13211 1.2469 0 0 0.00116178 0.168945 0.00690203 0 
0.106297 1.11247 0 0 0.294808 0.166991 0.00845454 0 
0.0765297 0.791253 0.142804 0.20745 0.561447 0.607552 0.0152568 0.200648 
0.419983 0.0350076 0.0181812 1.22205 0 0.000351466 0.0596255 0.161675 
0.967604 0.0277471 0.00228774 0 0.70972 0 0 0.001623 
1.01797 0.0278599 0.239921 0 0.344917 0.178737 0 0.0257656 
3.10664e-008 1.15941 0.194973 0.205106 0.014192 0.10676 0 0.057832 
0.835805 0 0.781156 0 0.0135642 0.148031 0 0 
2.5121e-008 6.58061e-010 6.35828e-011 0 8.02044e-010 0.93833 0.688646 0 
0.399649 0.22721 0.0146588 1.14368 0.034447 0 0.00431994 0.00224228 
0.028859 0.517575 0.0227891 0.940775 0.0565176 0.448281 0.00554068 0 
2.93704e-008 1.09612 0 0.00167152 0.000297367 0.0430324 0.485059 0.365463 
0.113017 0.816343 0.298821 0.0403759 0.0425128 0.151745 0.872104 0 
0.0731589 0.520664 0.000850678 0.953311 0 0.42467 0.00203517 0.501577 
0.0060394 0.00270401 0.00470867 0.30199 0 0.309436 0.818096 0.576641 
1.62303e-008 0.605722 0.457864 0.755445 0 0.444563 0.442267 0.00200292 
0.225495 0.0187961 0.347464 1.19964 0.00010847 0.0478535 0 0.0294951 
0.0738457 0.861462 0.137965 0.218194 0.376676 0.134838 0.539653 0 
0.125524 1.46481 0.681415 2.20998e-005 0 0.000123174 0 0 
4.05926e-008 9.19217e-009 1.5533 0.0148296 0.868647 0 0 0.0368481 
2.07609e-008 0.774809 3.41944e-007 1.40473 0 0.062848 0 0 
0.168818 1.19701 0.000121077 0 0.270664 0.0728367 0.0184596 0.0358385 
1.11456 0 0.404129 0.0494627 0.0120096 0.205629 0.0705886 0 
0.000632657 0.500328 0.445628 0.130857 0.622516 0.677269 0 2.33164e-005 
1.41222e-008 2.46565e-008 4.40177e-011 1.06044 2.98206e-005 0.0126424 0.60733 0 
3.28278e-008 1.22515 0 0.0511142 0 0.0160298 0.236474 0 
0.0927128 0.873774 0.0217463 0.00224021 0.590104 0.000903639 0 0.454402 
0.964228 0.779896 0.00215523 0.000125183 0 8.68177e-005 0 0 
0.00229684 1.02519 0.040403 1.43137e-005 0.029317 0.400377 0.0509997 0.456326 
2.58441e-008 0.964517 0 0.00156582 3.04979e-005 0.492905 0 0.732947 
0.32887 0.027413 0.250907 1.20099 0 0.00110949 0 0.00216854 
1.86242e-006 1.30641e-005 0.493011 1.01172 0 0 0 0 
0.000481472 0.400068 0.0708259 0.00838271 0.509012 0.979671 0 0 
0.0014545 1.12304 0.17167 0.2223 0.0220465 0.192338 0 0.0141704 
2.99813e-008 1.11892 0 0.0102309 2.05139e-005 0 0 0.686987 
1.15144 2.01154e-005 0.417499 0.0510992 0.0593857 0.212671 0.0634951 0 
0.0706043 0.740812 0.270127 0 0 0.863644 0 0 
2.21622e-008 1.72613e-009 1.01911e-009 3.12219e-009 1.04385e-008 0.924685 0 0.576201 
0.987652 0.0217021 0.113345 0.205727 0 0.613686 0 0.0188088 
0.115589 0.822638 0.820748 0.00230899 1.68928e-005 0.0313875 3.82169e-005 0.501415 
0.0859595 0.620607 0 0.00160142 0.000197737 0.00324959 0.613087 0.74438 
0.203662 0.717191 0.00735169 0.714376 0 0.406224 0.482364 0.161883 
0.555115 0.935506 0.00420253 0.0538624 0.146554 0.0799951 0 0 
0.585383 1.03655 0.179304 0.0790794 0 0.0150738 0.0546553 0.00776162 
0.00104518 0.962032 0.00227363 0 0.705343 0 2.9788e-005 0.00161299 
2.92895e-008 3.24164e-012 3.11261e-012 1.0931 0.328477 0 0 0.270477 
4.50809e-016 7.87085e-016 1.40514e-018 3.38515e-008 9.51933e-013 4.55146e-010 1.26347 0 
1.85124 0.0633999 0.648668 0.000315904 0.0260766 0.898494 0 0.150795 
0.878814 0.403276 0.00117087 0.24049 0.394053 0.000584191 0.0204193 0.0459795 
0.106644 0.000269862 0.105279 1.14947 1.67685e-005 0.0311565 0 0.497725 
0.957691 0.227916 0 0.0969538 0.0133022 0 0.507646 0.0167596 
0.00492862 0 4.69341e-005 0.000223345 1.10728 0.506407 0 0.00181521 
3.98282e-006 1.12177 6.16981e-005 0 0.164953 0.0148228 0.224388 0 
2.46312e-008 1.13029e-008 3.2447e-011 6.74038e-009 4.26271e-009 1.54024e-011 1.08525e-009 1.05508 
9.96721e-007 0 2.42297e-008 37.2091 10.2717 0 0 0 
0.349616 0.0291422 0.250718 1.24921 0.237073 0 0 0.00229162 
0.00221236 1.04148 0.0477045 7.2262e-005 0.119455 0.0447464 0.211719 0.0326579 
0.548208 1.10344 0.043661 1.0588 0 0.0864375 0.0491015 0 
0.000697166 0 0.000164212 70.3265 0.308614 0 0 16.7623 
2.59645e-008 0.969009 0.116009 0.674563 0.0161373 0.0422022 0.00450093 0.0356157 
0.420121 0.0603882 0.0695927 1.04002 0.0318306 0 0.29917 0 
0.0295567 0.530089 0 0.962591 0.356327 0.450665 0.00520747 0 
0.00271407 0.00473862 0.00388588 0.356366 0.00565314 0.38749 0.996048 0 
1.3067e-007 4.87668 0 0 0 0 0 0 
0.00225146 1.00494 0.0396047 0.000121175 0.303793 0.522813 0 0.485529 
0.416429 0.744094 0.0946478 0 0.0125338 0.0661028 0 0.698417 
0.669557 0.0217528 0.596669 0.19091 0 0.016251 0.519498 0.457372 
0.83654 4.36586e-005 0.312923 3.43264e-005 0.0432678 0.0804303 0.564793 0 
0.905486 0.0624486 0.00214508 0.19064 0.679982 0 0 0.48705 
7.35584e-006 7.69832e-005 1.55688e-005 1.70665 0.00826718 0 0.424258 0 
1.06978 0.0266787 0.0165443 0.00738399 0.44986 0.38248 0 0 
0.948417 0.0387797 0.0562051 2.68778e-005 0.0112741 0.130947 0.121824 0.523521 
0.0604277 0.436695 0.117897 0.976966 0.0305344 0 0.204179 0.00189007 
0.0356785 0.681975 0.62551 0.233493 0.0113238 0.700279 0 0 
8.34539e-010 0.0311454 0.0235428 1.08636 0 0.45119 0.44886 0.00203277 
1.78714e-016 1.25434e-015 4.72854e-008 1.76472 0 1.31462 0 0 
3.84737e-009 2.70086e-008 1.01815 0 0 0.758467 0 0 
3.17203e-008 1.18382 0.17831 0.0814592 0 0.0149926 0.0135148 0.126707 
0.0448484 0.877196 0.803801 0 0.176367 0.188331 0 0 
0.00870986 0.00389027 0.00678799 0.435347 6.83988e-006 0.0207785 0.824808 0.581372 
0.000822745 0.683954 0.472043 0.155251 0.875394 0 0.0222055 0 
0.0522189 0.371637 0.368328 0.953418 0 0.424718 0.00203539 0.501633 
1.9915e-005 3.22027e-005 5.08226e-008 4.09701e-006 0.975611 0.012071 0.489375 0.000347888 
3.33027e-008 1.24287 0 0.0518536 0.0615935 0.0162816 0.0634952 0 
0.0942421 0.901164 0 0.807164 0 0 0.323307 0 
1.15903 0.027701 0 0.00839892 0.0228443 0.612201 0.802662 0 
0.848393 0.0256439 0.00754359 0.00394947 0.0276274 0.0175395 0.770586 0 
4.25605e-009 2.98545e-008 1.12545 0 0 0 0 0 
0.0596123 0.570047 7.91779e-005 1.22703 0.037757 0 0.00147813 0.0638511 
0.964111 0.416388 0 0 0 0.579001 0.318817 0 
0.0144448 1.00199 0.185664 0.0676202 0 0.0116021 0.457728 0 
2.81004e-010 2.94087e-009 4.46484e-008 1.66994 0.0759889 0 0.415559 0 
2.47392e-005 4.08639e-005 6.4119e-008 0 1.22371 0.0147397 0.613821 0.000436355 
3.43548e-016 9.11075e-020 1.60803e-015 6.13669e-008 2.29025 0 0 0.567189 
0.639727 0.0374229 0.113711 0.0134282 0.81538 0.4778 0 0 
1.06938 1.89897 0.200049 0 0.0282502 0 0 0 
1.58992 0 0.580235 1.4532 0.000221849 0 0.000285377 0 
2.02261e-009 1.43947e-008 0.542496 0.983621 0 0.322147 0.00203517 0.501577 
0.225573 0.788141 0.118143 0 0 0.126079 0.279716 0.729906 
0.0164275 1.13952 0 0.0310604 0 0 0 0 
0.373909 0.0311733 0.368248 0.953211 0 0.424604 0.00203494 0.501521 
0.904384 0.558063 0.250371 0.000915168 0.35994 0.188408 0 0.0108714 
1.02435 0.0405263 0.088942 4.00732e-005 0.33922 0.175793 0 0.0253413 
0.764114 0 0.0329198 0.355075 0.0113155 0.0967809 1.09933 0 

