1.53552e-005 0.233616 3.7421e-005 0.946655 0.233217 
0.802052 5.0235e-005 0.537981 1.81214e-006 0.268355 
0.000231799 0.806391 0.270384 0.000210512 0.531016 
0.94434 0.00160649 0.236568 0.237483 9.47199e-005 
0.447568 0.00045037 0.901798 0.000254041 7.75128e-005 
0.356932 0.356612 0.349133 0.71027 0.355407 
0.537273 0.803715 0.000194046 0.266051 0.000537659 
0.197273 0.982441 0.00019211 2.1583e-005 0.000109478 
0.633382 0.316619 6.292e-006 0.636233 0.313704 
2.45196e-005 0.709477 0.000675408 0.711101 0.000108485 
0.984909 6.30184e-005 0.19776 5.59339e-005 2.14742e-006 
0.54008 6.82801e-006 0.80434 0.268493 0.000157614 
0.804272 0.531714 6.70727e-005 3.94731e-005 0.272535 
0.27184 0.808493 0.000240588 0.000159511 0.524691 
1.00395 0.00010936 8.34695e-006 1.49916e-006 3.61503e-005 
0.315821 0.636284 0.320535 2.04332e-005 0.634603 
0.354352 0.71114 0.351486 0.356783 0.347201 
0.288154 0.866528 0.000215784 0.288837 0.290854 
0.639656 0.636984 0.317968 0.313697 0.000781893 
5.06394e-005 0.89464 4.72641e-005 4.31602e-006 0.448785 
0.982044 2.94678e-005 5.50953e-005 0.192574 2.18891e-005 
0.236685 0.237689 0.945326 0.000255895 0.000329609 
0.575748 0.579834 0.000129531 0.579266 0.000107067 
8.19311e-005 0.268151 4.29385e-007 0.535854 0.802249 
2.70384e-005 0.71068 0.71095 2.85955e-005 6.31113e-007 
0.804788 0.269916 5.29954e-005 6.38665e-005 0.531466 
0.000166117 0.866662 0.292163 0.29195 0.290678 
0.807434 7.48996e-005 0.000835068 0.536735 0.265608 
0.945509 0.000264789 0.000121055 0.236447 0.234323 
0.32122 0.647867 0.623949 0.00186706 0.313785 
0.290006 0.000158436 0.868214 0.292265 0.290527 
0.195776 0.000514657 0.000186375 0.98617 7.41842e-007 
0.269793 0.803837 0.000381989 0.532829 4.0944e-005 
0.980832 0.00041968 0.00144534 0.000251556 0.198761 
0.270188 4.36274e-005 0.805915 5.65098e-005 0.532399 
0.263224 0.536374 0.806494 0.000622571 1.50065e-005 
0.000531264 0.240503 0.945155 6.49024e-005 0.235016 
0.316067 5.09205e-005 0.636326 0.632031 0.318284 
0.289196 0.000737981 0.290924 0.29137 0.867564 
0.290414 0.865415 0.289829 3.67254e-005 0.291117 
0.317254 0.635708 0.00038649 0.637757 0.316208 
0.351608 0.350441 0.708635 0.363309 0.351288 
0.541142 0.000328116 8.65041e-005 0.27288 0.811471 
0.895632 0.00306432 0.449729 5.58026e-005 0.00236128 
0.000290695 0.237622 0.234795 0.944184 0.000223814 
0.19503 3.55615e-005 0.986321 2.49718e-005 0.000149702 
2.16509e-009 2.51098e-005 0.89717 0.444525 0.000474175 
0.534657 0.263884 3.9934e-005 0.804924 6.69473e-005 
0.00184165 0.804038 0.000130291 0.270091 0.534302 
0.000133209 0.983798 0.0016479 1.11229e-006 0.195289 
7.55848e-009 5.82669e-005 0.709497 9.39804e-005 0.706089 
5.02961e-005 0.268338 0.000311492 0.804973 0.534272 
0.236529 0.235569 0.00021485 0.946925 3.21463e-005 
0.000536155 0.643381 0.327437 0.317317 0.642129 
0.538224 0.808193 0.261961 0.000105093 4.68634e-006 
0.710302 0.34995 0.356357 0.355101 0.351268 
9.98387e-009 3.48389e-005 0.238428 0.237224 0.946868 
2.60637e-005 0.573659 3.78941e-005 0.584001 0.577128 
0.44647 0.000515232 0.00190694 0.000378613 0.897069 
0.633481 0.320146 3.18253e-007 0.319385 0.634092 
0.000125461 0.000272966 0.582038 0.58192 0.576517 
0.706193 1.46744e-006 3.13938e-007 0.709987 3.89449e-005 
0.537743 0.269814 0.800673 0.000128598 9.22552e-006 
0.237435 0.946294 5.0068e-005 5.12779e-005 0.234761 
0.268619 0.801752 0.537947 6.95027e-005 5.12584e-005 
0.797993 0.000122685 0.546308 0.263171 1.01586e-006 
0.234167 3.67006e-006 3.20597e-005 0.944198 0.234294 
3.95152e-008 9.83024e-006 1.00913 4.32645e-005 2.32821e-005 
0.235314 0.00263393 0.947068 0.234877 0.000128071 
0.000804151 1.42984e-005 0.267722 0.537365 0.804339 
7.04329e-006 0.53897 6.19882e-005 0.26781 0.799913 
0.634773 0.638195 0.000104108 0.3215 0.312338 
5.54368e-005 0.289223 0.867992 0.292079 0.290823 
0.239329 0.236699 5.07183e-005 0.000160777 0.943658 
4.21967e-005 0.985235 0.206823 0.00230818 8.61506e-005 
4.8568e-006 9.79472e-006 0.450891 4.449e-006 0.895276 
0.2885 0.289718 0.868695 0.000249284 0.287837 
0.533122 0.267547 0.000119449 0.000169341 0.803233 
0.000486356 0.00144332 0.715028 0.712174 2.36226e-005 
0.951748 0.236486 4.00933e-005 0.000277647 0.236519 
0.581128 0.000149213 0.589173 0.00169572 0.575426 
8.02611e-006 0.536792 0.80907 0.269509 3.70268e-005 
0.269007 4.29996e-006 0.000192688 0.807086 0.537648 
6.95629e-005 0.447742 7.22391e-005 0.000373986 0.898385 
0.284657 0.28619 0.00171287 0.87138 0.287255 
0.583864 0.5822 8.94255e-005 0.000128118 0.569678 
2.15295e-005 4.14994e-007 1.00129e-005 0.44895 0.894502 
7.19887e-005 1.00164 6.57077e-007 1.31834e-006 1.26744e-006 
0.806839 0.269306 8.64114e-005 0.539306 2.79163e-006 
0.947634 0.23693 0.000115723 0.237214 1.37716e-006 
0.000372622 8.59711e-006 0.272029 0.811357 0.538991 
0.866661 0.292288 0.00238806 0.290366 0.288183 
0.63336 0.31571 0.319237 0.631612 1.16924e-005 
0.000640776 0.000663926 0.537859 0.268706 0.805229 
0.00201614 0.801348 0.53751 3.66227e-005 0.268169 
0.000269228 0.00024653 0.000118594 0.708206 0.707876 
0.63335 0.000111244 0.643088 0.31624 0.315341 
0.315653 0.317422 0.637794 0.00155427 0.633369 
0.266955 0.000615187 0.532539 0.804568 5.37643e-005 
0.239293 7.36696e-005 1.52874e-005 0.236108 0.944382 
0.236263 0.000116433 0.240062 2.59691e-005 0.945626 
0.534426 0.000179322 7.87013e-005 0.805163 0.264172 
0.00110129 0.2733 0.555282 2.08741e-005 0.829719 
0.799434 0.541403 0.000194564 0.268317 5.4061e-007 
0.446684 0.00238641 0.000411544 0.896396 8.25257e-005 
4.69209e-005 0.268902 0.536422 0.804443 2.71146e-005 
0.900066 0.000137308 0.000156398 0.448175 0.000339478 
3.96211e-008 7.55702e-007 0.196762 1.67188e-006 0.981451 
3.38317e-005 0.533365 0.266145 0.804121 0.000498265 
0.237879 0.000279383 0.235514 0.946294 8.13078e-005 
0.00119292 0.317325 0.320103 0.636587 0.629824 
2.42154e-006 1.20643e-006 0.896312 4.08883e-005 0.446657 
0.318413 0.000224016 0.635474 0.317189 0.632991 
2.07075e-005 0.632498 0.637206 0.314564 0.31502 
0.577029 5.79672e-005 0.580676 0.578966 2.38364e-006 
7.4136e-006 0.195599 2.26408e-005 0.986044 1.38628e-006 
0.267374 5.01444e-005 0.808425 0.538475 0.00112728 
5.99651e-005 0.803305 0.266305 0.53714 0.000845281 
7.54224e-005 0.991623 0.000151417 0.198171 0.000142463 
0.944477 0.000587884 0.238411 3.95559e-005 0.237537 
2.17913e-005 2.78203e-007 0.982417 4.44016e-005 0.195241 
0.635151 0.000481939 0.319034 0.320356 0.63085 
0.291149 0.28959 0.000125846 0.287956 0.867496 
0.266686 0.537619 9.14302e-005 2.36198e-005 0.800693 
3.21118e-005 0.446798 0.903497 1.32663e-006 1.14661e-006 
0.316444 0.315858 5.14056e-005 0.635096 0.632322 
0.282478 0.868696 0.288372 0.293714 0.000328336 
0.896236 0.446505 8.92633e-006 0.000283226 3.40208e-005 
0.000266361 0.31963 0.632556 0.316486 0.632629 
3.0906e-007 0.576203 0.57802 0.580888 5.51944e-005 
0.000176048 0.267499 0.805145 0.537649 3.99371e-005 
2.6893e-008 9.17039e-011 3.64643e-010 6.48369e-013 1.00286 
0.316209 0.315924 0.636885 0.632977 1.73614e-005 
6.2678e-006 0.0017481 0.803686 0.269913 0.532435 
0.289664 0.291285 0.288019 6.07763e-006 0.868952 
0.537839 0.802738 0.000127146 3.87969e-008 0.266342 
0.636202 0.000101913 0.31186 0.633676 0.314094 
0.579557 0.582371 0.576052 1.21556e-005 0.00114314 
0.632006 0.317269 0.635929 4.66159e-006 0.316605 
0.805389 0.00108777 0.266936 3.95611e-005 0.534225 
0.000148888 0.197178 0.985047 0.00174435 2.13314e-006 
0.00148827 0.902104 0.455736 7.04779e-005 0.000366025 
0.635491 0.317741 0.316498 6.13053e-005 0.633367 
0.000207676 0.534708 7.87428e-005 0.805587 0.266494 
1.28046e-006 0.90345 0.000171414 0.451854 1.09436e-005 
1.76893e-008 7.7327e-005 0.529204 0.806491 0.265875 
4.70594e-005 0.715042 1.64074e-005 1.5391e-005 0.713237 
0.00123785 3.74808e-006 0.195026 0.982409 7.39013e-007 
3.93631e-005 0.547459 0.270677 1.35174e-007 0.820529 
0.535453 2.59985e-005 0.805756 1.92359e-005 0.266469 
0.867714 0.287576 0.285591 0.000827353 0.292917 
6.13926e-005 0.801207 2.08991e-005 0.539214 0.267971 
0.291331 0.290069 0.28727 0.867603 4.24508e-006 
0.804773 0.266204 0.532851 1.73012e-005 0.000417635 
0.355431 0.356172 0.365027 0.354966 0.716138 
0.805495 0.000109035 0.000125451 0.265231 0.536306 
0.000383591 1.77512e-006 0.234748 0.946544 0.235369 
0.000379232 0.23146 0.23961 0.000209147 0.943794 
0.230468 8.47281e-005 0.945868 5.62181e-005 0.23502 
0.538266 1.71034e-005 0.272194 2.50436e-005 0.801377 
0.709572 0.707594 0.000538324 2.12573e-005 0.000110758 
0.268641 0.533371 3.77613e-005 0.806038 2.86034e-006 
0.000621265 0.944754 0.228744 0.238828 0.000320616 
0.707418 0.000123258 0.709769 1.8281e-005 4.61909e-005 
1.63864e-005 4.79e-007 0.804335 0.532762 0.26621 
2.09493e-005 1.92724e-005 1.36696e-005 0.899047 0.446447 
0.315054 0.631566 0.318381 0.635735 1.4289e-005 
3.06471e-005 0.19726 2.37289e-005 1.11417e-005 0.981435 
0.943897 0.235646 0.237081 3.50951e-005 2.63685e-005 
0.000612955 0.269946 0.804386 5.64641e-005 0.538201 
0.536302 0.000616764 0.266568 0.80431 7.94353e-005 
0.000384638 0.235539 0.947916 0.235087 5.65152e-005 
0.871288 0.00091057 0.286201 0.283084 0.288236 
0.802871 0.53689 0.263552 0.00153406 3.89419e-006 
3.14633e-006 0.000126815 0.448348 0.896014 7.2817e-006 
0.708684 0.000194356 5.15041e-005 3.4853e-006 0.708938 
0.239477 0.94352 5.59767e-005 0.236773 0.000124006 
0.630652 0.633993 0.319443 0.000290924 0.328169 
0.314794 0.638108 0.00342186 0.316214 0.633086 
0.00358083 0.287667 0.289483 0.869493 0.289224 
0.631561 0.316289 0.637714 0.318092 0.00210405 
0.000415087 0.448655 8.57833e-006 0.895463 4.99407e-006 
0.000596185 0.808517 0.536703 0.269963 4.57114e-005 
0.870949 0.285699 0.290579 0.29255 8.28095e-005 
1.11305e-005 0.00113364 0.981841 0.196169 0.000123236 
1.91115e-005 1.91446e-005 0.944727 0.235458 0.233704 
0.983192 0.193327 6.39068e-005 2.15575e-005 0.00011075 
0.197065 0.000643275 0.000192438 0.000167172 0.983252 
0.000260717 0.63409 0.315867 0.635251 0.315362 
0.000778795 0.000180046 8.04635e-008 0.98777 0.19726 
0.27147 6.9151e-005 0.53826 1.60717e-006 0.808197 
0.268658 0.000437115 4.23282e-005 0.536869 0.803767 
0.802313 0.00201847 0.265977 0.536479 0.000855233 
4.17824e-005 0.581106 0.580174 7.90568e-007 0.574736 
0.234181 0.94481 0.234452 1.39619e-005 5.14439e-005 
0.0011451 0.943466 0.238156 2.22921e-005 0.237283 
3.22346e-007 7.24853e-010 1.9021e-009 1.00795 1.5727e-008 
5.95328e-005 0.242116 1.54678e-005 0.242747 0.963159 
1.17586e-005 0.529274 0.809901 0.000563986 0.266196 
0.000309122 0.286367 0.288081 0.291021 0.873246 
3.99913e-005 0.310291 0.635748 0.634146 0.315307 
0.579197 0.000248062 1.32937e-005 0.581524 0.58035 
7.14489e-006 0.950937 0.000977528 0.23627 0.23866 
0.284148 3.53893e-005 0.288153 0.872171 0.282762 
0.288873 0.288991 0.868723 0.291276 7.58155e-005 
0.448164 0.895083 0.000198937 3.9164e-005 1.27744e-005 
1.25876e-007 4.58593e-005 1.01398e-007 0.197507 0.983209 
0.320525 0.632479 0.632493 0.317051 9.67853e-005 
0.898655 0.00110808 0.000525136 2.13711e-008 0.444208 
0.316938 0.00174561 0.318012 0.63411 0.630432 
7.08443e-005 0.172301 0.0855095 0.932191 0.315465 
0.380044 0.189229 8.04427e-005 0.421727 0.806277 

