0.476112 0.311 
0.319668 0.435685 
0.922581 0.0401605 
0.457733 0.324612 
0.447971 0.331738 
0.556441 0.255321 
0.0803921 0.71742 
0.823621 0.0932093 
0.20533 0.547766 
0.634884 0.204011 
0.117266 0.658737 
0.311596 0.442585 
0.771881 0.126518 
0.48547 0.304137 
0.378173 0.386567 
0.095384 0.692319 
0.296087 0.456996 
0.974545 0.020136 
0.94068 0.031016 
0.403763 0.365671 
0.183686 0.572818 
0.161105 0.600004 
0.212316 0.540179 
0.303231 0.450531 
0.525384 0.275824 
0.257454 0.49352 
0.515229 0.28313 
0.749549 0.135029 
0.0501726 0.776932 
0.189971 0.56524 
0.102116 0.681805 
0.15368 0.608765 
0.131996 0.638583 
0.352392 0.407384 
0.0880759 0.705021 
0.611182 0.219074 
0.429696 0.345202 
0.272674 0.478828 
1.67955e-007 1.0006 
0.0343553 0.816113 
0.736116 0.142911 
0.0650466 0.74637 
0.412334 0.358961 
0.197691 0.55622 
0.394916 0.372591 
0.535011 0.269319 
0.24235 0.508988 
0.249925 0.501341 
0.139412 0.628177 
0.36047 0.400481 
0.697556 0.165743 
0.335903 0.421514 
0.327586 0.428678 
0.110193 0.669554 
0.708133 0.159304 
0.683332 0.174098 
0.466234 0.317995 
0.658511 0.189681 
0.58968 0.23312 
0.505163 0.290042 
0.805546 0.103045 
0.892943 0.0559504 
0.00927862 0.905211 
0.226601 0.524785 
0.219981 0.532087 
0.72227 0.151004 
0.344084 0.414541 
0.0730222 0.731083 
0.577803 0.240804 
0.175709 0.581927 
0.495679 0.296959 
0.978616 0.0112255 
0.546319 0.261803 
0.777808 0.118997 
0.671016 0.181861 
0.264902 0.486439 
0.0258929 0.840142 
0.235006 0.516838 
0.420356 0.352825 
0.905696 0.0491154 
0.125053 0.647637 
0.567604 0.247499 
0.287723 0.464378 
0.9992 0.00107328 
0.439626 0.337743 
0.791964 0.110633 
0.874805 0.0656173 
0.600853 0.226747 
0.369337 0.393193 
0.857942 0.0744581 
0.0421318 0.795927 
0.0175615 0.868979 
0.837978 0.085338 
0.385984 0.379886 
0.646764 0.196688 
0.280143 0.471671 
0.0574593 0.761612 
0.168328 0.590795 
0.623628 0.211643 
0.146727 0.618839 

