2.14283 2.13619 0.386547 0.000531342 0.436675 0.47159 0.395502 0.450136 
7.86827e-009 8.56039e-008 3.50446e-012 0 0 0 6.59872e-011 3.20825 
8.65461e-008 3.22995 0 0 0 0 0 0 
0.00307015 0 0.00356947 0.0487107 0.00791089 1.94069 1.29483 0.267486 
3.88187e-008 1.44874 0.0614503 0 0.00140006 2.92154 0.0796406 0 
1.58386 0.00121209 0 0 0.904546 0 1.29647 0 
5.44889e-008 2.03355 0.00971476 0 0.00131666 1.78522 1.86317 0 
0.0136164 0.000533951 1.47816 0 6.65407e-005 0 1.27068 1.0995 
5.18169e-008 1.93383 0.0543736 0 1.10413 0 0.0622455 0.0875578 
1.80144 1.96913 1.86321 0 0.00724548 4.544e-005 0 0 
9.49518e-005 3.00477e-005 2.98377 0 0 1.22533 0 0 
1.30106e-017 4.85562e-010 8.4195e-011 2.47681e-008 0.924541 0.000864999 1.35777 2.72541 
1.00189e-010 6.34072e-008 2.36639 0.000779902 0.116495 0.225599 0.250911 0.324116 
5.87079e-011 7.69464e-008 2.87168 0.0037203 0.0166379 0 1.4638 0.00946807 
4.76277e-009 7.08083e-008 1.37861e-009 4.61497e-008 0 0 3.15975 0 
0.464781 0.469525 0.163465 1.88116 0 1.57296 0.0477026 0.436207 
0.0134451 0.00491197 1.67938 0 0.192225 2.78388 0 0.000131781 
0.117141 0 0 2.22593 1.39317 0.0308554 1.75272 0.00114519 
1.00853e-010 3.18218e-008 1.9143e-008 1.38594 0 0.186802 2.97962 0 
6.17272e-008 2.30369 0.0515343 0.060835 0 0.742193 0.00695374 0 
1.98637 0 0 0 1.13442 0 0.000431702 0 
1.81571 0 2.05928 0 1.67385 0 0 0 
0.00222348 2.91424 0.00396755 0.00377544 0.0170606 0.000197325 1.48615 0.000210879 
0.000319793 0.000523398 1.28638 0 6.75232e-005 1.19091 0.00983185 1.40064 
2.12755 0.00273214 0.00289737 0 0 6.30384e-005 1.83134 1.70321 
7.60029e-008 0 2.40227e-009 2.83789 0 0 0 1.44395 
0.342712 0.565572 0.328487 1.90068 0.307365 0.326172 2.37855 0.332302 
2.30269 3.21904e-005 0 0 0 0.000288656 0.0129634 1.1799 
4.63353e-008 1.72292e-009 1.73045 2.16316 0 0.00020823 0 1.7432 
8.51613e-008 2.94187e-009 3.18016 0 0 0 0 0 
1.2928e-012 4.05514e-010 2.07225e-010 3.69012e-012 4.06673e-008 1.51782 1.98887 1.98061 
1.79122 0 0 3.25837e-005 0.281375 1.44148 1.1739 0.0225461 
1.96509 0 2.00018 0 0.00184079 0 0.0366548 1.64735 
7.98706e-008 2.98081 0.00383127 4.55935e-005 0 0.0812457 0.0295385 1.51649 
1.6771 0.0458154 0.315905 0.341285 1.41001 0 0.177816 0.013749 
0.116628 0.946193 1.97514 0.658337 0.247615 0.00150593 0.511151 2.22955 
4.24395e-008 1.58386 0 0 0.904545 0 1.29647 0 
0.212013 1.12056 0.867745 0.201764 0.0291 0.192058 0.836257 0.111548 
0.0264872 0.0350492 2.81148 0.021162 1.48665 0 0 0 
1.96392 0 0.000159416 1.89201 0.00613304 0 0 1.71613 
1.58131 0 2.83027 0.000359303 0.000676148 0 0 0.00857174 
0.170227 1.85193 0.118544 0.372692 0.149162 0.00028456 0.316386 1.82328 
3.10581e-006 5.26448e-006 0.000101027 1.25392 0 0 0.0140941 2.50594 
2.11352 0 0 3.02707e-005 0 1.95679 0.0564398 1.48725 
4.92917e-013 5.55512e-008 9.37872e-009 2.10254 1.0932 0 0 0 
2.02685 2.166 0.0152688 0 0 1.46098 6.18864e-005 0.259573 
5.21947e-008 1.28306 1.4817 0 0 1.28066 0 0.0612682 
2.33618e-008 3.6228e-008 1.60879 0.00329413 0.000234691 0.103981 0 2.99463 
2.41722 0.0184843 0.369056 0.0127604 0.20313 0.211923 2.00272 0.248653 
0.312778 0.0117635 0.373216 2.2912 4.73306e-005 0.0793805 0 2.15083 
1.00368e-010 3.16685e-008 1.90669e-008 2.96651e-010 0 1.37962 2.93945 0 
2.09552e-015 7.8206e-008 2.91869 1.45927 0.00027745 0.000894247 0 0 
1.50646 2.31174 0.000448264 0 0 0 0 1.62004 
1.11374 1.55688e-005 0 0.00148178 1.8948 0.00826148 0 0.00612423 
0.8874 0 0.000101629 0.900251 1.02446 0 0.212965 0.0142448 
1.87319e-005 8.21036e-006 1.97373e-006 2.48106e-006 1.53683 0 2.74537 7.55657e-005 
2.04063 0.649867 1.40374 0.369078 0.351022 0.428626 0.141479 0.0987102 
4.94346e-010 0.0184493 0.00586603 0.0124899 1.82704 1.6198 2.08435 0 
2.99534 1.52892 0 0 0.125218 0 0.0282115 0.00187826 
1.3257e-005 1.00339e-005 1.52361 0.00308523 1.67458 0.156023 0.03116 0.276663 
8.58841e-008 8.52892e-010 1.43951e-008 3.25011 0 0 0 0 
2.83166 0 1.46234 0.0140233 0.0400592 0 0 0 
1.3885 0 0 0 0 0 2.92021 0 
1.74455 0 0 0.0224612 0 2.79159 0 0.0927211 
0.285017 0 0.335244 0.080753 0 0.291895 0.257149 2.54 
9.92984e-005 1.15427e-008 3.03981e-005 1.28658 0.00202738 0 1.2374 1.29261 
0.00504975 2.06215 1.90486 0.394843 1.60985 0 0 0.005189 
2.32166 0 0 0.019659 1.90663 1.65245 0 0.133139 
1.21681 0.0141887 0.018739 0.00073043 0 0 0 2.06065 
2.6354e-013 2.97007e-008 5.72527e-009 1.12885 2.13049 0 0 0 
8.25871e-011 4.12634e-008 2.85985e-008 1.87368 0.103981 1.6936 1.28486 0.0202075 
0.0591506 2.31817 0.43934 0.463174 1.94899 0 0.245707 0.0156924 
0.522816 0.516793 0.467191 0.0580985 0 0.00256162 1.64492 2.05609 
0.00360254 1.47116 2.94796 0 0 0 0 0 
2.80931e-005 5.07295e-006 2.91291e-006 0 2.18984 0 1.02942 0 
1.31485 0 0 0 2.23997 0.00526726 0 2.04464 
0.00822654 1.63768 0.00192676 0 2.78634 0.00654911 0 0 
2.0311 0 0.119031 3.70107e-005 0.319603 1.63296 0 0.0808324 
1.48707 0 0 2.90582 0 0.000194463 0 0 
1.745 0 2.01479 1.85987 0.00294689 0 0 0 
4.49426e-014 1.67728e-006 2.10152e-007 3.21458 0.15825 0.30646 0.357532 0.440532 
2.15695 0 0.000175084 2.07797 0.0151959 1.19458 0 0.0378225 
9.34165e-007 0 1.00861e-007 6.41043e-008 1.85161 0.0153507 2.03112 1.64151 
0.00307987 6.67958e-005 1.77951e-006 0 3.03901 0.986088 0 0 
1.52955e-015 5.70838e-008 2.1304 0.427806 0.603865 2.16489 0.33655 0.665386 
0.000231839 2.02458 0.00951078 0.125998 0.0373291 1.52658 0 1.97144 
2.43786 0.0247319 0 0 0 1.25363 0 0 
1.26837e-009 0 0.0473363 1.29075 1.16835 1.30976 0 0 
0.0239655 1.31855 1.49548 0 0 0 0.0224115 1.10692 
5.10263e-010 0.0190433 0.0137121 0.0234138 0.00537789 0.00772797 2.06615 1.04597 
3.45215e-008 3.40904e-010 1.28842 0.109827 1.21697 1.33633 0.000986556 0.0166591 
1.39107 0 1.63621 0.394128 0 1.42465 0.0755054 0.0102324 
3.00916 0.000398612 0 0.00372763 0.000466099 0.00332651 1.26143 0 
4.70366e-008 0 1.75543 0 1.49083 0.00211592 1.16716 0.025522 
0.0662484 0.755621 0.0399676 0.167629 0.0952183 1.59831 0.29542 1.98857 
3.49946e-008 5.26587e-010 2.02989e-009 1.30836 2.24376 0.00515339 0 2.04464 
6.44278e-008 2.40448 0.053789 0.293167 0.296665 0.188471 0.243004 0.333205 
0.00634715 0.000497204 1.47598 2.88704 0.0027193 0 0 0 
7.60933e-008 2.83984 1.55864 0.0375998 0 0 8.01347e-005 0.000116637 
1.70879e-008 3.71288e-010 0 8.32032e-008 3.17003 0 0 0 
2.78991e-009 4.55224e-009 0.19926 0 0 1.39414 0.0114204 2.90713 
3.75786e-008 1.64711e-008 6.5426e-008 2.88215 0 1.35854 0 0 
1.9845 0.00041228 0 0.88034 0 0 0 0 
0.000285454 3.32856e-006 4.39605e-006 0 1.13653e-006 1.89232 0 1.49494 
0.0190516 0.000159099 0.00408139 4.50946e-005 1.63059 0 0 2.70451 
0.566474 0 0 0.507529 0.389374 2.43997 0 0.000812859 
1.5233 0.168598 0 1.60318 0.576225 0.218299 0 0.000201567 
0.468285 9.72862e-005 0 0.520419 0 0 2.1055 0.0104861 
4.67587e-008 0 1.74506 1.68111 0.0123191 0.234535 0 0.225094 
4.66763e-009 1.37885e-011 3.94275e-009 6.20972e-008 3.84178e-010 2.32874 0 0 
0.198616 1.95906 0.311948 0.00331243 0.313175 1.60012 0 0.547235 
1.55561 2.80979 0 0 0 0 0.0360993 0.000324872 
0.468267 0.330306 0.407753 0.0988558 0.780593 1.15932 0.896744 0.0194029 
2.91813e-011 4.37627e-008 1.63325 0.00211589 0.00946267 0 2.81673 0.00956417 
5.88868e-008 2.19769 0.010405 0 6.04535e-005 0 1.51389 1.79361 
1.65336 0 1.9524 0 0.0895938 0.000989181 1.95342 0 
0.00339821 1.40736 0.0342104 0 3.35494e-005 0.0919353 2.96707 0 
0.441578 0.334217 0.264148 0.0862222 1.29662 2.81178e-005 1.22669 0.0222069 
8.48745e-011 8.03552e-008 7.73078e-011 0 2.9989 0 0.0297067 1.48253 
3.79701e-014 4.30701e-016 1.41715e-006 2.94378 0.0293317 0 1.25341 0.000116539 
1.77865 0.059937 0.0206476 1.97827 0.000116901 0.0113837 1.84656 0.24308 
0.249734 0.74527 0.080022 0.157865 0.600369 0.164963 1.29757 0 
2.94554e-008 1.09929 0 0.487618 0 0 0 0 
2.98622e-008 8.93504e-013 1.11448 0.00148276 1.89615 8.75224e-005 0 0.00612847 
0.0309202 6.1554e-005 1.99281 2.03127 1.50604 0 0 0 
4.18326e-008 1.56121 0 0 0.00101082 0 0.0490303 2.85021 
3.59818e-008 5.55019e-008 2.46856 0.00505459 0 0 0 1.27674 
3.2285 0 0 0 0 0 0 0 
0.429834 0.775098 0.000101503 0.899504 1.01749 0 0.00914163 0 
5.10879e-008 1.90663 0 0.055811 1.00982 1.09592 0.00140639 0 
3.71926e-011 5.42723e-008 2.02547 0.09812 0.201584 1.68068 1.81794 0.0813373 
2.72956e-008 1.01869 0 1.99763 0 0 0 0 
1.73501 0.000653386 0.29478 0 0.164464 0.123101 0.23507 1.68885 
0.236122 1.24799 0.966422 0.3189 0 0.267209 0.00234964 0.00448933 
1.90556 1.79811 0.00297851 0.000141731 1.96534 0.00356552 0.000529209 0.00754668 
6.73142e-016 1.14048e-015 4.94243e-008 1.84454 0.0667204 1.70876 0.0197983 2.02801 
2.83301e-006 0 1.24477e-006 3.1592e-005 1.27347 2.00442 0.0390402 0 
0.113542 0 1.59995 1.43897 0 0 1.43321 0 
5.77952e-008 0 2.15695 2.07797 0.015227 1.19458 0 0.0378225 
1.66973 2.12265 0 6.89386e-005 0.100662 0 2.00573 0.00187831 
8.79322e-010 3.16281e-008 1.90343e-008 1.37804 0.0738008 0.185969 2.96687 0 
0.000364203 2.43024 1.72943 0 0 0.0812993 0.029558 1.51749 
2.86331 0.0333879 0.0142293 0.0269756 0 0 0 4.85478 
0.353169 0.267288 0.602273 0.105057 1.57986 0.0349122 1.49495 0.0270632 
8.65073e-008 0 3.2285 0 0 0 0 0 
0.000278096 7.85936e-006 4.28415e-006 1.18738e-008 1.15476e-008 1.84414 0 1.55367 
1.92671e-015 7.19058e-008 2.68356 0 0.0017375 6.55578 4.8774 0 
1.05917e-015 3.95288e-008 1.47524 2.88608 0.525838 0.339191 197.925 100.198 
2.49144e-012 4.2231e-012 3.36805e-012 7.36975e-008 2.75043 0 0.0309149 0.000558517 
2.94361 1.064 0 0 0 0 0.797267 0 
4.15376e-008 1.55021 0 0.0453778 0.00632206 0.787509 0.231334 1.65824 
1.15248e-008 0.430111 0 1.24251 2.23997 0.00526726 0 2.04464 
8.81867e-016 3.29118e-008 2.28101e-008 1.49445 0.0829355 1.35082 1.02481 1.71005 
1.87423 0.00038937 0 0.83142 0 0.713632 0 0 
1.59812 0.023366 0.00272891 0 0.17751 2.52856 1.27571 0 
1.40995 0 1.62793 1.52267 0.00215739 1.92228 0 0 

