0.639621 0.319575 0.627389 0.000108613 0.313752 
3.92814e-006 0.896902 3.45403e-005 5.54819e-005 0.447048 
0.806768 0.000336338 0.268724 0.533653 0.000301532 
0.632603 0.313688 0.292265 0.00019203 0.650162 
2.2027e-005 0.293903 0.869043 0.29148 0.288538 
0.000445359 0.289442 0.289776 0.289522 0.867486 
0.804592 0.533445 3.721e-005 0.266689 0.000267346 
1.56169e-005 7.47667e-008 1.56288e-005 0.196014 0.981073 
0.316845 0.634076 5.09084e-005 0.315369 0.632449 
0.000191405 0.80412 0.534299 0.265944 2.26325e-005 
0.317718 0.636182 0.320944 0.633204 2.56868e-005 
0.289349 0.289343 0.290094 0.866649 3.1165e-005 
0.53629 3.99842e-005 0.803032 0.267607 4.3144e-005 
4.34777e-006 0.000172107 0.529972 0.263821 0.809905 
0.291275 0.291799 0.872098 0.287222 4.30498e-005 
3.9393e-006 0.537878 6.07743e-005 0.804726 0.266891 
0.947302 0.000479064 0.231362 0.000269853 0.236501 
5.39752e-006 2.78209e-008 0.195463 3.87441e-005 0.982641 
2.71653e-005 4.28415e-007 0.274093 0.821016 0.549583 
0.868641 0.000353308 0.288278 0.286874 0.286741 
2.39933e-006 0.000706949 0.944281 0.239043 0.241282 
0.527798 0.805464 0.276949 0.00201561 0.000927509 
1.05701e-006 2.72115e-006 1.47431e-005 0.448985 0.895297 
0.536787 0.000176598 0.269027 1.09928e-006 0.803262 
0.000333906 3.82037e-005 0.44891 0.898109 7.22464e-006 
0.28805 0.287098 0.288918 0.000133983 0.86876 
0.636597 0.000105077 0.317622 0.631949 0.315286 
0.00044553 0.270218 0.539833 0.000256083 0.798852 
3.69461e-005 0.236558 0.00435298 0.943875 0.235044 
6.83385e-006 0.806719 0.000778383 0.534501 0.266947 
0.198859 4.49901e-006 0.989047 7.38912e-006 3.69005e-006 
2.50959e-007 3.27553e-009 1.54356e-011 1.00108 2.57151e-005 
0.898149 0.000225359 0.445762 0.000174341 6.79109e-005 
0.0143555 0.986282 0.196967 0.000455467 1.11917e-005 
0.269689 0.535947 0.000774244 0.803038 2.57623e-005 
0.446889 0.00124962 0.897791 7.23017e-005 6.82832e-005 
0.23609 0.236415 3.95754e-006 0.943279 5.19879e-005 
0.537723 3.05831e-005 0.804193 7.37661e-005 0.262017 
0.195451 0.985482 5.93512e-005 5.0208e-006 1.97394e-005 
0.317707 2.94291e-005 0.633465 0.315424 0.634623 
2.99516e-005 0.580879 0.579341 0.576458 8.37892e-005 
0.00255321 0.272871 0.807308 0.536681 1.3293e-005 
0.537768 0.268012 0.000107847 8.06286e-006 0.800387 
4.25479e-006 0.580955 6.56415e-005 0.576609 0.580741 
8.65774e-005 0.537625 0.804275 0.000168611 0.26801 
0.000170298 8.16038e-005 7.42414e-006 0.981171 0.196401 
0.636216 8.26691e-005 0.633683 0.31413 0.317327 
0.581524 3.55016e-005 0.579862 0.580313 0.000349994 
0.000190374 0.318908 0.31707 0.63376 0.635001 
2.7107e-006 0.449651 2.51656e-005 0.895862 4.043e-006 
0.235527 0.945118 0.000244187 1.23466e-005 0.23323 
8.47707e-005 0.268782 1.10939e-005 0.535507 0.805129 
0.538993 0.000138371 0.00034455 0.80587 0.268041 
0.198091 7.87503e-005 0.000287782 0.985042 4.13848e-006 
0.00116096 0.539619 0.26923 0.80716 4.1846e-006 
1.00402 0.000259788 4.67414e-005 0.000306354 3.00393e-005 
0.23776 0.23755 3.29922e-006 1.42993e-005 0.948367 
1.36613e-007 1.75659e-005 0.897113 4.51883e-006 0.444979 
0.268307 4.04856e-006 0.000171514 0.802807 0.536875 
0.236245 5.90461e-005 0.944647 0.235004 6.85968e-005 
0.23727 4.04518e-005 0.23783 8.67903e-006 0.943477 
0.984143 1.1783e-005 0.00019235 1.27739e-006 0.196505 
0.290727 0.000664679 0.288679 0.869478 0.291147 
0.537973 0.26794 1.86175e-005 0.804251 3.52741e-005 
0.894561 0.44872 2.93007e-005 3.33387e-005 1.80189e-006 
0.291136 1.7564e-005 0.289945 0.288088 0.867921 
0.536989 0.266526 0.803608 0.00023317 5.16478e-005 
0.296271 0.285455 0.000408595 0.866994 0.284204 
0.803009 0.53379 0.26956 0.000196954 0.00082171 
0.229092 0.946113 0.237843 1.91559e-005 2.63681e-005 
0.23505 0.94562 9.36011e-006 0.235071 2.53405e-005 
0.290295 0.868455 0.291732 0.000404086 0.284967 
0.000496787 0.000479549 0.803952 0.2679 0.533935 
0.985468 0.196673 2.84434e-005 0.000201069 0.000233635 
0.316272 0.631497 0.316199 3.69747e-005 0.635604 
2.84491e-005 0.945027 0.232356 0.232642 0.000119361 
0.635638 0.316557 0.317791 0.63182 0.000185393 
0.358774 0.348219 0.356877 0.358775 0.708959 
0.587445 0.587787 2.70262e-005 0.585442 2.53467e-005 
0.708888 0.000215134 0.00211359 0.707144 2.26774e-005 
0.634015 0.324295 7.87471e-005 0.633094 0.315637 
0.291127 0.867808 0.289461 0.288582 9.47392e-006 
0.357839 0.716517 0.356946 0.354395 0.355948 
0.319123 3.67816e-005 0.320456 0.638873 0.638153 
0.269363 0.539014 0.000304715 1.12596e-005 0.801258 
0.268358 0.536396 0.805726 0.000811812 5.20008e-005 
0.290614 0.292614 1.59537e-005 0.289491 0.867623 
0.803855 0.000215145 0.534979 1.69542e-005 0.267414 
1.98588e-005 0.192454 0.982858 0.000552161 7.22268e-005 
1.59278e-005 1.92408e-007 0.80523 0.532469 0.267744 
0.27035 5.91065e-005 0.538337 0.000218135 0.806008 
0.948745 0.234007 3.76475e-005 0.235789 0.000268042 
0.236792 9.02441e-005 0.94722 4.05536e-005 0.23659 
0.90143 2.17608e-005 0.000151696 0.448956 2.50083e-005 
0.708219 0.706806 0.000292804 6.05538e-006 3.35639e-006 
0.367956 0.348946 0.354283 0.706453 0.353745 
0.000259394 0.318083 0.635468 0.321484 0.634454 
0.638418 0.317919 0.000123214 0.316376 0.631238 
0.272124 0.00028082 0.806274 0.531809 0.000278231 
0.714442 0.000103667 0.715296 3.1081e-005 0.000258519 
0.318299 0.318718 0.635055 0.633343 8.70545e-005 
4.07228e-006 0.805247 0.268793 0.534015 1.01958e-005 
0.000155046 0.634454 0.316253 0.317868 0.633948 
8.01364e-005 1.16898e-008 0.270332 0.535302 0.805152 
1.96342e-006 1.00271 4.35145e-005 5.36215e-005 1.02805e-005 
1.43241e-005 0.448536 0.896088 0.000194712 3.53222e-005 
0.00177784 0.804728 0.270747 0.000182594 0.534894 
5.82608e-005 0.233526 0.945 0.23495 0.000300089 
4.76229e-006 0.317774 0.634026 0.632222 0.315098 
6.33245e-009 2.69542e-005 1.01369e-006 0.70777 0.709226 
8.95791e-005 1.52831e-008 0.53852 0.807376 0.269248 
0.317736 0.318248 0.634464 0.000238775 0.632288 
3.50208e-006 0.456694 0.000122726 9.54476e-006 0.913444 
0.45229 3.87602e-006 4.1866e-006 0.898526 3.92482e-005 
0.578687 0.579485 4.71911e-005 0.000758504 0.575401 
0.000110451 0.899401 0.447506 0.000129948 5.54551e-005 
0.271411 3.17833e-005 0.810624 1.6903e-005 0.537549 
0.803514 9.08939e-005 0.537452 0.268666 3.18736e-005 
0.000386739 0.804588 0.535895 8.29652e-006 0.267387 
2.62046e-006 0.197138 2.99443e-005 1.43676e-005 0.98257 
0.319343 0.636913 0.631863 2.62994e-005 0.31576 
0.711349 0.000194195 9.41357e-005 4.22074e-005 0.706027 
0.902482 8.24935e-005 0.000242594 1.91972e-005 0.449709 
0.44943 5.4473e-005 1.72862e-005 3.46402e-007 0.89539 
0.802764 0.264975 0.535928 0.00015382 0.00347299 
2.87218e-005 0.236295 0.945233 1.70837e-005 0.235764 
2.23379e-005 0.984568 5.43044e-005 0.19424 1.12578e-005 
1.15805e-005 0.944387 0.000168851 0.235465 0.235097 
0.00141152 9.94991e-006 0.711964 0.706175 1.79956e-005 
0.640612 0.64065 0.322419 0.320214 3.96279e-005 
0.237243 4.16485e-007 0.000394254 0.23514 0.94628 
0.816988 0.543338 3.86014e-005 0.000150631 0.270142 
0.000132213 0.544669 0.797481 0.265615 8.62238e-005 
0.536869 0.801103 0.000151354 0.267035 5.07442e-005 
1.48053e-005 0.199613 1.00318e-005 0.996299 1.18664e-006 
0.000150785 1.26551e-005 0.981585 0.195289 1.84539e-005 
0.268695 0.810202 0.539832 3.05118e-005 7.56217e-005 
6.53335e-005 0.871735 0.287052 0.291603 0.288659 
0.448274 0.895141 6.15493e-005 7.46324e-005 7.62415e-005 
0.291622 0.290255 0.873765 0.00532283 0.290502 
0.288599 0.869678 3.10239e-005 0.29051 0.290397 
0.633812 0.634539 0.00177312 0.318744 0.315671 
6.45035e-005 0.636821 0.635108 0.308346 0.31348 
0.000333207 0.237605 0.237911 1.13616e-005 0.944302 
0.869122 0.288266 0.287575 0.287686 7.42939e-005 
0.944887 0.000113091 0.000165104 0.234165 0.234685 
0.000879278 0.581362 0.578916 7.75036e-005 0.580023 
5.40437e-007 6.18454e-006 5.59604e-006 0.895711 0.447785 
0.000119004 0.635128 0.319136 0.631492 0.318619 
0.000135019 0.270246 0.80716 0.000158785 0.536398 
0.00173091 0.534139 0.271024 0.000276897 0.804677 
0.805984 0.268506 0.000803659 0.532312 0.000277864 
0.27154 0.806076 0.00032974 0.534123 6.58239e-005 
0.945341 0.000217524 0.236863 0.227271 4.64213e-006 
0.000183978 0.709969 0.000119509 0.709538 7.57928e-005 
0.807792 0.000208981 0.000133106 0.53089 0.266266 
0.579404 0.000147184 0.000346841 0.578774 0.580712 
0.269647 0.806115 4.15598e-005 3.54664e-005 0.531112 
0.35958 0.350727 0.710851 0.354992 0.355106 
0.5814 8.43622e-005 0.582095 2.52932e-005 0.578027 
0.94679 0.229697 0.000363533 5.27673e-005 0.235685 
0.270674 0.000265336 1.82478e-005 0.535983 0.806176 
0.636257 0.634858 0.3164 0.000260141 0.317179 
6.17616e-006 0.000196018 0.196903 0.982555 0.000361906 
0.23694 9.50043e-005 0.00012145 0.944417 0.234854 
0.579023 0.579284 0.576475 0.00113625 9.6522e-005 
2.68351e-005 1.22607e-006 0.451177 0.000122967 0.896557 
0.869938 0.292164 0.286115 6.27315e-005 0.285467 
5.41278e-006 8.41459e-008 0.228698 0.946323 0.232535 
0.000125777 0.803764 0.000574163 0.265669 0.537501 
0.805224 0.000153883 0.263664 5.56771e-005 0.534176 
0.537488 0.00037162 0.267962 0.803848 0.000269762 
0.806368 0.00032519 0.00024462 0.267038 0.536353 
0.320215 0.632072 8.4238e-005 0.634642 0.31502 
3.91317e-005 0.236486 1.34481e-005 0.236302 0.944773 
4.19786e-005 0.26802 4.85491e-005 0.802827 0.537407 
0.197145 2.36039e-006 3.14288e-005 3.03498e-005 0.982606 
3.42765e-005 0.237234 0.235863 0.944437 4.7474e-006 
3.38666e-007 4.35462e-005 0.70924 2.65654e-006 0.709318 
0.238323 4.51047e-005 0.239029 0.949812 4.66566e-006 
4.23734e-006 0.898835 6.18651e-005 0.443286 1.9835e-005 
1.64073e-005 0.273282 0.540206 0.813113 8.99063e-005 
0.634394 0.31197 0.636793 0.317485 6.22525e-006 
0.945665 0.233828 0.232002 0.000191425 0.000744926 
0.316877 6.88781e-006 0.632894 0.63368 0.317817 
0.000350364 2.39799e-007 0.235901 0.235623 0.943867 
0.871707 0.29028 0.000491653 0.28685 0.286447 
0.807154 0.269111 0.00151199 5.55254e-005 0.53426 
7.49953e-005 2.13422e-007 0.579665 0.577137 0.576025 
0.981816 0.000209318 5.4593e-005 0.193365 4.59667e-006 
0.00038202 0.291495 0.287984 0.867804 0.290696 
0.982568 0.000913595 0.195931 0.000264254 6.91591e-005 
0.537094 0.00352836 9.71363e-005 0.268134 0.802336 
0.235184 0.238671 0.947265 2.49031e-005 0.00019116 
0.320117 0.318251 9.72293e-006 0.633802 0.63552 
0.539145 0.803524 0.000153214 1.30387e-005 0.269089 
0.000102441 0.536369 9.70031e-005 0.267766 0.801236 
9.91353e-008 3.06456e-005 1.00117 0.000264051 4.86436e-006 
0.325681 0.642802 0.63441 0.321943 2.60536e-005 
0.000426957 0.953109 0.237542 8.92671e-006 0.23347 
8.84368e-006 0.710249 0.707312 5.36031e-005 2.41806e-006 
0.000289893 0.983538 0.000110736 0.000437402 0.197888 
0.000146764 1.82515e-008 0.896371 0.447486 5.10293e-005 
0.635697 1.34671e-005 0.316926 0.317861 0.630347 
0.713458 0.349044 0.353987 0.352272 0.355363 
0.292176 0.000895753 0.866896 0.290426 0.290738 
0.273741 0.000188623 0.541114 0.811233 4.20186e-006 
2.68347e-008 1.80922e-011 1.51738e-010 3.05947e-011 1.0015 
7.55075e-005 0.710012 5.04566e-005 5.42572e-006 0.709212 
2.32472e-005 4.00663e-009 0.982109 0.000260975 0.193574 
0.603086 0.00443874 3.3535e-005 0.803736 4.61585e-006 
0.00397712 0.410759 0.127777 0.857093 0.292781 

