0.0392798 0.767232 
0.0543145 0.715679 
0.633976 -0.348864 
0.455464 -0.121833 
0.0696384 0.681884 
0.845359 -0.753505 
0.831144 -0.599209 
0.424133 0.0594878 
0.421544 0.0900721 
0.206821 0.503701 
0.833855 -0.639752 
0.429338 0.00429012 
0.40934 0.244013 
0.635936 -0.370347 
0.83857 -0.698208 
0.0240147 0.830988 
0.411423 0.216586 
0.827307 -0.533339 
0.640644 -0.411149 
0.621887 -0.181701 
0.23545 0.305785 
0.840367 -0.717509 
0.432381 -0.0229442 
0.0780736 0.673093 
0.824944 -0.488961 
0.438573 -0.0711875 
0.620242 -0.15404 
0.0459248 0.743205 
0.835289 -0.660022 
0.414085 0.181872 
0.643771 -0.432165 
0.0162417 0.868558 
0.216464 0.43097 
0.00824337 0.910804 
0.83248 -0.619532 
0.442551 -0.0929049 
0.632054 -0.326856 
0.828593 -0.556515 
0.418984 0.119365 
0.826117 -0.51093 
0.426718 0.0313582 
0.829813 -0.57728 
0.61864 -0.126773 
0.255131 0.244507 
0.184469 0.659491 
0.196421 0.582045 
0.201733 0.542139 
0.823736 -0.464862 
0.63028 -0.304507 
0.435246 -0.0468068 
8.17488e-007 1.00179 
0.225919 0.363205 
0.851329 -0.771649 
0.0845359 0.672159 
0.211737 0.46582 
0.638065 -0.391036 
0.628509 -0.281579 
0.62353 -0.207721 
0.0617838 0.696279 
0.625203 -0.23387 
0.416449 0.151072 
0.842509 -0.735298 
0.246996 0.259251 
0.648401 -0.45102 
0.626757 -0.256174 
0.230501 0.333274 
0.447862 -0.11367 
0.191191 0.620366 
0.0312603 0.799705 
0.241022 0.279534 
0.2211 0.395938 
0.836857 -0.679202 
0.827814 -0.542841 
0.831883 -0.610666 
0.4097 0.238953 
0.201991 0.541639 
0.825617 -0.493882 
0.00148812 0.986153 
0.41354 0.188367 
0.632944 -0.337395 
0.840053 -0.714136 
0.839172 -0.705682 
0.0635145 0.693175 
0.436928 -0.0592688 
0.630271 -0.301268 
0.623393 -0.205307 
0.0734934 0.677131 
0.0433687 0.75313 
0.422206 0.0817625 
0.825856 -0.505729 
0.411405 0.219654 
0.193365 0.602641 
0.233993 0.315994 
0.828741 -0.559146 
0.843673 -0.737015 
0.845105 -0.752247 
0.225643 0.366232 
0.210068 0.478499 
0.635366 -0.360099 
0.0573222 0.708462 

