0.430192 0.345283 
0.566691 0.248521 
0.634537 0.204711 
0.64634 0.197123 
0.960393 0.0207271 
0.204932 0.548143 
0.589637 0.234072 
0.00887278 0.907657 
0.175405 0.582554 
0.0420012 0.796445 
0.360599 0.40051 
0.447556 0.332523 
0.854313 0.0765463 
0.385829 0.380331 
0.190523 0.564859 
0.599789 0.226587 
0.344368 0.414351 
0.139337 0.628212 
0.31243 0.442615 
0.4757 0.311358 
0.980354 0.0111215 
0.131987 0.638266 
0.721895 0.151572 
0.32798 0.428674 
0.696282 0.166216 
0.822927 0.093792 
0.0501496 0.777588 
0.318787 0.436586 
0.763933 0.126903 
0.0730429 0.731236 
0.280205 0.471522 
0.21284 0.539659 
0.304202 0.449933 
0.43873 0.338659 
0.777513 0.119343 
0.182873 0.573505 
0.486088 0.303932 
0.0262449 0.839416 
0.683498 0.174286 
0.735716 0.143212 
0.352062 0.407519 
0.871559 0.0672102 
0.16825 0.591072 
0.057839 0.760897 
0.153912 0.608982 
0.55865 0.25364 
0.420737 0.353203 
0.0804764 0.717938 
0.805864 0.103266 
0.577274 0.241615 
0.904293 0.0497759 
0.999355 0.00121806 
0.377695 0.386736 
0.514883 0.283654 
0.197563 0.557512 
1.11967e-007 1.001 
0.659066 0.189225 
0.335129 0.422255 
0.888619 0.0582771 
0.24226 0.508797 
0.622347 0.212219 
0.295561 0.458022 
0.117251 0.659205 
0.670154 0.182275 
0.227363 0.524157 
0.709849 0.15885 
0.109914 0.66964 
0.0178654 0.86781 
0.793893 0.109842 
0.102719 0.682048 
0.393992 0.373277 
0.288816 0.463895 
0.466976 0.317826 
0.923078 0.0401615 
0.146501 0.618439 
0.256936 0.494004 
0.0342631 0.81692 
0.27274 0.478916 
0.403573 0.365976 
0.412034 0.359087 
0.495096 0.29747 
0.525128 0.276356 
0.161425 0.599887 
0.124568 0.648425 
0.249834 0.501485 
0.547115 0.261646 
0.61233 0.218976 
0.944402 0.0314556 
0.505515 0.289914 
0.0879801 0.704583 
0.234902 0.516204 
0.457554 0.324392 
0.838358 0.0855247 
0.53678 0.268881 
0.368483 0.394092 
0.219926 0.532337 
0.2651 0.486593 
0.750822 0.134415 
0.0653266 0.745485 
0.0948382 0.693405 

