0.442457 -0.0927061 
0.0317054 0.797397 
0.625107 -0.232364 
0.636115 -0.371638 
0.206844 0.504698 
0.438551 -0.0709781 
0.648364 -0.450793 
0.630193 -0.3042 
0.411471 0.215691 
0.416589 0.149779 
0.221132 0.39612 
0.638271 -0.392137 
0.225679 0.36421 
0.62848 -0.281024 
0.424102 0.0593281 
0.235552 0.30491 
0.432146 -0.0215754 
0.842571 -0.735675 
0.426717 0.0316567 
0.845387 -0.753652 
0.620249 -0.153825 
0.201732 0.541884 
0.0542118 0.71582 
0.0466514 0.740352 
0.621884 -0.181642 
0.631949 -0.325924 
0.633999 -0.34994 
0.19652 0.580321 
0.429464 0.00403587 
0.0697722 0.681481 
0.827575 -0.538386 
0.831119 -0.598551 
0.828454 -0.554311 
0.835219 -0.658664 
0.640695 -0.412008 
0.836767 -0.678587 
7.57298e-008 1.00254 
0.230623 0.333786 
0.211892 0.465877 
0.826127 -0.511743 
0.43526 -0.0466396 
0.216433 0.430092 
0.41395 0.183024 
0.0778587 0.673527 
0.832473 -0.619963 
0.618775 -0.12925 
0.255522 0.244995 
0.643784 -0.43215 
0.0832721 0.672156 
0.0392316 0.767737 
0.0239047 0.831998 
0.00813186 0.911531 
0.829871 -0.578318 
0.241343 0.27898 
0.62713 -0.25715 
0.418998 0.119265 
0.01631 0.867451 
0.838322 -0.696519 
0.0621509 0.695159 
0.454273 -0.122267 
0.184716 0.658303 
0.623476 -0.207062 
0.190898 0.620802 
0.840449 -0.717505 
0.247328 0.258398 
0.825016 -0.490116 
0.823803 -0.465736 
0.409429 0.242791 
0.447658 -0.113369 
0.421594 0.0886978 
0.833768 -0.638845 
0.852214 -0.771474 
0.435639 -0.048184 
0.0426128 0.754767 
0.846302 -0.758033 
0.204815 0.521125 
0.184215 0.661486 
0.443905 -0.10016 
0.428124 0.0171449 
0.82381 -0.465898 
0.627451 -0.266903 
0.430878 -0.00938609 
0.445555 -0.103406 
0.418623 0.125754 
0.188237 0.637528 
0.848421 -0.766545 
0.0217134 0.862481 
0.630967 -0.313488 
0.834109 -0.641335 
0.628202 -0.276979 
0.639281 -0.400282 
0.411044 0.224375 
0.425106 0.0552087 
0.426828 0.0310905 
0.834776 -0.652699 
0.634442 -0.354665 
0.0298573 0.81489 
0.416039 0.155845 
0.00261676 0.9521 
0.828655 -0.558248 

