0.117405 0.229647 0.869443 0.0783888 0.0569408 0.105285 0.510087 0.111336 
0.427003 0.0595523 0.794489 0.0178256 0.604804 0 0.00045127 0.0505867 
0.00363265 0.781412 0 0 1.33971e-005 0.000321063 0.533872 0.523035 
2.30673e-008 0.860264 0.115414 0.049113 0.119358 0.0913583 0.068244 0.616472 
1.81144e-012 1.44466e-009 1.718e-008 0.643431 0.57161 0 0.615989 0 
4.59217e-008 1.71382 0 0 0 0 0 0 
0.000386772 0.000107909 1.06356 0 0 0.380248 0 0 
0.0394298 0.919204 0.0011003 0.168161 0.499714 0.0725532 0.122856 0.204355 
0.0447356 0.0103511 0.906219 0.153416 0.0565893 0.518825 0 0.043326 
0.00109081 2.28884e-007 0.000355069 0.00493302 1.00901 0 0.511198 0 
6.98571e-005 1.30053e-008 0 9.68531e-006 0.600332 7.9823e-006 0.620546 0.663501 
0.900898 0 0.685432 0 0 0 0 0 
2.21313e-008 0.825954 0.00260671 0 0 0.441747 0.571926 0 
1.25582e-015 4.68679e-008 1.74914 0 0 0 0 0 
7.56667e-016 1.80274e-008 0.672792 0 0 0.000104094 0.814305 0 
2.10934e-008 0.786649 1.92876e-005 0.000186663 0.526185 0 0.524498 0 
1.80387e-008 2.37121e-009 0.679005 0 0 0 0 0.810367 
0.150342 0.400927 0.453886 0.166381 0.0883483 0.669133 0.524039 0.147647 
0.00486014 0.906177 0.121576 0.545167 0.146237 0.0907644 0.00987032 0.0264329 
2.84055e-008 1.06011 0.00357102 0.162035 0 0.0276005 0.10433 0.0490943 
0.635506 0 0.00685864 0.703632 0 0.534643 0 1.74997e-005 
1.19355e-008 9.49372e-011 1.78254e-008 0 2.26012e-010 1.29824e-008 0.935849 0.491199 
4.52791e-007 0.00538665 0.0270978 0.947997 0.000150146 0 0.46562 0.00136073 
4.20768e-016 2.65143e-016 1.8561e-008 0.692705 0.235498 0.254659 0.187652 0.718502 
0.989202 0 0 0.473053 0 0 0 1.76281e-005 
3.56465e-008 0.748601 0 0 0.491135 0 0 0.551568 
0.00230062 0.00840908 0.167238 0.668304 0.6658 0 0 0.623367 
0.00613718 0.829578 0 0.51853 0 0 0.00912973 0.591575 
0.542839 0 2.32336e-005 0.018329 0 0.000475899 0 0.949913 
8.27339e-008 1.05596e-005 1.00479 0.307791 0 0.0244142 0 0.00260529 
2.22558e-008 0.830597 0.0478186 0.48272 8.79263e-005 0.513033 0 0 
0.798767 0.187347 0.0461299 0.18349 0.101973 0.0228661 0.644302 0.18487 
6.71693e-016 2.50679e-008 1.89145e-012 0.935549 0.477672 0 0 0 
0.534064 0 0.000663144 0.0031998 0 0.99945 0.00162034 0 
0.000644583 0.717697 0.74464 2.47218e-005 0.457956 0 0 0.000112103 
0.00597254 5.15765e-006 0.00070926 0.821652 0.436636 0.571782 0.000142717 4.35651e-005 
0.000507916 0.0686564 0.0691979 0.00744261 0.611635 0.628333 0 0.637521 
2.48888e-008 0.928864 0.115206 0.0504537 0.128691 0.512543 0.0851623 0.101944 
0.00204044 0 0.0242661 0.00420175 0.967791 0.498926 0 0 
0.511353 3.09822e-005 0 0 0 0 0.960154 0.0191322 
0.0537941 0.105215 1.02791 0.0894343 0 0.0784811 0.0452648 0.015475 
0.000269655 9.64092e-005 0.643861 0 0 0.860923 0.0198497 0 
1.78261e-016 7.21882e-016 2.77503e-008 0 1.51226e-010 0 1.03567 0 
0.523397 0.0753591 0.784208 0.00203 0 0.00202667 0 0.490118 
0.468761 0.000713438 0.861337 0.466798 0.0728674 0.00170599 0 0 
0.561909 0.743301 0 0.488994 0 0 0.0013094 0.00547775 
1.51829e-005 0.000131496 0.698886 0 0.791408 0.0014472 0 0 
1.71611e-008 0.639999 0.64869 0.521369 0 1.52333e-005 0.00845546 0 
0.0205657 0.731127 0.643236 0 0.00558163 0.412303 0 0 
0.546484 0.849219 0 0 0.0226214 0 0.51029 0.00115963 
0.00121803 0.0268805 0.028898 0.622566 0 0.644373 0.550233 0 
1.32443e-008 1.10854e-010 1.40496e-009 0.497075 0 0 0.93291 0.0318218 
1.98417e-014 7.20387e-014 4.21222e-013 3.00144e-013 1.33603e-008 0.498615 0.910203 0 
0.65716 0.000895589 0.0205402 0.618104 0 0.0825443 0.621797 0 
1.47989e-008 0 0 0.552303 0.99109 0 0 0.000326474 
6.56453e-011 1.58041e-010 2.75403e-008 0 9.65213e-009 1.08913 0 0 
3.4577e-009 9.22754e-009 1.06011e-008 8.26043e-009 0.621946 0.624336 0.650479 0 
0.158069 0.255515 0.287984 0.739411 0.0580508 0.082899 0.614048 0.0565319 
0.652766 0.00641939 0.069171 0 0.63283 0.594557 0.00435754 0.00267176 
0.00382635 0.0138869 0.775561 0 0.481858 0.00398081 0.49953 0 
0.733457 0.202814 0.261333 0.727967 0 0.118018 0.0457347 0.0949194 
0.143478 0.0961113 0.104791 0.156494 0.0530705 0.0780332 0.701773 0.741307 
0.810483 0.226215 0.0456368 0.0139438 0.0402479 0.174209 0.157261 0.740386 
0.0202112 0.032278 1.03141 0 0.0208895 0.00338545 0.312963 0 
0.722957 0.0564817 0.000229073 0 0.623101 0.0119688 0.634492 0 
0.543395 0.245762 0.89135 0.0504907 0.211882 0.0270132 0.17272 0.0529961 
1.20007e-008 2.31996e-009 4.82821e-009 0.490464 0 0.0181131 0 0.956694 
7.68141e-006 0.777025 0 0.00143745 0.00521724 0.901731 0.000931037 0 
0.117629 0.213724 0.907994 0.524323 0.0444897 0.131843 0.0413552 0.0603218 
0.159891 0.306519 0.000417478 0.0298825 0.000207459 1.01319 0.0465455 0.00343591 
0.0521923 0.177928 0.199066 0.0815983 1.03157 0.10433 0.141613 0.12113 
0.627617 0.0849624 0 0.0267467 0.636135 0.00855503 0.00165217 0.543169 
1.18434e-008 5.75083e-009 1.85701e-009 0 0.496218 0 0 0.932064 
0.00435115 0.744699 0.77054 0 0.000863199 3.95187e-005 0.35951 0.0116867 
0.491452 0.729526 0.00418081 1.8926e-005 0.000609233 0 0 0.576161 
0.639859 0 0 0 0 0.627296 0 0.634358 
2.83876e-009 2.71382e-008 7.19646e-009 2.17048e-009 1.05627 0 0 0 
6.71634e-006 0.82115 1.22749e-005 0.43312 0.018581 0 0.482171 0 
0.629873 0.141405 0.264925 0.132752 0.797355 0.124681 0.114001 0.070706 
0.0909079 0.0572848 0.334953 0.176419 0.108333 0.657923 0.187544 0.719055 
0.578737 0 0.000480532 0.000104876 0.932344 0 0 0 
1.96027e-008 0.731584 0 0 0 0 0.887019 0 
6.73083e-014 5.22735e-014 1.21909e-008 5.32042e-009 0.496413 6.25028e-005 0.960141 0 
0.633736 0.134654 0.0934468 0.634522 0.608595 0 0.0429232 0 
0.677511 0 0.713185 0 0.00157573 0.553543 0 0 
0.120291 0.152301 0.24696 0.720131 0.801624 0.0453837 0.0878299 0.0801538 
2.08173e-008 1.66337e-010 0.776938 0 0 0.484582 0.0011161 0.526948 
1.6421e-008 0.612842 0.775995 0 0 0.00258519 0.0377482 0.477204 
1.83425e-009 0.0684553 0.0593431 0.493643 0 1.09832 0 0.00445664 
0.973632 4.52133e-005 0.000298972 0 0 0 0.471803 0 
2.79115e-008 1.78705e-009 1.04381 0 0 0 0 0.343871 
0.483414 0.947381 0.163682 0.0930172 0 0.0814977 0.042416 0.107188 
5.29273e-005 0.849932 0 0.00018163 0.448796 0.511583 0 0 
4.96769e-009 6.69852e-010 0.187075 0.0805359 0.800398 0.0693243 0.169811 0.683146 
1.72689e-010 2.06605e-008 0.771087 1.00432e-005 0.505944 0 0.0185676 0.568246 
0.513549 0.782447 7.80613e-006 0 0.4929 0 0.0230304 0.0117432 
0.000625735 1.04734 0 0 0.328607 0 0 0 
0.345048 0 1.0399 0 0.000370486 0 0 0.000100223 
8.33596e-019 6.64825e-016 0 2.48117e-008 6.36706e-009 0.955987 0.478308 0 
0.998567 0 0 0 0 0 0 0.437473 
8.5801e-008 1.89127e-005 2.60348e-005 0.649206 0 0 0.62308 0.626734 
1.13195 0 0 0 0 0 0 0 
1.4245e-006 0.0417356 0.823762 0.480012 0 0 0 0.524757 
2.27279e-008 0.848217 0 2.63215e-005 0 0.508305 0.000435638 0.430526 
0.088736 0.0402448 0.142742 1.02234 0.0992173 0.0255846 0.162096 0.0528037 
0.108094 0.0306087 0.120609 0.119745 0.715156 0.788182 0.0366237 0.122594 
8.09761e-011 8.3358e-009 2.42708e-008 0.957737 0 0.514394 0 5.5184e-005 
0.0923454 0.296923 0.236573 0.155005 0.111941 0.18781 0.248994 1.02342 
2.32677e-008 0.868365 0.0210599 0 0.646953 0 0 0 
0.202245 0.258308 0.353101 0.649841 0.0143767 0.691017 0.0400738 0.130504 
0.00859348 0.00167379 0.00125393 0.000362149 0.517461 0.968502 0.000257786 0 
4.57456e-011 8.99587e-009 1.12811e-008 0 8.98597e-009 0.634382 0.571569 0.664009 
0.465435 2.62956e-005 0.857738 0 0.00181086 0 0.501498 0 
2.15624e-008 0.804722 0 0.525586 0.507487 0 0 0 
0.0371759 0.009419 0.800077 0.000162534 0.0492452 0.452139 0.49968 0.00326499 
0.0370006 0.025042 0.881843 0.136249 0.587107 0.224219 0.081433 0.0515158 
4.17169e-006 2.71546e-005 0.785665 0 3.81515e-005 0.0226604 0.539325 0.526938 
0.591275 0 0.0256942 0.642744 0 0 0 0.586334 
7.43462e-017 8.48961e-016 2.91326e-008 0 2.21137e-010 0 0 1.08728 
0.00809043 0.612302 9.26597e-006 3.86411e-005 0 0.00590353 0 0.858315 
3.95528e-005 6.20907e-005 0.0458217 0.722889 0.00104222 0.56427 0 0.513452 
0.508245 0.00220699 0 0.951158 8.28122e-005 0 4.26346e-005 0 
0.139355 0.138205 0.118531 0.138811 0.166044 0.190793 0.989239 0.00156333 
1.80891e-008 0.675097 0 0.910202 0.00975659 5.82709e-005 0.007519 0 
1.87058e-008 8.38929e-010 0 5.84712e-009 1.64582e-008 0.955635 0 0.453166 
0.47671 0.724199 0.595121 0 0 0 0.000127741 0 
0.735189 0.172435 5.47074e-005 0.197377 0.140372 0.708819 0.109302 0.144371 
6.68768e-010 1.67539e-008 0.625764 0.889233 0 0 0 0 
2.37735e-008 0.887239 0.572431 0 0 0 0 0 
0.065459 0.23448 0.224524 0.108756 0.693069 0.0932361 0.697307 0.0189434 
2.25891e-005 1.06698 0 0 0 0 0.331377 0 
2.70429e-008 1.00925 0.0231325 0.000345683 0 0.00263934 0.000697332 0.383777 
0.871588 0.718199 0.0127864 0.0032038 0 3.2575e-005 0 0.00422156 
0.348222 1.14252 0 0 0 0 0.00448609 0.000360122 
1.03557 0.2319 0.161283 0.104648 0 0.121347 0.0424984 0.107397 
1.85301e-015 0 2.69606e-008 1.64111e-010 1.0062 0 0 0.513225 
0.687854 1.80038e-005 0.00324709 0.0161353 0.00148566 0.00383586 0.478184 0.643904 
0.951672 0.0017975 0 0 0.0352514 0.511944 0 0 
3.14444e-011 7.22419e-014 4.69588e-011 1.30069e-008 0 3.43701e-011 0.48543 0.918051 
0.00774623 2.61136e-005 1.0278 0 0.360261 0.00294662 0 0 
0.0287782 0.698299 0.752091 0.0856195 0.115413 0.0163087 0.11971 0.168986 
1.77527e-008 1.0142e-008 0.000584625 0.936753 0 0 0 0.487822 
0.510898 0.802034 0 1.99662e-006 0.00102567 0.534727 0 0 
9.15077e-009 1.45363e-008 2.23297e-008 1.05139 0 0 0 0 
3.5017e-006 1.00484 0.00295469 0.328323 0 0.0272067 0.00137427 0.00262095 
1.16681e-010 2.19484e-008 0.819138 0.482257 0.00120384 0.534722 0.00059344 0 
2.89561e-008 1.08066 0 0.0154537 0 0.386606 0 0 
3.08431e-005 0.500722 0.924774 0 0 0 4.26519e-005 0 
0.069147 0.881017 0.0196901 0.0781138 0.132547 0.0913026 0.551674 0.0114429 
0.695313 0.0963537 0.18021 0 0 0.616113 0.514761 0 
0.00288694 0.00944776 0.859146 0 0.403078 0.534049 0.00117665 0 
2.06539e-008 2.65968e-006 8.10088e-007 1.46435e-007 2.13852e-006 0.525703 2.14023e-005 0.965263 
0.993416 0.00187634 0 0.0012252 0.412047 0 0 0.0237079 
9.66116e-005 0.0426484 0.865105 0.483516 0.465237 0.00281972 0 0 
0.00346564 0.0125785 0.756711 0.530989 0.0172596 0.00403095 0.505813 0 
0.118434 0.130107 0.931282 0.00010902 0 0.0273354 0.0506649 0.53391 

