0.251594 0.0407208 0.209763 
0.0836472 0.334702 0.0837031 
0.16653 0.25086 0.0845848 
0.335554 0.127128 0.0389773 
0.125659 0.125521 0.250543 
0.208503 0.20912 0.0840387 
0.167829 0.166902 0.167146 
0.289189 0.0472048 0.165019 
1.48407e-009 0.503324 2.50468e-009 
0.124976 0.167662 0.209097 
4.52319e-005 0.377457 0.124382 
0.00146959 0.0422719 0.458231 
0.209876 0.168706 0.123092 
0.0430358 0.000614864 0.459106 
0.210749 0.125657 0.165325 
0.335141 0.000157832 0.167009 
0.46042 0.000169168 0.0419241 
0.375171 0.0852747 0.0415309 
0.418334 0.0414314 0.0421217 
0.380375 0.0400721 0.0815677 
0.0419377 0.334623 0.125634 
0.124718 0.336883 0.0415019 
0.0848836 0.209426 0.209191 
0.371009 0.0053974 0.125081 
2.70976e-005 0.20981 0.291548 
0.0836534 0.377268 0.0411075 
0.0417471 0.126226 0.333409 
0.25083 0.209986 0.0414863 
0.252825 0.0827876 0.166582 
0.291782 0.126849 0.0832854 
0.418131 0.0846107 7.23724e-006 
0.169898 0.0828735 0.248884 
0.125682 0.0857232 0.290309 
0.333966 0.0846584 0.0826549 
0.20817 0.293155 0.000401726 
0.254964 0.123465 0.123564 
0.083525 0.0415608 0.376951 
0.168708 0.0390128 0.294033 
0.0419745 0.29383 0.166594 
0.0418774 0.0839776 0.376182 
0.292752 0.168232 0.0419615 
0.166869 0.334627 0.000582576 
0.0415468 0.376009 0.0845634 
0.208919 0.0422706 0.250552 
0.209841 0.252424 0.0399988 
0.084133 0.000935847 0.416788 
0.124617 0.00122591 0.375757 
0.291959 0.209425 0.000280332 
7.74299e-007 0.25135 0.250712 
0.0829856 0.418781 4.4124e-006 
0.0413469 0.420654 0.0397219 
0.0417993 0.0426772 0.418433 
0.125078 0.210205 0.166336 
0.0413778 0.461484 0.000117727 
0.128814 0.249909 0.123138 
0.209058 0.000472243 0.292496 
0.0438916 0.250947 0.208247 
4.87894e-005 0.293169 0.208686 
0.125988 0.293851 0.0824633 
0.0849015 0.125072 0.291737 
1.75516e-006 0.125875 0.377322 
0.167856 3.18709e-005 0.334893 
0.417977 0.000434101 0.083297 
0.0406081 0.210922 0.250821 
0.249264 0.167882 0.0845353 
0.0825615 0.168625 0.250548 
0.168794 0.294095 0.0391223 
0.334428 0.0422161 0.125216 
4.2812e-014 4.30518e-014 0.501648 
0.0841648 0.0836715 0.334793 
0.332719 0.167457 0.0019786 
0.12493 0.377093 3.51435e-005 
0.126086 0.0417563 0.334803 
0.0422513 0.167269 0.292385 
0.000250768 0.168022 0.334003 
0.083798 0.251747 0.166336 
5.33437e-005 0.460023 0.0414987 
1.1706e-006 0.0839517 0.417986 
0.000204716 0.33511 0.166678 
0.292308 1.51268e-005 0.209734 
0.376963 0.125047 2.75424e-006 
0.167849 0.125968 0.207683 
0.251622 0.251219 0.000212731 
0.209706 0.082637 0.20975 
0.167866 0.21063 0.124785 
0.251476 0.000125579 0.250963 
5.85025e-006 0.419561 0.082214 
0.295188 0.080971 0.125765 
0.459487 0.0423387 7.68732e-005 
0.501763 5.77848e-009 1.30172e-008 
0.0832772 0.293199 0.125104 
0.249224 0.0825362 0.170903 

