0.63011 -0.3033 
0.235809 0.306241 
0.421465 0.0897587 
0.823879 -0.466672 
0.835313 -0.660078 
0.843177 -0.735944 
0.648299 -0.45076 
0.447788 -0.111581 
0.837124 -0.679752 
0.432224 -0.0217192 
0.225675 0.363905 
0.62497 -0.230518 
0.416427 0.151351 
0.19646 0.581385 
0.0696287 0.682029 
0.831123 -0.598903 
0.832412 -0.618794 
0.0390543 0.768808 
0.424253 0.0585386 
0.206732 0.504847 
0.221168 0.39616 
0.845364 -0.753795 
0.635972 -0.370485 
0.82853 -0.555282 
0.829822 -0.577534 
0.0617222 0.696094 
0.620229 -0.153881 
0.628617 -0.281839 
0.0776443 0.673948 
0.852391 -0.772143 
0.438483 -0.0702074 
0.633988 -0.348735 
0.0543818 0.714983 
0.827352 -0.534098 
0.230607 0.333142 
0.838556 -0.698469 
0.0467146 0.740839 
0.631755 -0.323206 
0.826265 -0.514278 
0.201728 0.542952 
0.190809 0.620201 
0.618687 -0.125516 
0.435098 -0.0457354 
0.247195 0.260001 
0.621877 -0.180881 
0.0161797 0.867774 
0.454535 -0.122204 
0.0240543 0.831867 
0.64388 -0.431616 
0.184764 0.658345 
0.840356 -0.716741 
0.626781 -0.2566 
0.824969 -0.488567 
0.00832396 0.911418 
0.21655 0.429478 
0.240842 0.280286 
0.638238 -0.390656 
0.442392 -0.0922078 
0.833952 -0.642073 
0 1.004 
0.211503 0.468069 
0.429181 0.00662953 
0.41917 0.120109 
0.623466 -0.206416 
0.254902 0.24581 
0.0317326 0.797917 
0.426605 0.0327177 
0.411386 0.216708 
0.414068 0.182934 
0.640766 -0.412486 
0.83384 -0.63664 
0.257947 0.245346 
0.625698 -0.238886 
0.636341 -0.374521 
0.202483 0.536609 
0.841417 -0.726492 
0.045611 0.74874 
0.454429 -0.121528 
0.242889 0.273084 
0.836736 -0.678487 
0.829798 -0.574082 
0.618599 -0.124952 
0.0406247 0.762685 
0.633912 -0.34829 
0.190767 0.630153 
0.828981 -0.563489 
0.835231 -0.659312 
0.825351 -0.496394 
0.214754 0.456149 
0.44871 -0.115657 
0.851686 -0.771411 
0.0350615 0.786183 
0.207153 0.501367 
0.183576 0.665107 
0.619505 -0.141593 
0.423466 0.0676148 
0.411584 0.213373 
0.054079 0.716568 
0.64023 -0.408376 
0.838463 -0.697062 

