0.00205962 0.907017 0.000310515 0.000696772 5.84434e-005 0.0001017 0.451292 1.78476e-005 
0.588387 0.000698553 0.00350733 0.584965 0.585334 0.00181317 0.000411922 0.000689918 
3.73925e-006 7.41173e-005 0.00123172 0.583076 0.00224102 2.67068e-006 0.58359 0.592225 
7.32967e-005 0.000793878 0.455054 0.000132323 5.08536e-006 0.000145598 0.906564 3.80576e-005 
0.905158 0.00171564 0.000197546 8.01501e-005 6.99081e-005 0.45339 3.68752e-005 6.91553e-005 
0.589216 3.41247e-005 0.000679086 0.000714912 0.583232 1.5409e-005 1.45435e-005 0.581633 
3.61821e-008 3.3135e-006 4.78371e-009 1.01305 0.000126503 0.000117939 2.13311e-005 4.65609e-005 
0.680231 0.107687 0.124301 0.165278 0.164913 0.11718 0.115382 0.675716 
0.660401 0.131318 0.121258 0.137857 0.696347 0.134608 0.134196 0.127507 
4.69475e-006 0.000431074 3.70628e-006 0.906955 0.454558 8.2023e-006 0.000474429 6.11147e-005 
0.00121804 0.908241 0.0052858 0.0033117 7.51225e-006 1.73414e-005 0.0108962 0.451076 
3.91523e-007 0.000164321 0.454831 0.90662 0.000190256 0.000669701 4.42394e-006 0.000496526 
0.0010241 7.54554e-008 2.76749e-007 0.000116824 0.451916 5.17313e-005 0.906243 4.54025e-005 
0.590981 0.594821 7.24732e-005 0.00165522 0.00114177 0.585746 3.31125e-006 6.83175e-005 
1.01519 9.19138e-005 0.000460159 3.54526e-005 0.000723459 0.000133464 0.000418644 4.45759e-005 
0.14551 0.697647 0.675 0.125623 0.132783 0.141181 0.0863694 0.128985 
0.000786745 1.4412e-005 9.29764e-006 0.586671 0.000649453 0.585338 0.585671 5.82189e-005 
0.905464 0.00050882 0.454937 0.000327937 0.000340368 0.000132417 0.00048583 5.78537e-005 
0.584841 0.000384517 0.000263812 0.00244058 0.586222 0.00179324 0.583642 0.000121044 
0.128627 0.132683 0.145485 0.131845 0.137277 0.669398 0.688043 0.128295 
3.30475e-006 0.000612678 1.85707e-005 4.13722e-006 0.454208 0.000104531 8.89741e-005 0.907028 
0.00158124 0.907881 0.00442773 0.450262 0.000127768 0.000184895 0.00102356 4.16602e-005 
0.0935405 0.107532 0.0992367 0.972379 0.1028 0.129303 0.107812 0.0939349 
0.906292 0.000592912 0.000897927 1.2044e-006 0.453248 0.000146839 0.00015941 5.16114e-006 
8.30478e-006 0.000554792 2.72531e-005 0.451609 0.000911424 0.000560121 0.904413 4.19425e-005 
0.00189592 0.454112 0.00268102 0.000775088 0.00148439 0.904901 2.49542e-005 0.00046993 
0.586854 0.00385454 0.00934288 0.581841 0.000275122 0.000239651 0.000389739 0.587744 
4.88957e-005 0.000543209 0.902146 2.3579e-005 0.456101 0.000133006 2.70611e-005 6.22306e-005 
1.0858e-006 2.89905e-005 1.25451e-006 0.586356 0.583111 0.0005896 0.586499 2.96539e-005 
0.000298162 0.594296 6.97454e-006 0.57608 2.47435e-005 0.000269648 0.583626 4.15614e-005 
1.49553e-006 4.43636e-005 4.20877e-007 3.29373e-006 6.09545e-008 0.906041 0.45309 0.000562731 
0.5837 1.29238e-005 0.00146531 0.000760301 6.59802e-005 0.000142724 0.584212 0.586438 
0.966417 0.0927455 0.116209 0.123378 0.102574 0.110666 0.132806 0.113708 
0.14434 0.134664 0.140756 0.13591 0.145875 0.671559 0.132958 0.681472 
9.08925e-008 9.86813e-008 1.62943e-010 6.6816e-008 2.97303e-010 1.02884e-009 1.01186 9.45612e-006 
0.589202 0.584924 0.0015122 0.00206761 0.580371 4.65419e-006 7.56952e-006 0.000220267 
0.126705 0.0928994 0.0893093 0.0948407 0.144 0.0735201 0.105218 0.974107 
8.80649e-006 0.000163133 0.456053 0.0001147 0.00082863 0.90391 6.7899e-005 5.15067e-005 
1.25105e-005 0.000248143 2.39041e-005 0.90932 0.000174524 0.453916 5.77541e-006 7.72606e-006 
0.454392 0.000332781 0.906108 4.96139e-005 7.90485e-005 0.000260726 0.00108544 0.000116234 
1.53216e-005 0.000576598 3.00846e-008 2.01448e-006 0.584497 0.582739 0.585309 0.000113955 
4.97981e-007 0.000893813 0.588389 0.000160761 8.91192e-006 0.583032 0.583783 6.92166e-005 
0.583896 0.000181138 0.000129414 0.000715233 0.587872 0.580995 1.13252e-005 5.5185e-005 
4.34015e-006 0.000203138 0.586447 0.585748 5.28787e-005 5.9404e-005 0.590222 4.09598e-005 
0.13271 0.150049 0.132526 0.126613 0.681596 0.121595 0.13905 0.680135 
0.455022 4.11969e-005 0.000206249 6.73838e-005 0.907558 0.000135215 0.000228555 4.45778e-005 
0.00209058 0.57226 0.000696752 0.597877 1.28867e-005 0.00103418 1.26335e-005 0.58224 
0.689023 0.157689 0.128084 0.128837 0.135829 0.668749 0.115208 0.114866 
0.000103735 0.588341 3.06865e-005 0.00205478 0.00365115 0.579419 0.585596 0.000114011 
0.144879 0.70239 0.123232 0.142906 0.107159 0.0983958 0.115927 0.666206 
0.000483077 0.59955 0.569751 0.000109652 0.586461 0.000849233 0.000285543 0.000115541 
0.154585 0.138238 0.681697 0.141159 0.101259 0.669674 0.124481 0.138739 
0.584731 6.96884e-005 0.587163 2.65782e-005 0.584592 0.000132854 0.000408744 2.75655e-005 
5.39918e-008 3.18536e-010 1.924e-009 2.44204e-006 1.01309 7.08195e-006 2.15648e-005 0.000176124 
3.26394e-005 0.000768239 0.906792 0.000211572 0.000159757 0.451066 0.00273881 9.48456e-006 
0.111998 0.108718 0.100431 0.112333 0.972661 0.113005 0.112712 0.109941 
0.00025627 2.11042e-006 0.588715 0.584581 0.000218235 0.582509 1.24399e-005 0.000237036 
0.582348 4.38087e-005 7.05819e-005 0.593444 0.000238954 0.00326657 0.582507 0.000125079 
0.587396 0.00113807 0.584268 0.00019664 0.000160444 0.00103103 0.000652831 0.582861 
0.124709 0.14234 0.129163 0.673692 0.168178 0.116664 0.133074 0.678596 
0.00504441 0.587127 0.00456443 0.000391118 0.00499198 0.000737305 0.584177 0.583642 
0.659242 0.697235 0.146202 0.124659 0.119682 0.134128 0.14621 0.140271 
0.00215571 0.451972 0.000100712 4.36361e-005 0.00031546 1.05586e-005 1.91362e-005 0.910062 
0.148643 0.149232 0.134791 0.132311 0.681888 0.678912 0.133584 0.126631 
4.0425e-007 0.00209017 0.906332 0.000259389 0.00102107 0.000166003 0.452086 8.2621e-005 
0.000359025 0.00202581 0.450794 8.18786e-005 0.000580589 0.00152 0.000388677 0.905754 
0.000278951 0.590633 0.579777 0.000238019 1.26627e-005 0.00787846 8.4397e-006 0.582285 
0.126972 0.689518 0.138957 0.141919 0.661866 0.131522 0.133162 0.144328 
3.05795e-007 3.69968e-005 3.32907e-007 4.07831e-006 1.12264e-008 1.01216 2.04303e-006 6.55892e-007 
0.00138276 0.580341 0.583814 0.000254168 0.00207731 0.588963 1.46809e-006 0.000504479 
2.73813e-008 3.2814e-010 2.2972e-010 3.15162e-011 2.77804e-009 2.09413e-011 2.50428e-011 1.01285 
0.588748 0.00114444 0.586315 0.000836964 0.00103523 0.579153 2.35445e-005 4.10773e-005 
8.46048e-006 0.00031923 0.454583 6.02666e-005 0.905845 0.000848898 9.00499e-005 0.000115495 
1.51209e-007 1.43228e-008 2.23889e-009 2.85684e-011 5.70395e-006 0.903457 0.000109932 0.455197 
1.45336e-005 1.01532 8.70243e-005 0.00101616 0.00202279 2.4897e-005 5.62792e-005 3.98056e-005 
0.139472 0.685095 0.12654 0.674274 0.134606 0.152363 0.118592 0.122633 
0.000307667 0.00177143 0.586978 0.0002187 0.000112063 0.00196231 0.582053 0.588073 
1.95336e-008 1.53258e-008 4.21886e-006 3.15992e-007 2.94358e-006 9.67692e-006 0.904406 0.454036 
6.22457e-008 0.000333318 0.907365 0.00124329 0.00105012 0.00082615 0.000192616 0.449472 
0.586353 0.000836505 0.586147 0.582074 0.000128696 0.000189205 0.000259759 0.00318608 
0.000249168 0.00025508 6.1685e-006 0.000362399 3.35602e-005 0.451393 0.903986 2.26981e-005 
0.59026 4.4404e-005 7.15408e-005 0.586115 0.000239506 0.583993 1.11057e-005 0.00011873 
0.000139887 0.592454 0.00105421 0.000594658 0.588845 7.6403e-005 0.581402 2.86289e-005 
6.78021e-006 0.000289353 4.03425e-006 5.1857e-006 0.905841 2.11728e-005 0.45268 4.79278e-005 
0.0827784 0.970821 0.11912 0.121371 0.11506 0.110688 0.116215 0.0921206 
0.905585 0.462628 0.000707168 0.00115301 0.00205987 0.000766935 9.88523e-005 0.000407753 
0.00528025 0.462253 0.000158261 0.000358425 4.88801e-006 5.18338e-005 0.901475 1.70912e-005 
0.451488 0.90608 8.79192e-005 0.00114782 0.00246922 2.51883e-006 0.000281379 0.000482891 
0.120422 0.137449 0.66943 0.164341 0.16854 0.153523 0.115001 0.675363 
0.0884515 0.112897 0.109115 0.103462 0.106461 0.969779 0.149218 0.105909 
2.69098e-007 6.58552e-006 2.71325e-007 4.80482e-008 0.586039 0.58572 4.43444e-006 0.585093 
0.00134538 0.581536 0.00110612 0.000137843 0.000326778 0.585726 9.54097e-005 0.58627 
0.128179 0.149236 0.666294 0.129872 0.139663 0.122443 0.695313 0.10091 
0.000781675 0.589561 0.0011269 0.00146697 0.584174 0.00134924 6.08513e-006 0.583461 
0.907234 0.000853177 0.000241848 0.000249127 0.000165665 0.000864096 0.000231724 0.45306 
0.458201 0.000109363 0.000142512 0.00114711 0.000171358 0.000306319 0.905638 7.98893e-005 
0.590439 0.00107798 0.000740418 5.13961e-005 0.000118174 0.588318 0.589045 5.1986e-005 
0.00101116 0.905297 0.000410387 0.000243476 3.80773e-005 0.453459 4.41483e-006 0.00039757 
0.585676 0.00106323 0.00150143 0.000138841 0.00294498 0.579927 9.09643e-005 0.590098 
0.000838869 0.452683 0.000205189 5.25687e-005 0.906476 0.000133003 0.0103649 0.0020615 
0.000735891 0.595485 0.00103706 0.587337 0.590065 5.09906e-005 8.19976e-006 0.00412054 
0.689173 0.11312 0.134874 0.678348 0.134591 0.132163 0.0942307 0.122526 
1.09595e-005 0.000776495 6.59749e-006 9.88441e-005 0.58728 0.000722162 0.584269 0.583757 
0.124681 0.697954 0.114174 0.142267 0.109907 0.666907 0.124887 0.139192 
0.913303 0.000750784 0.000335897 0.453225 0.000293449 0.000676414 0.000879239 4.8252e-005 
0.00268945 0.595611 0.579407 5.59541e-005 0.000497018 0.000191561 0.591768 7.91494e-005 
0.584379 0.594923 0.000230266 0.000350139 0.000254411 0.00474525 0.000133236 0.582669 
0.000268381 0.000263063 0.584309 0.000226986 0.587846 1.73612e-005 5.56404e-005 0.58267 
1.1701e-006 0.000478081 8.65821e-005 0.585576 0.000267188 0.584917 9.61286e-005 0.585884 
0.000170157 0.00176355 1.01381 8.69632e-005 7.87712e-005 0.000257514 3.61748e-005 6.86481e-005 
0.00397915 0.46102 0.000439208 0.901136 1.61036e-005 0.000130362 0.000258548 8.24949e-005 
4.40796e-006 9.31454e-007 7.7918e-008 0.453288 0.000118667 1.06539e-005 3.27173e-005 0.90537 
0.677502 0.141775 0.685124 0.127321 0.131391 0.140451 0.0940589 0.122635 
0.00212182 0.915494 0.00377772 0.000313974 0.437034 3.69752e-006 4.03942e-006 0.000106598 
0.145248 0.121282 0.679787 0.683093 0.131292 0.125347 0.146087 0.110179 
1.30141e-005 0.909166 0.456556 0.00103159 0.00206658 0.000427531 0.000323281 0.00047507 
3.43117e-006 3.13805e-006 0.000308786 3.52375e-006 0.907524 7.52973e-005 3.95742e-005 0.453269 
0.689942 0.142072 0.125071 0.140137 0.0905306 0.135861 0.676306 0.127394 
0.122562 0.130402 0.13285 0.67922 0.6848 0.135125 0.135949 0.123008 
0.58868 5.32981e-005 0.588734 0.00010143 0.000593308 0.000109452 0.581417 0.00194819 
0.138597 0.140937 0.139867 0.126071 0.137059 0.137161 0.71541 0.637712 
0.599556 0.588261 0.000800182 0.564852 1.61034e-005 0.000114441 0.000255739 8.27718e-005 
0.123567 0.692457 0.126969 0.133925 0.11174 0.092703 0.677038 0.139684 
5.50873e-005 0.00190821 3.81022e-006 0.452664 0.905174 2.24513e-005 3.08354e-006 4.05418e-005 
0.57532 0.597898 0.0019752 0.00239818 0.000431882 0.00215031 0.581696 8.10529e-005 
9.43001e-008 0.000328046 0.908005 0.450318 0.000126886 0.000184918 0.000274497 3.93649e-005 
0.097455 0.100039 0.976898 0.0839829 0.0913058 0.126849 0.114753 0.0862786 
0.00547644 0.582913 0.582732 0.587375 0.000128584 0.000189041 0.000259533 4.82983e-005 
0.592363 0.58716 0.574697 2.49302e-005 0.000132157 0.000152238 0.00124539 0.000426399 
6.4261e-006 5.06449e-007 6.23342e-006 0.898905 0.000258922 3.35498e-005 8.02892e-005 0.466624 
0.908367 0.000357633 0.000187843 0.000697808 6.17532e-005 0.000103452 0.451963 1.73456e-005 
7.52408e-010 7.76707e-010 1.04277e-011 3.32441e-008 5.71169e-011 4.82949e-006 0.455186 0.906073 
0.00124194 0.00134412 0.586864 4.07079e-005 0.583732 0.583799 0.00135184 1.39678e-005 
7.82277e-006 1.1826e-008 8.27748e-008 2.11013e-005 2.25877e-005 0.57227 0.585566 0.594898 
2.34252e-006 0.000270207 0.597992 0.589809 0.59041 8.27369e-005 4.43353e-005 3.15848e-005 
0.153259 0.140179 0.135043 0.140252 0.689235 0.121115 0.664479 0.125446 
0.0981394 0.102088 0.086908 0.0954651 0.0953631 0.148739 0.973448 0.0903707 
6.18105e-006 0.000672665 0.585391 0.00113959 0.00074671 0.579636 9.52276e-005 0.589802 
0.123789 0.12866 0.11916 0.686108 0.135924 0.126616 0.676369 0.127568 
4.15629e-006 0.000142487 6.80826e-007 0.580456 0.588964 8.08381e-006 0.000459458 0.587168 
0.454905 9.33415e-005 0.00267039 0.000499166 0.00110799 0.906471 3.18923e-005 0.000483782 
1.55469e-005 0.000893089 0.586471 0.00145336 0.590002 1.54444e-005 0.587775 6.44195e-005 
0.00829692 0.591083 0.00550026 0.587015 0.000239874 0.58497 1.11233e-005 0.000122822 
0.000530035 0.583867 0.000129408 0.0020239 0.587846 0.58097 0.00281593 5.51828e-005 
0.00070482 3.80181e-006 5.42751e-005 0.454821 0.000137751 0.906286 0.000311379 0.000363505 
0.00102914 0.00114462 0.00115729 0.58521 0.587061 0.584297 8.43437e-006 0.000401093 
0.000156381 0.00323037 0.587497 0.582401 1.27401e-005 0.00177348 0.000537654 0.584906 
6.60271e-006 0.000382002 1.19271e-005 0.00036448 0.910859 0.451816 5.13176e-006 4.2164e-005 
0.00191184 3.03726e-005 7.26765e-006 0.00984399 0.00104659 0.452593 1.45564e-005 0.903764 
0.115481 0.134726 0.133449 0.699456 0.0678231 0.680228 0.133785 0.127829 
0.457718 0.00269187 0.000305475 0.905396 0.000301288 0.00180433 0.000355978 4.14646e-005 
4.31036e-005 0.000891631 7.65242e-006 0.000350689 0.452297 0.908172 3.0532e-005 3.62437e-006 
0.141749 0.158289 0.674404 0.0466499 0.69469 0.105941 0.116416 0.135102 
2.68141e-005 0.466017 0.900152 0.000668175 7.91233e-005 0.000260726 0.00107686 0.000116231 
0.452628 0.0028104 0.0010132 8.43098e-005 0.000455451 0.000718165 0.000183203 0.906962 
2.74048e-006 0.00157347 7.67379e-006 0.90887 0.000236376 0.000165821 0.453898 2.25704e-005 

