0.823044 -0.450611 
0.421456 0.0904345 
0.0543952 0.716156 
0.633879 -0.348023 
0.83849 -0.697363 
0.24746 0.258587 
0.835215 -0.658556 
0.225596 0.364552 
0.827463 -0.53505 
0.825003 -0.489428 
0.618641 -0.126032 
0.831065 -0.597825 
0.438247 -0.0681973 
0.851028 -0.771296 
0.626659 -0.255455 
0.00821169 0.911809 
0.623538 -0.205364 
0.828594 -0.556754 
0.413892 0.184105 
0.842487 -0.735105 
0.184562 0.660049 
0.454621 -0.121764 
0.631953 -0.3259 
0.0828856 0.672042 
0.643756 -0.431637 
0.829923 -0.579264 
0.836909 -0.67997 
0.625116 -0.232324 
0.0240359 0.831184 
0.230804 0.332063 
0.823744 -0.464547 
0.628415 -0.279919 
0.206782 0.50421 
0.240951 0.28721 
0.211747 0.466206 
0.0773675 0.673854 
0.636024 -0.370828 
0.630143 -0.303225 
0.201865 0.541783 
0.44729 -0.111794 
0.221117 0.395883 
0.4241 0.0600935 
0.638323 -0.391608 
0.840242 -0.716008 
0.620251 -0.154246 
0.190632 0.621548 
0.0615041 0.697584 
0.196456 0.581072 
0.426666 0.0328745 
0.411463 0.217326 
0.016131 0.868527 
0.235465 0.305783 
0.432346 -0.0227697 
0.62187 -0.179782 
0.4095 0.242876 
0.826213 -0.512962 
0.833837 -0.639443 
0.0470841 0.739482 
0.255294 0.245696 
0.039304 0.767907 
0.640719 -0.411842 
0.419039 0.119266 
0.435111 -0.0457325 
0.429245 0.00573601 
0.832411 -0.618727 
0.0697968 0.68269 
0.648321 -0.450366 
0.442231 -0.0911013 
2.36824e-009 1.00375 
0.845331 -0.753376 
0.031589 0.7986 
0.416504 0.150792 
0.216218 0.432933 
0.84432 -0.747977 
0.445979 -0.107842 
0.206165 0.508838 
0.0585784 0.70753 
0.835005 -0.645574 
0.0460066 0.742915 
0.443255 -0.0959899 
0.0772137 0.674472 
0.62437 -0.220211 
0.63756 -0.382418 
0.0419482 0.756667 
0.0698823 0.681973 
0.219724 0.40663 
0.0274809 0.818326 
0.642671 -0.422289 
0.437765 -0.0647799 
0.244894 0.275789 
0.421751 0.0866829 
0.415556 0.165228 
0.412434 0.203816 
0.428988 0.0135242 
0.224192 0.374656 
0.623305 -0.20084 
0.250663 0.252003 
0.839155 -0.703979 
0.640228 -0.407694 
0.213855 0.450353 

