1.84258 0.0402814 0 0 0.00997819 0 0.000193429 1.12563 
1.04801 1.26474 0 0.0798341 0.0201158 1.31844 0 0 
3.13249e-008 1.16906 1.73758 0 0.00161302 0.0188951 0 0 
3.20856e-008 0 3.27747e-010 1.19752 0 1.29656 1.1926 0 
0.00983255 4.69326e-006 0.000748018 0.988465 3.42188e-005 0.00307147 1.90233 0 
8.4837e-005 4.28089e-008 0.0103917 1.2295 1.23736 1.30263 0 0.000124915 
0.085597 0.0765425 1.17294 1.83234 0 0 0 0 
0.0560697 0 1.86764 0 0 0.970624 0 0 
0.177327 1.12961 0.0270043 1.75357 0 0 0 0 
1.00407e-008 5.21602e-008 8.27672e-010 2.01735e-008 2.12076 0 0 0 
1.83472 0.0335219 0.0374232 0 0.0342949 0 1.04566 0 
4.27503e-008 1.59547 0.0235427 0.00705181 0.921376 0.00143557 1.0116 0 
0.293621 1.63046 0.14708 0 0.26986 0.109149 1.30382 0.127591 
1.33622 0.0513426 0.0647363 0.0554314 1.14893 0.111535 0.0957761 1.15686 
0.0382083 0.25334 1.41756 0.119017 0.214033 1.47238 0.205094 0.26275 
1.39644 0.417655 0.248077 1.48159 0.106175 0.222537 0.0242101 0.0547483 
4.24332e-008 1.58363 0 0.0741646 1.13696 1.11436 0 0 
0.019499 0.00284839 0.00405552 1.90618 0 0 0.903603 0 
0.517179 0.103855 0 0.46352 1.40902 1.3651 0.0216337 0.266164 
0.00366999 0.000284075 0.00948143 0.162334 0.844468 0 0.860974 0.768262 
1.44456e-008 2.20164e-008 9.51188e-011 2.37679e-010 0.982787 0.00384005 0.00865827 1.85436 
4.83474e-012 2.32371e-011 1.28633e-010 5.9098e-011 3.52172e-011 5.00276e-008 1.86707 0.930394 
0.269236 0.216063 0.385221 1.37237 0.295852 0.122393 0 1.46552 
2.659e-008 0.992355 0 0.0554883 0 0.000290873 1.95184 0 
0.174545 1.58444 0.00200314 0.12734 1.32858 0.143539 0.000624704 0.259696 
0.889117 0.045422 0 1.36495 1.44932 0 0 0 
1.41162 1.15472 0 0.0854095 1.30935 0 0 0 
1.85626 0 0.984357 0 0 0.000307342 0 0.0300681 
0.0214503 0.0539349 1.34564 1.17973 1.11947 0.00647446 0.0419243 0.00671991 
4.87073e-008 1.36144 0 0 0.00114738 1.18059 0 1.11775 
1.25086 0 0.0896363 0.0354748 0.0752988 1.2828 1.08742 0.000410857 
4.06627e-008 1.51756 0 1.03355 1.02904 0 0.0748395 0 
0.141444 0.0457189 1.51883 0.0346808 0.147762 0.158692 0.0739386 1.41482 
0.000277481 8.4598e-005 1.8707 7.16775e-005 0.953776 0 0.010134 0 
3.8134e-008 3.36778e-008 1.89873 0 0 0 0 0.914148 
0.966641 0.000595671 0 1.86607 0.0319903 0 0 0.124696 
6.26157e-008 2.33685 0 0 0 0 0 0 
1.51454e-005 1.5216 1.0559 0 0 0 1.01675 0 
0.00464707 0.00697357 0.000230382 0.000232447 0.912178 1.88983 0 0 
1.40429 0.000196128 0.00180234 1.25191 0.0330901 0.000761861 0 0.995729 
1.05103 1.4409 1.21213 0 0 0.000539681 0.0271903 0.047227 
3.74066e-008 1.39604 0.011482 0 0 0.0205246 1.19697 1.03781 
1.18448 0.0577557 0.0053108 1.04105 0.00516026 1.34916 0.0215549 0.260715 
5.63234e-008 0 0 2.10202 0 0 0 0 
5.36954e-008 2.00394 1.02065 0 0 0.000826116 0 0.0134411 
5.34651e-008 1.99534 0 0.680906 0 0.00109249 0.0206845 0.0359979 
1.17728 0 1.17171 0.00178552 1.2813 7.88956e-005 0 0 
0.269446 0.403333 0.0245935 0.161763 1.4084 0.348092 0.178399 1.51019 
1.40678 1.19924 0 1.0194 0.0213858 0 0.000111643 0 
1.52632e-005 1.37608 2.34967e-005 1.2053 0 1.03734 0 0.00853881 
1.5086e-015 5.63018e-008 0 1.07024e-012 0 0 2.10121 0 
0.00952675 0.00192853 0.000260416 0.00738332 1.87929 0.968322 0 0 
1.44645 0.000196133 1.5202 0.00550023 0 0.000306945 0 0.0299666 
0.278979 0.417664 0.0253424 0.170362 0.122786 2.07543 0.248849 0.00527994 
1.86829 0 0.000500539 0 0 0.970522 0 0 
7.63654e-007 0.0577941 0.000617503 0.00151126 0.0127972 0.949808 1.86825 0 
0.0191613 0 0.019061 1.32965 1.14175 6.59216e-005 0 1.15253 
0.314473 1.45882 0.433834 1.3856 0.257055 0.0653467 0 0.0681472 
0.0441709 0.00918003 0.00928753 0.893691 0 0 0.110149 1.97581 
0.0317481 0.0255725 1.35242 1.2776 0 0.000219265 0.0108415 0.971611 
0.435127 0.32863 0 0.270842 1.99638 0.212999 0.0754217 0.000490896 
1.26261 0.534696 1.45089 0.0952467 0.340203 0.45754 0.271312 0.540719 
2.80908e-009 2.41973e-009 3.40658e-008 3.80607e-008 4.24898e-010 1.91139 0 0.897218 
1.52519 0.0425701 0.910014 1.18998 0.00255891 0.000530865 0.0175509 0 
1.4579 1.24277 0 0.0691724 0 0.00891615 1.05132 3.06571e-005 
2.50313e-008 4.1611e-009 0.947002 0.0934362 0.000297071 1.93136 0 0 
0.00221054 0.00200383 0.000284171 0.0383399 0.199622 0.21377 0.996328 0.862426 
1.91851 0.0964468 0 0 0.909521 0 0.0333571 0 
0.000228674 0.000868937 0 0.00232505 3.81154e-008 0.00178127 0.670676 1.36414 
0.000428029 4.44209e-005 1.22621 0.000451423 1.234 1.29909 0 0.000124576 
2.13021 0 0 0 0 0 0 0 
0.233797 0.122902 0.259118 0.279922 0.235241 0.272604 2.05462 0 
4.95328e-008 1.21008e-008 0 1.92233e-009 0 1.90431 0.911556 0.00170323 
1.31877 0.0902965 0 0.00016447 0 0 1.17548 1.12994 
0.141568 0.00394762 0.0134623 0.00697051 1.16258 1.1658 0.0163871 1.28748 
3.5771e-008 1.33499 0.00547575 1.24581 0.0277651 0 1.05325 0 
2.9481e-011 0.00110025 0.937015 0 1.88113 0 0 0 
5.41369e-008 2.02042 0.00387299 0 1.15633e-005 1.01112 0 0.0110196 
1.42297e-008 2.16584e-008 0 9.9439e-010 0.967862 0 1.90001 0 
0.102701 0.837693 1.29385 0.132724 0.181499 0.195326 1.34039 0.259555 
0.00823858 7.81353e-005 1.26297 0.0176112 0 1.29469 0 1.08475 
1.19931 1.32875 9.89494e-005 0.0166473 0 0.0309253 0 1.09329 
0.028904 0.000196217 0.98311 0 0 0 1.88388 0 
0.967839 0 0 0 0 0 1.90004 0 
1.40696 0.187545 0.139895 0.11137 0.216545 1.49548 0.315407 0.0637687 
0.303762 0.0955011 0.0352142 1.50143 0.317535 1.43125 0.0256391 0 
1.23967 0 4.46314e-005 1.2957 0.00464721 0.00111028 1.2199 0.00993233 
0.0225513 0.0253028 1.12442 1.26615 0 1.34477 0 0 
0.0396896 0.00271755 1.32388 0.00018272 0 0 1.1778 1.12445 
0.233068 1.27594 0 0.0748834 0 1.65402 0 0 
0.263537 1.21743 1.22891 0.0195007 0 0 0 1.16026 
2.87451e-008 2.72149e-008 1.00692e-008 2.88278e-008 1.86579 0 0 0.973397 
9.5725e-007 4.19343e-005 1.8808e-007 3.79145e-005 1.92403e-007 0.963791 0.00018551 1.85557 
5.13509e-008 0 0 1.91644 0 0.967357 0 0.0129282 
0.177964 0.699622 0.033545 0.659042 0.801429 1.27389 1.18959 0 
0.299118 1.50009 0 0.113454 0 0.189311 0.343175 1.42296 
6.38986e-009 3.51072e-008 1.33175 1.25328 0.0278067 0 1.05482 0 
4.48781e-016 1.26824e-015 5.02075e-008 1.87377 0 0 0 0.961492 
2.01141 0.336126 0.200992 0.159966 0.311116 0.0754974 0.315541 0.093403 
0.0115093 1.37578 0 0.0658259 0 0 0 1.63553 
1.22557 0.126609 0.0230096 0.0516157 1.25568 0.00725742 1.19436 0.0125608 
0.0824318 1.35139 0.0655447 0.0814376 1.16439 0.0708566 0.0969472 1.1788 
4.42381e-008 3.49328e-008 0 3.86699e-009 6.29992e-012 2.41891e-009 2.51262e-009 2.11263 
0.00195321 1.99535 0 0.000229446 0 0 0 0.650146 
2.14311e-013 4.49195e-008 1.60019e-008 3.27343e-008 1.08016e-009 2.15896 0 0 
0.380155 0.304936 1.37762 1.46537 0.265753 0.01451 0.00540752 0.242434 
0.00429596 0.0157634 0.000759202 0.0149157 1.26428 1.27389 1.18959 0 
0.272976 0 0 1.49418 1.47437 0 0.0345648 0.181061 
1.4813e-005 6.96329e-007 1.87967 0 0 0 0.943658 0 
0.0297883 1.53086 1.08259 0 0.0023019 0.936883 0.0846051 0.0056168 
1.31787 1.58993 0 0.0548612 0.217996 0.0712412 0.184794 0 
2.32647e-008 4.83511e-009 0.886806 0 0 0.0305092 0 1.94609 
0.0198804 0.00485589 0 0 0 1.28616 1.28627 1.14471 
0.0524246 0.00405757 0.0554075 1.21932 0 0 1.09172 1.0394 
0.397194 0.255155 0.0608257 0.108957 0.248961 0.282311 0.0251383 2.01905 
0.0759026 0.0121335 1.14287 0 1.2073 0.00253518 0 1.2838 
0.0402342 0.365088 1.98965 0.287353 0.2523 0.240404 0.187443 0.262409 
1.40581 0.451829 0.300459 0.0342261 0.145903 0.109262 0.0728096 1.43113 
0.217451 1.42647 0.0731537 0.11937 0.214669 1.47675 0.205703 0.263531 
4.08567e-008 1.52479 0.909426 1.18921 0 0.000530521 0.0175396 0 
0.072061 0.374388 1.19002 0 1.01823 0 1.38942 0 
0.00317525 1.42624 0 0.0440186 0.00501465 0 0.610968 1.28839e-005 
1.18835e-008 5.51066e-008 2.10388 0 0 0 0 0 
0.31224 1.68684 1.10535 0.374214 0.293745 0.164971 0 0 
1.06327e-015 3.96817e-008 3.15632e-008 4.79754e-010 1.89238 0 0.91057 0 
1.24574 0 0.231529 0.114901 1.71948 0.0117919 0.176962 0.0204828 
0.00607693 0.968141 0 0 1.86564 0 0 0 
1.63556 0.430662 0.282755 0.129736 0.400953 0.0868676 1.12678 0.191546 
1.83903 0 0 1.01419 0.0212756 0 0.000111067 0 
1.48972 0.213406 0.064296 0.160684 1.33391 0.238187 0.179614 0.488103 
3.70532e-008 1.38285 0.00177483 1.23284 0.0325959 0.000378022 0 0.981647 
0.0109726 0.000488911 0.000238439 1.32383 1.17687 0 1.1291 0 
0.219966 1.14269 1.15884 0 1.33813 0 0 0 
7.91043e-011 0 3.90933e-008 1.45899 0.743865 0 0.0182788 0 
0.00567933 0.000208905 1.25525 0 0.100075 1.28572 1.08976 0.00758689 
1.19091 0.0107785 0.0108814 0.0513108 0.0900666 1.1835 0 1.31061 
1.30888e-008 0.488481 0.260146 0.486304 1.47866 0.62041 1.12466 0.0581335 
6.71351e-005 6.36715e-007 0.0102918 1.26392 0.008985 1.29559 0 1.08551 
4.1715e-011 0.00155683 1.87116 0.970055 0 0.00109215 0 0.0359849 
1.93429 0.825204 0.118518 0 0 0.014846 3.658e-005 0.00534917 
1.09673 0.003552 1.22365 0.020487 0.258978 1.28256 0 0 
0.327499 0.0999439 0.110989 1.75671 0.353917 0.0482532 0.167272 0.165721 
1.21965 0.126487 0.000694088 0 1.23399 1.29908 0 0 
0.00772834 0.00580638 3.00973e-006 0.894776 0 1.90054 0.000276184 0 
4.61563e-005 1.97222 0 0 0.71467 0 0 0.00817812 
1.45834 0 0.924503 0 0.0447945 0 1.22038 0 
0.500099 2.03811 0 0 0 0 0 0 
0.855601 0.202919 0.0154358 0 0 0 5.89828e-005 1.93371 
0.94458 0 0.00456024 0 0 1.88178 0 0 
0.257645 0.385721 0.0234432 0.157325 0.113708 1.41794 0.471422 1.4984 
0.0465576 2.02941 0.193163 0.15918 0.337915 0.0572256 0.317961 0.0934245 
8.57854e-009 3.04942e-009 1.16932e-008 0.553077 1.59735 0 0.0188671 0 
0.00204684 0.919389 0.0405797 0.0285134 0 0.940176 0.797466 0.0933447 
1.45197 0 0.00281952 0 1.53037 0 0 0.0127328 
0.141444 0.0457189 1.51883 0.0346808 0.147762 0.158692 0.0739386 1.41482 
4.44123e-010 2.94476e-009 0.111143 0.005498 5.94591e-005 0.112131 2.16029 0.273034 

