0.451136 0.898116 0.00186724 4.27748e-005 3.43696e-005 
0.872234 0.286233 0.286258 0.281816 0.00564352 
0.241471 0.233624 0.943512 3.41115e-005 9.39826e-005 
0.644526 0.320547 0.306375 0.625635 0.000199395 
6.50277e-005 0.449054 0.000221309 1.97637e-005 0.896599 
0.531845 1.97259e-005 0.805242 7.25988e-005 0.269688 
0.281503 0.288402 0.869586 2.66381e-006 0.288292 
0.901972 0.451256 0.000384482 6.73722e-005 6.18946e-005 
3.18039e-006 0.540537 0.804489 4.89194e-005 0.2678 
0.806491 0.00132286 0.538137 0.000183565 0.265361 
8.53867e-006 9.43174e-005 0.981505 0.195532 7.32961e-006 
0.538561 0.265071 0.804067 0.000205729 3.2307e-005 
0.19704 0.00357251 0.000294594 0.98422 0.00022954 
0.348635 0.353482 0.700739 0.378758 0.354544 
0.710911 0.708529 0.00097653 0.000539623 0.0015026 
0.000131754 0.707563 0.709237 3.26839e-005 0.000230318 
0.293647 0.294551 0.87068 0.287845 4.39613e-006 
0.449918 0.00103137 0.89886 3.2489e-005 0.001751 
6.7048e-005 0.236219 0.236915 5.61576e-005 0.946712 
0.281576 0.799861 0.00010983 0.533997 1.46133e-005 
0.293268 0.286361 0.00164115 0.286467 0.868037 
6.46808e-007 7.32118e-005 0.537727 0.80234 0.26515 
0.805925 0.268119 0.000113578 0.000223414 0.532064 
0.542354 0.265661 0.00271606 0.808826 6.16799e-005 
5.32402e-005 0.45415 0.000283676 0.90578 0.000788478 
0.195965 0.000197166 1.89816e-005 5.0219e-006 0.981478 
0.000348082 0.806489 0.269874 6.8712e-005 0.535572 
0.234489 2.00088e-006 0.945728 1.99968e-007 0.23442 
1.63548e-005 1.82402e-005 0.449311 0.899052 3.60853e-006 
0.53759 0.00784516 0.268276 9.30491e-005 0.803702 
0.320743 0.000144453 0.313082 0.633272 0.633753 
0.000915432 0.708876 0.000415021 0.000621104 0.709964 
0.595872 0.000900647 0.56332 0.000102289 0.575037 
0.237104 0.948953 0.235318 0.000276327 7.83061e-005 
0.808319 0.00129978 0.000215604 0.536603 0.267478 
0.000109033 0.319027 0.319487 0.637538 0.637152 
0.634099 4.70283e-005 0.635189 0.315315 0.315893 
0.876113 0.285075 0.283843 0.000621983 0.280373 
0.542038 0.0014576 0.26868 0.807624 0.000168728 
0.236669 0.946233 0.000604435 0.230615 0.000770007 
0.577827 0.000607993 0.576165 0.581139 0.000232848 
0.000343906 1.70655e-007 0.580397 0.578643 0.578653 
3.04464e-006 0.94535 0.233928 1.95568e-005 0.23201 
0.00120879 0.00293937 0.945933 0.235781 0.235005 
5.54375e-005 0.23696 0.236689 0.946952 0.00017605 
1.30235e-005 0.195995 2.08464e-005 5.02266e-006 0.981626 
0.26644 0.538675 5.43653e-005 0.801554 0.00100259 
0.000326465 0.23819 0.000519058 0.944693 0.234856 
0.634322 0.00165321 0.314682 0.634182 0.318418 
0.000397883 0.000264321 0.805171 0.538444 0.266044 
2.45894e-006 5.36493e-005 0.23568 0.945489 0.235901 
0.322292 0.00190387 0.632183 0.63553 0.315617 
0.275479 4.20262e-005 0.000706862 0.801339 0.5346 
4.94031e-005 0.89696 7.20728e-005 3.92305e-005 0.447084 
0.000196907 0.290003 0.289701 0.867613 0.289097 
0.319889 0.320059 0.000116598 0.64401 0.639524 
0.000145337 0.869364 0.285333 0.290483 0.28938 
0.196812 0.000196943 0.982738 3.03057e-005 1.23555e-007 
0.534761 0.806056 0.000267939 0.000194337 0.262355 
0.710507 5.26397e-006 0.00016749 1.80026e-005 0.708145 
0.587952 0.575171 0.00010681 0.000554671 0.570464 
9.20846e-009 5.50883e-007 4.26672e-005 1.00664 8.81506e-006 
0.236168 0.000258832 0.000514651 0.944303 0.235535 
0.948316 0.232105 0.236868 0.000143729 0.000283773 
0.31713 0.635147 5.11913e-005 0.630895 0.315209 
0.354647 0.353964 0.353761 0.35592 0.708338 
3.91074e-006 0.94709 0.000328207 0.236067 0.234463 
0.267939 4.7473e-005 0.804191 0.533082 0.000205733 
0.640207 0.317789 0.000224259 0.638339 0.317558 
0.274776 0.531968 0.803464 0.000205444 6.0136e-005 
0.000423126 1.78216e-005 0.709375 0.707232 1.29512e-007 
0.284871 0.871209 5.38919e-005 0.281665 0.288692 
0.239478 0.000534329 0.236793 2.45283e-005 0.946838 
0.00108436 0.895484 8.8589e-005 0.45045 0.000455636 
0.802848 0.537598 0.000544868 1.85964e-005 0.265786 
0.000100181 0.000107835 4.67127e-007 0.896355 0.447948 
0.913681 0.000407802 0.00197768 0.445693 0.0026416 
0.293184 8.08405e-005 0.869269 0.28849 0.28259 
0.981735 0.000438176 0.000280892 4.26402e-005 0.195174 
0.269631 0.808023 0.000538384 0.000294893 0.525487 
0.000399824 0.317464 0.63757 0.308415 0.632681 
0.000136615 0.196431 0.985845 0.000206632 8.92466e-006 
0.983393 0.189661 0.000381798 6.69019e-005 6.14625e-005 
0.000433401 0.236994 0.943227 0.235585 1.95661e-006 
0.262967 0.804236 0.534728 6.65902e-005 6.9443e-005 
0.909657 0.00100727 0.453658 8.15728e-006 6.81603e-005 
0.812226 0.000221675 0.268386 0.000259102 0.520574 
2.84927e-005 0.708126 3.76857e-005 0.706924 1.20785e-005 
8.76091e-005 2.00128e-005 0.896458 0.450493 0.00090521 
3.25195e-006 0.287835 0.868997 0.291746 0.288127 
0.00067743 0.00137086 0.239947 0.239902 0.959399 
0.266347 5.29309e-005 0.803912 3.69262e-005 0.532914 
9.34904e-006 6.17813e-005 5.73681e-007 0.983685 0.194395 
0.000139243 0.982888 0.000484263 3.50556e-005 0.197479 
4.92349e-006 7.6494e-008 3.14089e-008 0.44807 0.895321 
0.000549309 0.804033 7.26551e-005 0.267581 0.533484 
0.536308 0.000272376 0.803812 0.26286 8.20914e-005 
0.534355 0.806363 0.00125757 0.258877 0.000199329 
0.326246 0.00121521 0.630992 0.313675 0.632937 
9.20135e-005 0.196805 0.000294194 0.982886 0.000229229 
8.74972e-005 8.04362e-005 4.25592e-007 0.70721 0.707782 
0.320987 0.635496 0.313149 0.000130678 0.634231 
2.68051e-008 1.0198e-009 6.89116e-011 6.03759e-013 1.00111 
0.287411 0.294513 0.295604 0.000140045 0.86608 
0.000839719 0.808445 0.000215638 0.536223 0.267449 
0.319381 0.642349 0.635982 8.21484e-005 0.317787 
0.269649 5.84401e-005 0.537431 1.13465e-005 0.803895 
0.639166 0.000392785 0.317487 0.30897 0.632082 
0.585577 0.567927 0.583112 0.000205684 2.21541e-005 
0.239151 0.943485 6.24918e-005 3.81151e-005 0.23502 
0.461377 0.000472374 0.000281154 0.889328 3.31192e-005 
0.274392 0.00107977 9.32233e-005 0.536404 0.80077 
0.266706 0.00109896 0.538885 0.801221 0.00175217 
0.636524 0.317217 0.00891905 0.318161 0.631594 
0.000214516 1.93243e-005 0.266675 0.536284 0.801579 
8.02937e-006 0.539806 0.264999 8.44785e-006 0.801422 
0.544547 1.25768e-005 2.86158e-005 0.258244 0.803735 
0.319414 0.631461 0.32076 0.634134 2.3831e-005 
0.994637 0.000139289 4.72966e-005 0.198751 1.54661e-006 
1.6719e-005 3.99628e-007 1.00486 1.27912e-006 2.26264e-005 
0.954194 0.00136679 0.231721 2.1111e-005 0.232472 
0.24134 0.00013313 0.236022 0.947153 0.0015098 
1.00285 1.80817e-006 5.64343e-005 4.14017e-005 9.26769e-006 
3.22899e-005 0.266356 0.538822 5.31516e-005 0.802683 
0.642588 0.640951 0.000675171 0.320113 0.311341 
2.19505e-006 2.1627e-008 1.09155e-008 0.196015 0.983801 
4.00437e-005 0.536216 4.14028e-005 0.806202 0.268518 
0.000167101 0.896262 0.44877 3.22864e-005 9.30942e-006 
0.804239 0.536538 0.000916653 0.26165 2.05645e-006 
0.000218902 0.3224 0.632791 0.633182 0.315293 
0.290113 0.289422 0.000817268 0.867381 0.288559 
1.35268e-005 0.237295 1.68069e-005 0.23671 0.947704 
0.238286 0.238667 2.06941e-005 0.943827 0.00260179 
3.32342e-005 0.579093 4.753e-005 0.578934 0.580426 
0.877036 0.291917 6.51826e-005 0.280933 0.271194 
9.84273e-008 1.95678e-007 0.266925 0.803492 0.533653 
0.000118984 0.235805 0.948309 0.000192148 0.234443 
0.712314 0.347792 0.359037 0.355296 0.346722 
0.000414946 0.000124565 0.708006 3.56855e-005 0.709092 
8.37836e-005 0.449947 0.898916 3.2491e-005 0.000231101 
0.00109561 0.000551052 0.195926 0.98235 5.88321e-005 
0.000545469 0.804384 0.26543 0.534136 0.00172739 
0.537296 0.268127 2.11685e-005 3.63071e-005 0.800954 
0.800284 0.2621 0.542991 7.32355e-005 1.04919e-006 
1.9436e-005 6.47668e-007 0.981374 7.76425e-005 0.19566 
0.947718 0.235121 0.000126399 0.235564 5.40309e-005 
0.29468 0.291915 0.290442 0.863043 0.000171648 
0.579059 3.31006e-005 1.42027e-005 0.577449 0.579604 
0.705578 0.000135288 0.710872 5.44811e-005 0.000159749 
0.803211 0.53783 0.26766 2.16696e-005 3.31816e-005 
0.000157996 0.637246 0.311879 0.31849 0.635335 
0.647559 0.648041 0.306194 0.327663 0.00765277 
0.245259 1.6869e-005 0.941433 0.235351 0.0003944 
0.816041 0.00033503 0.539024 0.269581 6.07772e-005 
0.29096 0.000539338 0.289255 0.868382 0.288928 
6.12245e-005 0.269857 0.541854 0.80784 3.82418e-006 
0.632908 0.314676 0.324723 0.000251629 0.63453 
0.289946 4.84371e-006 0.289749 0.287786 0.871166 
0.948402 0.239738 0.00594479 0.000161675 0.236723 
0.000143485 0.983724 0.196071 8.02499e-005 0.000102956 
0.000324636 0.993485 6.13471e-005 0.198117 4.62953e-007 
0.323158 0.327436 0.639418 0.635628 7.0472e-005 
0.706902 0.00206752 0.000500798 0.710996 9.3902e-005 
3.39334e-005 0.266823 0.805572 3.7354e-005 0.534 
4.39305e-008 0.269047 3.49801e-005 0.535564 0.802138 
0.236802 0.000871485 0.000132368 0.236223 0.943807 
0.533093 0.802925 0.270275 0.000518672 0.000103017 
0.000346112 0.63376 0.634849 0.315423 0.315347 
0.000145646 0.266773 0.804835 0.537729 1.42459e-005 
0.292447 0.8679 0.292765 8.25094e-005 0.279435 
0.000116678 1.7867e-007 0.195945 2.44443e-005 0.981825 
0.63891 0.643667 0.320318 0.00122151 0.317675 
0.946556 0.0020978 0.236548 0.23638 9.95737e-006 
0.812253 0.254224 0.000602956 0.530812 9.39448e-005 
0.872897 0.00383467 0.291748 0.280304 0.287271 
2.34315e-005 0.531677 0.805547 0.265953 2.67575e-005 
0.000947463 0.950457 0.241744 0.238624 5.26483e-007 
0.896261 5.79334e-006 0.000232491 2.28334e-005 0.445541 
0.955773 0.000261034 0.000211622 0.241702 0.234082 
6.21215e-005 0.804964 0.536653 0.267654 3.26632e-005 
0.000370302 0.290042 0.289519 0.287516 0.869189 
0.359856 0.356523 0.355193 0.702347 0.357449 
0.349142 0.725898 0.363669 0.356758 0.354229 
0.989253 0.00159273 0.197174 8.65929e-005 5.50362e-005 
0.26525 0.537033 0.000413256 0.000164188 0.80381 
0.807513 1.87422e-005 4.24321e-005 0.26984 0.526906 
0.192012 0.98252 2.79725e-006 5.36083e-005 0.00016011 
0.318601 0.632849 0.63125 0.318202 0.000118285 
0.00142269 0.636532 0.313097 0.633671 0.314687 
0.000262455 0.580098 0.577457 0.577581 2.02478e-005 
0.000126818 0.531777 0.000272711 0.271233 0.808291 
0.63596 0.318954 0.640275 0.314896 0.00415953 
8.32063e-005 0.577797 0.578492 0.000315518 0.577375 
0.447405 0.000121034 0.00154067 1.54555e-005 0.900922 
0.582386 0.582306 0.000238644 0.575576 9.10978e-005 
0.000378393 1.00077 6.52337e-005 2.11566e-005 6.7737e-005 
0.317821 0.634234 5.00439e-005 0.318273 0.635989 
0.000181936 0.266521 2.37559e-005 0.805502 0.534368 
0.540342 3.78307e-006 0.000124754 0.810635 0.266787 
0.313364 0.31985 0.63632 0.00334016 0.63027 
0.63768 0.316908 0.63144 6.54709e-005 0.312806 
0.812299 0.000724344 0.274485 0.534669 0.00117646 
7.77381e-006 0.000175971 0.898909 6.46466e-006 0.448096 
1.45582e-005 7.19229e-007 0.448351 1.01927e-005 0.89531 
0.000495932 0.535471 0.264856 0.804792 5.56798e-007 
5.2378e-005 1.24007e-005 0.536942 0.269827 0.801575 
8.57792e-005 4.76237e-005 0.806648 0.267642 0.534402 
0.294448 0.869655 0.289894 0.280333 7.02317e-005 
0.236396 0.236511 0.000325344 0.000179783 0.946412 
0.000106892 0.806677 0.538162 6.6361e-005 0.265597 
0.591207 0.574528 7.17055e-005 0.576151 9.11888e-005 
0.546731 0.53412 0.00306029 0.552577 0.339741 

