0.000358422 0.000656513 0.943869 0.235452 0.235148 
4.2489e-005 0.000920258 0.897741 0.000331994 0.446419 
0.539415 0.267644 0.800262 4.36348e-005 5.48226e-006 
0.946692 0.00448337 0.238628 0.237823 0.00105382 
0.000289414 0.265718 0.807148 0.00132225 0.532707 
0.443518 1.03811e-005 0.000112649 0.896827 6.23843e-006 
0.897371 5.33589e-005 0.447187 8.06908e-005 2.81816e-005 
0.000641433 0.000685329 0.802304 0.269177 0.534764 
0.871917 0.289655 0.282968 2.90506e-005 0.290171 
0.982087 0.196617 0.000183504 3.08328e-005 1.77729e-005 
0.633217 0.317196 0.63677 9.4801e-005 0.316762 
0.00134569 0.222391 5.3961e-005 0.222475 0.953373 
0.000130414 0.638377 0.63142 0.313752 0.3145 
0.324043 0.65023 5.94154e-007 0.322859 0.645358 
0.806665 0.273113 3.66907e-005 0.545174 1.79754e-005 
0.648854 7.33752e-006 0.323862 0.647671 0.321729 
0.31734 0.633203 0.000292959 0.635187 0.311089 
0.580248 7.35562e-005 0.576562 0.580596 1.59674e-005 
6.36589e-005 0.448713 0.896455 1.22927e-006 0.00283326 
0.000773127 0.709827 0.00106015 3.30572e-005 0.713904 
0.318309 0.632309 0.637249 0.309979 0.000237416 
0.290506 0.292585 0.866932 0.00283645 0.283081 
0.00100683 3.38143e-007 0.982732 3.78727e-005 0.195616 
1.00171 4.59201e-006 2.54283e-005 0.000130663 5.01221e-006 
0.26839 0.805548 5.09171e-005 0.537226 1.61139e-005 
0.634903 0.00718779 0.63371 0.313465 0.314212 
0.235497 4.31513e-005 0.235058 0.000138728 0.947206 
0.5347 0.80292 4.91631e-005 0.268606 1.92047e-005 
5.22184e-005 0.983216 0.196466 3.94721e-005 9.97105e-007 
0.536513 0.000117134 0.802221 0.26475 0.000412588 
0.982462 2.11454e-005 0.000144513 0.195615 0.000349103 
0.578951 0.583777 5.00042e-005 2.67001e-006 0.58123 
2.19968e-007 1.00419e-005 2.04972e-005 0.196079 0.981349 
0.00052022 0.805607 0.536939 9.31189e-005 0.264114 
0.319435 5.39995e-006 0.635981 0.315367 0.640199 
0.63395 0.637605 7.14705e-005 0.318247 0.308255 
0.319878 0.31968 0.635679 9.50585e-006 0.633235 
4.33577e-005 0.537546 0.269276 6.19208e-005 0.802932 
0.712286 0.352454 0.35587 0.35429 0.352266 
0.946717 0.238877 0.236304 0.000165574 2.84086e-005 
0.539888 0.803007 2.31231e-005 0.000314 0.26521 
0.80473 0.00141473 1.09756e-005 0.267272 0.532903 
0.944308 0.000317445 0.238825 5.90482e-006 0.234454 
0.000500612 0.869466 0.2843 0.289804 0.285899 
0.286498 2.05722e-005 0.868872 0.292149 0.289385 
2.38519e-005 0.290847 0.290097 0.288877 0.867664 
2.77311e-005 0.449191 9.83199e-006 0.894635 1.32137e-006 
0.802545 0.532804 0.000222963 0.27106 8.28438e-005 
0.532085 0.270169 0.000116871 0.803973 1.9631e-005 
0.635224 0.313167 0.314777 0.634495 0.000244152 
0.318335 0.634867 0.316689 8.89165e-005 0.632662 
0.803018 0.000147755 0.535403 0.267236 8.69239e-005 
0.267525 0.00143314 0.535581 0.802071 0.00106537 
1.03199e-005 0.000161574 0.236361 0.945364 0.234541 
0.286087 0.868557 4.04393e-005 0.28972 0.293057 
0.636568 0.312272 0.00109115 0.632757 0.314562 
1.17794e-005 0.000600746 0.00101991 0.981475 0.1946 
0.270739 8.92992e-005 0.53886 5.10565e-006 0.810748 
0.234964 3.0341e-005 6.59259e-005 0.94732 0.234616 
0.80458 0.534955 0.000170967 2.45929e-005 0.269266 
0.800999 2.10582e-005 0.539592 2.80853e-006 0.26889 
0.313999 0.000108528 0.313395 0.639349 0.632728 
0.264625 6.52412e-006 8.9081e-005 0.814122 0.539882 
0.00130612 1.8025e-005 0.707402 0.712244 0.000217159 
0.000569667 0.239134 0.00111195 0.956467 0.237629 
0.352727 0.352333 0.349198 0.363853 0.705511 
1.33851e-005 4.04947e-005 1.30754e-007 1.00412 3.08394e-006 
4.135e-005 1.17719e-008 0.449442 0.897921 0.000185377 
0.234873 0.236144 2.79629e-005 0.000626774 0.945954 
0.316598 0.315674 0.00175728 0.630926 0.637225 
0.000233287 0.801673 0.000190892 0.536878 0.268075 
2.64884e-005 0.538669 0.000128266 0.800385 0.268055 
1.82407e-005 0.269964 5.48254e-005 0.536984 0.804372 
0.353921 0.354212 0.355622 0.717106 0.338929 
0.901777 0.000820454 0.000135208 0.447973 5.66367e-005 
0.872232 0.284658 0.284006 0.29125 2.37625e-006 
0.450488 4.24199e-005 0.000243449 4.80123e-005 0.894206 
0.000156023 0.57843 0.580681 0.580221 2.40061e-006 
0.287787 0.867413 0.290995 0.288223 1.27374e-006 
0.238696 0.943171 0.236545 6.04725e-005 2.84749e-005 
0.237447 1.68339e-006 0.944493 0.236841 2.83193e-005 
0.00019047 0.288316 0.292162 0.867732 0.283504 
0.00226781 0.000746618 0.269385 0.538742 0.807958 
6.85172e-005 0.316211 0.637778 0.635591 0.315181 
0.352825 0.709706 0.355876 0.353329 0.354781 
0.284579 0.000618524 0.286501 0.870747 0.287128 
0.535132 0.801988 0.268911 1.00292e-005 0.00308815 
0.945869 0.000832541 0.000143265 0.234109 0.235309 
6.50719e-005 9.70762e-007 5.22824e-007 0.708248 0.710491 
7.12447e-011 9.03467e-013 2.66942e-008 2.6665e-009 1.0012 
0.197636 0.990542 8.47771e-005 1.28336e-006 0.000139478 
0.870038 0.000473302 0.284794 0.289339 0.28639 
1.51949e-005 0.899116 1.64734e-005 0.449578 1.38615e-006 
0.000136795 0.631317 0.317668 0.63495 0.313778 
0.269853 1.90063e-005 0.804524 0.539263 0.000333829 
0.536095 7.45598e-006 0.267183 1.1718e-005 0.803502 
5.88659e-008 3.11681e-005 0.267654 0.806921 0.534745 
0.314207 0.633439 0.637261 3.07378e-006 0.317325 
0.98726 0.00281371 0.195835 0.000293002 2.09996e-006 
0.290981 0.290726 0.289327 7.62348e-005 0.870543 
0.294492 0.00132096 0.292578 0.291926 0.873996 
0.87086 0.290796 8.64723e-005 0.289181 0.28533 
0.000532514 0.267412 0.537098 0.80201 8.31311e-005 
2.26584e-006 8.14216e-010 0.538356 0.804051 0.260035 
0.000203358 0.196441 2.88983e-005 0.981454 1.4847e-006 
0.195516 6.39076e-007 0.982084 4.35655e-005 9.42445e-006 
0.945869 0.238701 0.000147315 0.237144 3.19888e-005 
0.322501 0.636717 0.319329 0.626322 3.51366e-005 
0.287625 0.287558 0.867598 0.289672 0.000108889 
1.94647e-005 0.197697 0.984813 2.75859e-005 3.90974e-005 
0.000150262 3.47784e-005 0.894655 0.448494 1.00762e-006 
2.57695e-005 5.44636e-006 0.578114 0.579134 0.57775 
0.196417 0.000366633 0.000126542 0.981333 1.93039e-005 
0.267998 0.535697 0.804102 3.07777e-005 4.57864e-005 
0.000632076 0.00061486 0.235428 0.239033 0.947067 
0.236056 0.000840168 0.000384569 0.239606 0.948129 
0.804886 0.000144907 0.267976 0.536175 0.00106857 
0.269198 0.00230969 1.75959e-005 0.539114 0.80311 
0.358461 0.355507 0.708394 0.355123 0.353289 
0.00113743 9.759e-006 6.1024e-008 0.448603 0.895225 
0.709378 0.000175514 2.51155e-005 1.49414e-006 0.705984 
0.23639 0.945457 2.57508e-006 0.0033748 0.232698 
0.000472443 0.000685208 0.709275 6.5051e-005 0.708499 
9.72442e-007 3.94766e-008 1.00106 6.71268e-008 3.55125e-006 
0.805423 0.269583 2.17136e-005 0.00019623 0.538783 
0.241903 0.959959 8.95078e-005 0.240243 1.3382e-006 
0.709789 0.000663966 0.705784 0.000104752 0.00100946 
0.00194581 0.238033 0.233519 0.946153 0.000336461 
1.9339e-005 0.238399 0.946124 0.2366 4.36272e-005 
0.00104662 0.809433 1.73447e-005 0.266377 0.540862 
0.821548 0.273455 0.545726 9.75981e-005 1.22098e-005 
0.29012 0.286647 0.290342 0.86978 0.000409792 
0.000217507 0.315391 0.319598 0.633123 0.632159 
1.78587e-005 2.13437e-006 0.195176 8.64364e-006 0.981516 
0.640681 0.320199 6.46122e-005 0.319877 0.641662 
0.000153548 0.000162839 0.192675 0.983804 9.45439e-006 
0.000527764 0.640573 0.312745 0.322808 0.629804 
7.45124e-005 0.579577 0.000136866 0.580462 0.574831 
0.000320551 0.94424 0.236058 1.68255e-007 0.233006 
0.446343 0.898792 9.56588e-006 8.14227e-005 2.07814e-006 
0.287966 0.869182 0.293702 0.00292392 0.284448 
2.12616e-005 0.579801 0.57667 0.000109384 0.577225 
0.000612203 0.954107 0.240344 0.239675 0.00106389 
0.539909 3.02601e-005 3.48214e-006 0.269247 0.805 
0.000218832 0.241161 0.943661 0.000333834 0.236431 
0.000587117 0.535629 0.803002 0.263987 4.51201e-005 
0.000258935 0.198285 9.24946e-008 1.81469e-005 0.992412 
0.232741 1.54563e-006 0.23274 0.947228 3.29024e-006 
0.579696 0.580262 6.27124e-005 0.575745 1.9845e-006 
1.33442e-005 0.533382 0.270872 0.805182 5.32965e-007 
7.56622e-005 0.898288 5.45815e-005 4.00858e-006 0.449841 
0.266843 0.80127 0.538211 4.71686e-005 0.00104921 
0.899028 0.441026 0.000179122 3.02326e-005 1.77694e-005 
0.946063 0.235501 0.000160897 6.87255e-005 0.23591 
3.50808e-005 1.0006 8.39827e-005 1.27133e-006 4.857e-006 
0.537876 0.00171922 0.803091 0.000128364 0.265186 
2.53125e-005 0.708509 7.69565e-005 0.710757 4.57806e-006 
0.000882085 0.803735 0.537401 0.26645 5.01006e-005 
0.582701 5.27806e-005 0.578438 8.17108e-005 0.580421 
1.83035e-005 1.58175e-007 0.981802 0.196127 2.56467e-005 
0.000103381 0.708927 0.709197 0.000116584 8.65162e-005 
0.000248732 0.895886 0.447472 4.71284e-005 0.00113045 
0.269378 0.805316 0.00135975 9.11416e-005 0.536616 
0.28065 0.288695 0.00305009 0.288819 0.871123 
0.708583 0.709217 7.13279e-005 0.000292795 2.07611e-006 
0.000229947 0.268238 0.000127466 0.804385 0.532895 
0.195457 1.04691e-006 1.88969e-005 1.89626e-005 0.984273 
0.982481 0.000329967 4.49181e-006 3.7863e-005 0.195566 
0.537657 0.000193204 2.35071e-005 0.803006 0.259697 
2.40264e-005 2.42759e-005 0.450213 7.81649e-006 0.894258 
0.000156881 4.35737e-009 0.80578 0.539147 0.268311 
5.51007e-005 0.268854 0.536259 5.85276e-006 0.801199 
0.318441 0.315239 0.63221 0.634459 2.82382e-005 
7.72054e-005 0.981611 7.11978e-005 6.34105e-005 0.19643 
0.80796 5.49132e-005 0.000234383 0.537445 0.264132 
0.270771 1.11072e-005 0.803654 0.000376021 0.535588 
0.63248 0.000212587 0.314908 0.317928 0.6344 
0.000864708 0.80378 0.262206 0.538125 5.70182e-005 
0.525561 0.00048676 0.26248 0.812975 0.000186344 
0.268815 0.536135 0.00210997 0.000152608 0.801685 
0.804533 0.000280695 0.267572 2.8777e-005 0.534704 
0.285335 0.287019 1.13102e-005 0.871791 0.280427 
0.00059046 0.541295 3.49108e-006 0.269939 0.807067 
0.579264 5.26108e-005 0.000160544 0.580149 0.576209 
2.06587e-005 0.23654 0.235262 0.000992559 0.943672 
3.4493e-008 3.0049e-006 0.000120208 0.911684 0.456984 
0.000102093 0.944661 0.000368675 0.238068 0.233767 
0.238872 0.00107732 0.946706 4.59454e-005 0.230277 
6.50358e-005 0.531092 0.807096 0.000208548 0.267827 
0.000338826 0.268987 0.803395 0.535941 4.96452e-006 
0.000117788 0.289616 0.864925 0.300665 0.286191 
0.000510138 0.45208 0.000164875 2.60393e-005 0.897365 
0.708217 6.43227e-005 0.000195589 0.709298 0.000446733 
0.315566 5.01059e-005 0.634674 0.633963 0.319565 
0.000116576 0.316054 0.634659 0.317674 0.635401 
6.59506e-005 0.802952 0.269828 0.000194813 0.537614 
0.63041 0.631161 0.328217 0.317303 0.000195527 
0.808913 0.537256 0.259083 1.15315e-005 0.000269581 
0.454477 7.68185e-006 0.904007 2.50018e-006 4.94595e-006 
0.634734 0.633105 0.315637 9.37957e-005 0.313736 
0.636736 0.313299 0.317049 3.17066e-005 0.632621 
0.000103034 1.84985e-005 0.536054 0.269763 0.804955 
0.534911 0.266818 3.06594e-005 3.10495e-006 0.803998 
0.267285 0.537594 1.36483e-005 0.800806 8.33315e-005 
0.237574 0.237316 0.945545 4.59135e-005 1.36877e-006 
0.236438 0.234633 3.00158e-005 0.951162 7.3005e-005 
1.60936e-005 0.985987 5.52196e-005 0.197379 0.000102355 
0.577266 0.582009 0.580533 3.09224e-005 1.78246e-005 
0.909775 0.00012365 0.0002458 7.72059e-006 0.451307 
0.634276 0.318147 0.632243 0.316309 8.84295e-005 
0.712863 0.000130621 0.0555391 0.316842 0.644157 
3.3769e-005 0.963187 8.08424e-005 1.22152e-006 0.270228 

