0.000257562 5.78625e-005 3.02855e-005 5.04989e-005 0.904497 0.000143993 0.000610165 0.453795 
0.00112605 0.45876 0.000156283 0.903069 0.00139074 0.0010068 0.00146907 0.000192493 
0.00114529 0.00086629 4.30814e-008 0.453867 0.901508 7.98801e-006 0.000414636 1.72636e-005 
0.589906 0.000109248 0.000689783 0.581285 0.0047518 9.85842e-005 0.579327 0.000278527 
0.00303369 0.000120432 0.580974 0.584037 0.00038558 0.00157645 8.2198e-005 0.58456 
0.90519 0.000114891 0.451809 3.46397e-005 0.00143208 1.1723e-005 0.00157404 0.00213772 
0.588188 0.00542957 0.00119741 0.000180484 3.3887e-005 0.578586 0.580701 0.000195288 
0.133489 0.133233 0.697123 0.111347 0.662176 0.134677 0.11557 0.116049 
5.65128e-007 4.3557e-007 5.67962e-005 7.91085e-007 1.01138 9.09396e-006 0.00014122 1.97276e-005 
0.00204365 0.594885 0.569563 0.00289763 0.00253815 0.581008 0.000218522 0.000463403 
2.80213e-007 1.64287e-005 2.32065e-008 1.69258e-005 0.451513 0.906708 0.00024914 4.45441e-005 
3.98517e-007 3.45169e-005 1.27583e-006 0.00125641 0.899305 0.453412 0.000223524 0.000545794 
0.0014112 0.584133 0.000783379 0.000935643 0.591762 0.00343975 0.583268 0.000207927 
0.581796 0.5813 7.86712e-006 0.00106631 0.000243396 0.000337358 0.000483806 0.582913 
0.00327414 0.450473 0.000142128 0.000138224 2.59524e-005 0.901573 0.000560552 0.00053251 
0.144554 0.674361 0.145779 0.110115 0.125759 0.109409 0.684365 0.090113 
0.591649 0.00381467 9.78502e-006 0.000767107 6.87558e-006 0.585672 0.00127458 0.584218 
1.08889e-005 1.85592e-007 0.00172856 7.30174e-006 5.83545e-007 0.908213 0.451159 9.9587e-006 
0.0799302 0.0876434 0.140882 0.184394 0.135734 0.0643584 0.697406 0.670622 
0.462446 0.000256925 0.000559613 0.000424917 0.000296794 0.000693102 0.915604 0.000251358 
0.000127022 0.0082306 0.591039 0.0112772 1.05706e-005 0.577755 0.581794 0.0038376 
0.590269 0.000299701 0.00390492 0.000413391 0.00115963 0.000901761 0.580499 0.580513 
0.00136956 1.56894e-005 0.455613 0.000434247 0.000446542 2.97084e-005 0.903861 0.0001298 
5.17712e-010 2.67203e-008 1.66817e-011 1.12977e-010 5.59846e-010 2.52905e-009 3.11478e-009 1.00881 
0.149469 0.145311 0.105834 0.144305 0.139745 0.0615902 0.94944 0.120405 
0.11819 0.117376 0.965397 0.134614 0.0943976 0.135974 0.0981871 0.116659 
0.450995 0.000362866 0.00158293 0.000138515 0.000270997 0.901466 0.000832983 0.000239631 
0.000387022 0.451765 0.00145272 8.87562e-005 0.907961 2.87619e-005 0.000106983 0.000103027 
0.580063 0.0034 0.580359 9.78589e-005 0.59271 0.000165798 0.00162796 0.00167592 
0.0235813 0.10697 0.696197 0.109962 0.131734 0.109265 0.688711 0.108223 
0.00035898 0.458026 0.000555626 0.000226933 3.3343e-005 0.000690998 0.906464 0.000218968 
0.585394 0.00348376 0.000190601 0.586066 0.581743 0.000152032 0.00059694 0.000545488 
5.32065e-005 0.00179761 3.04641e-005 2.47132e-005 1.76568e-006 0.000322392 0.901973 0.449759 
0.000650289 0.912058 4.21802e-005 0.00254636 0.000492714 0.451031 0.000213503 0.000220636 
0.195473 0.148102 0.20029 0.636382 0.678373 0.120922 0.136466 0.132815 
0.000973964 0.592151 0.000105368 0.00034603 0.00114656 5.25844e-006 0.582306 0.582336 
0.459305 1.50108e-006 0.000155614 0.000141917 0.898867 1.55297e-005 0.000414678 1.72654e-005 
0.00144932 0.585168 0.000201993 0.585831 0.581511 0.000230252 0.000600533 3.69449e-005 
0.129425 0.128288 0.673585 0.685282 0.122321 0.134612 0.115478 0.115993 
0.589303 0.576314 5.61046e-005 0.00353316 0.000273224 0.592383 0.000149931 9.14709e-006 
0.00167443 1.15781e-005 0.589336 0.580725 0.00474723 0.00159999 0.57877 0.00027826 
0.00173278 0.910569 1.17714e-005 0.000339519 0.00046042 0.000288728 0.00016319 0.449081 
0.00319289 0.577391 0.580472 0.594153 0.00119511 0.000323075 2.71772e-005 6.06638e-005 
0.00193082 0.000131627 6.66528e-006 6.1797e-007 0.588841 0.590881 0.588043 5.83667e-005 
0.683687 0.13465 0.124665 0.108816 0.126115 0.685096 0.113067 0.130831 
0.0998385 0.106826 0.123628 0.117252 0.105794 0.976302 0.112767 0.111836 
0.115418 0.114101 0.139903 0.654587 0.176942 0.142402 0.693833 0.127239 
0.585732 0.00695959 0.59284 0.000111301 0.00478188 2.25018e-005 0.580366 0.000100833 
0.0121334 0.000526843 0.592589 0.000778536 0.585591 0.00156957 0.57496 0.000168998 
0.642311 0.14554 0.173583 0.135161 0.151887 0.15241 0.682987 0.132044 
0.000815744 8.91171e-006 0.911709 0.452136 0.000730242 0.00114584 0.00246218 0.000217427 
0.12895 0.13555 0.184339 0.147582 0.137818 0.711906 0.641347 0.0972632 
0.458683 0.00130604 0.906207 0.00123921 0.000804422 1.5341e-005 1.72706e-005 0.000106778 
0.5889 0.00153142 0.00511515 0.581726 0.000955946 0.000103215 0.00170437 0.584943 
0.90854 0.0101313 0.00208085 0.00703634 0.00130822 0.000747044 0.449573 0.000426135 
1.31993e-005 0.00171072 3.71433e-005 0.58934 0.000140734 0.00104197 0.584373 0.58367 
6.42157e-005 0.000513355 0.906563 0.000645343 0.00048779 0.00025635 0.001714 0.451346 
0.000126571 0.589791 0.0122919 0.583813 0.00249133 0.000146262 0.584923 0.000283123 
0.115491 0.112736 0.151475 0.147256 0.688177 0.670292 0.127824 0.115645 
0.0917678 0.0669239 0.0940369 0.666444 0.169806 0.696438 0.136197 0.132746 
0.00015211 2.85208e-006 9.77116e-007 1.01055 3.35234e-007 4.39258e-005 5.93434e-005 4.88398e-005 
0.591308 0.00182486 0.00064012 0.000156729 0.585146 0.000167445 0.00046423 0.584468 
0.456509 0.00142102 0.00325495 0.901625 1.95049e-005 0.000199133 0.00248669 0.000629561 
0.584808 0.00398516 0.581764 0.00395044 0.00247996 0.587317 0.00144633 0.000295342 
0.0718747 0.0550154 0.0906809 0.0937078 0.121141 0.111029 0.0995833 0.982859 
0.00700788 0.904231 0.000113046 0.000407819 0.448286 0.00411131 8.21281e-006 6.54818e-005 
0.000429665 1.48591e-005 0.908526 0.000593452 0.451267 9.45769e-005 1.85897e-005 0.00024872 
0.00267565 8.56242e-005 0.459106 8.93956e-006 0.916823 0.000162659 0.000124321 0.000283488 
3.7861e-005 1.0092 4.66726e-005 0.000719736 0.000676732 0.000301954 0.000163422 0.000219646 
0.143699 0.110181 0.676088 0.116238 0.176142 0.176279 0.123199 0.672946 
0.116694 0.0851019 0.119579 0.69861 0.14783 0.147969 0.0897026 0.665135 
5.32708e-006 0.00119961 3.8634e-005 0.904259 0.000786609 0.451136 0.000274546 0.00024238 
0.00675354 9.10864e-005 1.11656e-006 0.580605 0.582937 0.587007 0.00157426 0.000392035 
0.00166942 4.01324e-005 0.58773 0.579143 0.0047343 0.587765 0.00358155 6.35758e-005 
3.16877e-007 0.000121738 0.45264 5.01325e-005 0.000210927 7.41404e-005 0.000727978 0.902801 
3.42688e-012 1.46388e-010 1.4419e-010 2.00842e-010 2.71551e-008 1.0135 1.64067e-006 1.49037e-006 
0.108332 0.090321 0.133011 0.178869 0.684279 0.135165 0.675304 0.132469 
8.56031e-005 0.00292061 0.00014769 0.907236 0.448209 2.79979e-005 0.000117089 0.000196336 
0.112299 0.666831 0.156219 0.139903 0.144719 0.134408 0.164826 0.676648 
0.588016 0.581987 0.00147068 0.00101942 0.581003 0.000230985 6.49797e-006 4.80967e-005 
0.586401 0.585703 0.000280824 0.579269 0.000695366 1.59231e-005 0.000412976 0.000115599 
0.122166 0.672024 0.171689 0.130107 0.146477 0.672424 0.118219 0.128401 
0.00200017 6.91718e-005 0.59308 0.588093 0.585137 0.00012542 0.00131398 5.91325e-005 
2.54198e-005 0.00332511 9.85777e-005 0.454773 0.000102621 5.20256e-005 0.000267901 0.904616 
0.00167677 0.000419106 2.91509e-005 0.000350956 0.000759667 0.905775 0.00145664 0.451444 
0.00251509 0.909586 0.000136558 0.452644 0.000535938 4.50735e-005 5.34745e-005 6.09988e-006 
0.111578 0.961617 0.110331 0.110405 0.0914872 0.119818 0.124936 0.132533 
0.10618 0.0876009 0.11649 0.973742 0.0894942 0.096557 0.124796 0.106241 
0.132786 0.11431 0.652859 0.109365 0.174829 0.7009 0.116986 0.129794 
3.5269e-005 0.00157807 4.3935e-006 0.591349 0.000306146 0.589447 0.000124591 0.569201 
6.36771e-007 1.75897e-005 1.67746e-010 0.454603 0.000685114 1.90486e-006 0.898196 4.49813e-005 
0.00117244 0.591134 0.577835 0.00407215 0.000833298 6.82669e-005 0.000479094 0.580202 
9.07661e-008 1.08707e-007 2.54517e-005 1.14898e-006 0.45361 1.88065e-006 0.902497 6.54351e-005 
0.00232261 9.21753e-005 0.445458 0.00126515 5.6414e-005 0.903214 0.000168417 0.000239396 
0.59294 0.585546 0.000993179 0.00298159 0.00109948 0.0023783 0.582689 0.00100643 
1.01384 3.06436e-006 0.00120839 0.000310057 0.000570705 9.27528e-005 2.32812e-005 4.91463e-005 
0.00188989 0.588294 0.588897 0.000856498 0.586087 0.000650276 0.000252451 0.00058687 
0.00238987 0.906593 0.000110778 0.00101733 0.00120502 4.01378e-006 0.453772 0.00462744 
0.000153725 1.41004e-005 0.572773 0.0016945 0.586535 0.588911 0.002169 0.000781367 
0.690734 0.133263 0.125855 0.673499 0.121585 0.140869 0.122308 0.116056 
0.000237563 0.00022883 0.58495 0.00149098 0.582865 0.00174052 0.00343707 0.584389 
0.908756 0.00255568 9.90384e-006 0.000866155 0.446305 1.06263e-005 0.000236784 0.000237527 
0.00257364 0.589194 0.000240635 0.000557431 0.5816 6.69943e-005 0.00111334 0.586207 
0.000100684 2.55607e-006 5.08788e-005 5.64079e-006 1.69703e-007 0.450905 8.13559e-005 0.901133 
0.90378 0.00281274 1.58093e-005 0.00324411 0.00100046 0.455256 0.000601751 0.000237876 
0.00299328 0.584404 0.00882323 0.00248336 0.00081546 0.587504 0.000949234 0.582751 
2.42037e-005 0.456884 9.12743e-005 0.00033098 0.000256994 0.000124215 6.3971e-005 0.906465 
0.674193 0.152869 0.167347 0.135987 0.14179 0.158632 0.120371 0.668744 
6.08664e-007 0.000213132 0.907019 4.01343e-005 0.000425305 0.455803 7.53578e-006 5.71932e-006 
0.00146124 1.09048e-005 8.66508e-007 0.000504843 0.452032 6.95445e-006 0.0001857 0.903216 
0.00191002 0.00159929 0.458419 0.902969 0.000341333 0.000323625 1.41138e-005 6.46967e-007 
0.677654 0.161823 0.6819 0.135045 0.0929132 0.130446 0.131371 0.128396 
0.583708 0.00364032 0.00111512 0.000562781 0.578292 0.00127471 0.588696 0.000736524 
0.00142594 0.58458 0.000201288 0.587615 0.00261011 0.585234 0.00300679 5.93865e-005 
1.89712e-005 0.000241642 0.912077 0.000211593 0.00027796 1.39821e-005 0.451111 0.000238825 
0.00168778 0.00129821 6.71799e-007 0.450505 0.00126525 0.901626 0.000560586 0.000552482 
5.57816e-005 1.43322e-008 0.000106414 0.00235101 0.590636 5.44837e-005 0.576379 0.579925 
3.72718e-005 0.0026182 0.587269 0.000154229 1.16597e-005 0.587809 0.00045299 0.583453 
0.0090765 0.588128 0.000814398 0.000180479 1.05168e-005 0.578571 0.580686 0.000195283 
0.136412 0.683722 0.670601 0.118276 0.151403 0.122053 0.136186 0.115816 
0.129853 0.696978 0.106697 0.676977 0.0998202 0.134137 0.119039 0.129677 
0.142012 0.112843 0.154256 0.163073 0.683875 0.0933421 0.0889188 0.675537 
0.00317423 0.000127154 0.584573 0.00101923 0.000362563 0.000870626 0.582046 0.582443 
0.00523193 0.586103 0.0012265 0.00162028 0.582945 0.591618 5.0813e-005 2.03424e-005 
1.60605e-005 0.00110504 0.00110305 0.584968 0.00102673 0.585407 0.583129 0.000366293 
2.90854e-007 6.62429e-005 1.20512e-006 0.911808 0.00184384 0.00010039 0.450969 0.000240528 
0.455772 0.908203 0.000329221 0.00115771 0.00102213 8.82841e-005 0.000169631 0.000687228 
0.68908 0.679666 0.110308 0.134034 0.0926252 0.119041 0.125137 0.132383 
0.00132892 0.00132188 0.00304762 0.9054 0.000892037 0.000595607 6.28666e-005 0.448567 
0.967203 0.478052 0.00207066 0.000630971 0.00111037 0.000237599 0.00154918 4.78063e-005 
0.000402887 0.581319 0.00122789 0.582001 8.15328e-005 0.00240436 2.23385e-005 0.582453 
0.911426 0.00104423 8.79298e-005 0.00107294 0.00030748 0.000289303 0.000152219 0.449475 
0.122306 0.0887638 0.15181 0.133204 0.171917 0.697994 0.100887 0.662301 
0.125292 0.104075 0.149218 0.124209 0.96846 0.1079 0.122899 0.0529375 
0.591323 0.00554391 0.577495 0.581419 0.00301813 0.000112173 7.89261e-005 0.000626289 
0.0814423 0.71175 0.0747975 0.118932 0.661563 0.135618 0.125199 0.128279 
6.99346e-006 0.000163848 1.43262e-006 1.72966e-007 0.904318 7.79646e-005 0.450775 4.60366e-005 
0.000846513 0.000172179 2.06776e-005 7.05274e-007 1.72449e-006 0.453995 0.900649 6.7986e-005 
5.67252e-006 1.64367e-007 0.000578136 0.000129397 3.88113e-008 0.593889 0.588873 0.586005 
0.000953964 0.000425961 0.000522337 1.89054e-005 0.579714 0.584007 0.00128041 0.58171 
0.585773 0.00721533 0.00882304 0.00245062 0.588804 0.580031 0.000243696 0.000144473 
1.67866e-006 0.000578878 1.01437 0.000112371 0.000458537 3.78171e-005 0.000260135 5.71518e-006 
0.0013561 0.00104549 0.000121563 0.589537 0.578117 0.00226073 0.579294 2.75345e-005 
0.459283 0.00086221 0.00168309 0.00012632 0.000389441 3.88183e-006 0.00267761 0.904749 
1.86799e-007 3.70022e-006 1.94188e-005 1.89513e-008 3.15555e-008 2.99779e-006 0.450958 0.904885 
0.000548957 0.585959 0.586634 0.00374217 0.00244423 0.000146119 0.580527 0.000281154 
0.586693 0.577925 0.583674 5.88452e-005 0.000959038 0.00410558 0.00114234 2.25432e-005 
0.00221365 0.907756 0.45495 0.000797217 0.000988904 0.000221387 0.0015798 0.000283933 
0.00219905 0.452703 0.904267 0.000663109 3.70881e-005 0.000218727 1.40425e-005 0.000275506 
0.00199059 3.86967e-005 2.49906e-005 0.578626 0.5883 0.000771647 1.545e-005 0.591769 
0.583307 0.00403617 0.000200853 0.5857 0.00260304 0.583454 0.00299831 5.9219e-005 
0.66436 0.132441 0.132091 0.1389 0.685721 0.135752 0.132882 0.112421 
0.910399 0.00257407 1.64806e-005 0.450187 0.000545852 0.000301027 0.00248126 0.000197619 
0.964926 0.0900888 0.127563 0.102864 0.0716292 0.1358 0.118406 0.125342 
1.94938e-010 7.63907e-013 4.61638e-012 2.76959e-008 3.99987e-011 1.58062e-009 1.01118 4.5182e-005 
0.625847 0.00193869 0.62733 0.00441511 0.000310303 0.000147564 0.000513574 0.621958 

