0.037136 0.382548 0.0829097 
0.125261 0.377282 5.73205e-006 
0.0412338 0.0412654 0.418764 
0.293929 0.165959 0.0426034 
0.0437366 0.251373 0.208623 
0.3355 0.0828591 0.0842223 
0.125414 0.000158909 0.375699 
0.167549 0.335035 5.43206e-010 
0.123648 0.293133 0.0843939 
0.166821 0.167062 0.167371 
0.167501 0.251079 0.0839023 
0.209122 0.250203 0.0420054 
0.249417 0.0435369 0.210709 
0.0825229 0.0427142 0.37837 
0.418698 0.0406281 0.0421952 
0.249742 0.167889 0.0835635 
0.0837048 0.168094 0.252577 
0.0410997 0.459234 0.0010721 
0.375785 1.57572e-006 0.125562 
0.0838777 0.376215 0.0410601 
6.48532e-006 0.0831455 0.420789 
5.8414e-005 0.418509 0.0837879 
0.208379 0.0420436 0.251227 
0.168364 0.041099 0.292968 
0.251157 0.251415 5.43193e-010 
0.0834602 0.417908 9.46924e-008 
0.166124 0.292989 0.041986 
0.291874 0.208197 0.00241127 
7.45028e-005 0.250171 0.25109 
0.292185 0.0401903 0.168932 
0.416912 0.084268 0.000137771 
0.168172 0.123317 0.209765 
0.291316 0.000120573 0.209696 
0.0838295 0.0834002 0.335286 
0.1256 0.334998 0.0421587 
0.210323 0.166137 0.125992 
0.127887 0.208882 0.167275 
0.376974 0.08352 0.0408987 
0.25383 0.204484 0.0430664 
0.20785 0.125926 0.168686 
0.250638 0.000111286 0.250483 
0.0429061 0.207495 0.251213 
0.0805772 0.211457 0.210543 
0.0404435 0.0845434 0.377556 
9.66823e-010 0.0418528 0.460563 
0.083606 0.126128 0.291486 
0.084612 0.291691 0.126161 
0.374661 0.0421826 0.0843709 
0.375213 0.125011 0.000903502 
0.459016 1.86003e-006 0.042252 
0.333598 0.000303488 0.167278 
0.00113126 0.124333 0.375832 
7.72979e-009 0.334615 0.16814 
0.334343 0.125184 0.0418061 
0.125453 0.167042 0.208765 
0.208755 0.208916 0.0836134 
0.165868 0.0854912 0.251225 
0.0417815 0.332486 0.126998 
0.293051 0.0830961 0.125037 
0.167221 0.00021552 0.333848 
0.0387015 0.419488 0.0442882 
0.125206 0.0420524 0.335348 
0.124978 0.125305 0.251287 
0.501258 1.89792e-010 8.69026e-011 
0.208733 0.0834991 0.210348 
0.0404842 0.168449 0.293579 
0.457932 0.0418286 0.00136336 
0.248405 0.128262 0.124799 
1.15774e-008 0.501176 9.63068e-010 
0.0405777 0.000286594 0.460705 
0.250847 0.0839113 0.167809 
0.208567 0.291358 0.0026287 
0.0830902 9.68344e-007 0.418203 
2.62144e-005 0.16719 0.335264 
0.167588 0.208941 0.126039 
0.0426266 0.291126 0.168675 
0.0418068 0.124609 0.336214 
0.208574 0.00026428 0.292629 
0.125197 0.250283 0.125868 
0.124595 0.0876446 0.289324 
6.75026e-009 0.292212 0.209037 
1.07656e-013 7.7399e-014 0.502648 
0.293453 0.125058 0.0839598 
0.0895736 0.331951 0.0809746 
0.0840102 0.251289 0.165995 
0.33226 0.043301 0.125619 
0.420018 1.43801e-005 0.0841208 
0.335847 0.166608 0.00018869 
1.06197e-008 0.459717 0.0427677 
0.000278005 0.209347 0.292917 
5.25962e-005 0.376827 0.125476 
0.0854976 0.415759 9.46712e-008 

