0.671827 0.659582 0.125411 0.154789 0.12242 0.111946 0.0747049 0.12323 0.110652 0.118546 
2.30425e-008 5.43801e-060 1.04666e-033 6.59058e-009 2.37159e-026 1.0605e-047 6.61226e-014 0.894443 3.69477e-047 0.447221 
1.54945e-008 6.52507e-048 0.578262 0.57826 3.95742e-039 5.98369e-011 5.06516e-061 9.42195e-012 0.578264 6.76551e-101 
0.894453 1.93207e-108 3.0089e-011 0.447227 2.8564e-012 2.06627e-017 5.05814e-102 1.81397e-085 1.91328e-050 3.55031e-045 
0.653223 0.128135 0.0901033 0.0955759 0.108824 0.11034 0.107745 0.691353 0.116184 0.112308 
0.577361 2.07751e-175 0.577353 9.7626e-095 3.68461e-104 1.1911e-033 1.18599e-033 0.577359 1.10011e-046 2.97912e-065 
1.01151e-023 3.6739e-037 3.775e-016 1.40885e-008 6.39038e-009 0.577351 0.57735 8.42891e-010 6.69109e-041 0.577355 
1.54701e-008 0.577354 1.01307e-034 1.05418e-052 0 4.39626e-067 1.79783e-016 0.577353 1.15701e-074 0.577349 
8.60344e-024 3.21085e-016 1.19831e-008 0.447215 4.67841e-060 1.10101e-030 1.24315e-048 0.894428 2.86723e-045 2.46284e-026 
1.34705e-016 5.02727e-009 3.58654e-010 2.52009e-009 7.71589e-018 1.05149e-008 1.14868e-009 4.05964e-020 0.447278 0.894557 
2.41643e-015 1.02266e-008 1.1608e-008 0.577357 8.44571e-057 0.577348 1.64559e-027 0.577353 5.76516e-041 2.12344e-022 
1.54701e-008 0.577351 6.95707e-043 0 1.71091e-103 0.577351 8.13624e-056 6.15609e-032 0.577354 6.86009e-082 
9.16719e-009 2.48261e-012 2.20086e-008 2.44357e-009 0.894437 6.78449e-041 3.6931e-049 0.44722 3.26592e-110 1.53821e-033 
0.67806 0.116036 0.0932356 0.115208 0.107297 0.104477 0.671353 0.109056 0.109994 0.113296 
1.53169e-008 2.31256e-044 7.932e-098 6.37612e-011 2.17257e-009 0.577362 3.46066e-049 0.577359 3.61825e-036 0.577363 
0.57771 0 6.83388e-090 0.577705 0.577712 8.90667e-030 1.56856e-024 7.46567e-021 8.69449e-036 4.57834e-047 
0.120345 0.100935 0.678524 0.119602 0.107748 0.114437 0.0798629 0.102247 0.117301 0.667844 
0.577451 2.45904e-035 4.31721e-030 0.577448 5.6196e-055 6.15075e-043 0.577447 3.21157e-026 1.75782e-106 5.66255e-023 
4.14653e-016 1.54751e-008 0.577538 0.577534 0.580066 3.52132e-030 1.34111e-024 2.99976e-126 8.70445e-036 2.17911e-016 
1.19832e-008 0.447221 0.89443 8.68786e-052 2.77767e-036 2.75279e-037 4.42792e-023 1.466e-015 3.93639e-044 5.5156e-045 
0.120089 0.681947 0.0938323 0.66432 0.1111 0.137729 0.077618 0.108396 0.110291 0.1081 
0.57746 2.0614e-013 2.1738e-035 1.03419e-058 0.577459 0.577451 1.20552e-075 1.02439e-022 1.11884e-079 2.3445e-047 
0.577899 0.577912 7.0396e-055 2.96702e-026 2.26752e-018 5.71091e-015 7.85495e-014 1.64832e-036 5.94647e-055 0.577907 
0.577358 9.88847e-010 2.10745e-054 2.45178e-056 7.86124e-059 0.577349 2.1891e-025 0.577353 4.60541e-028 8.60866e-022 
1.19831e-008 2.24534e-041 7.91398e-037 0.447214 2.71813e-055 5.71988e-035 0 5.66608e-027 0.894429 3.4201e-018 
0.0623756 0.0611452 0.0645145 0.0543934 0.0741116 0.972963 0.0739422 0.0946606 0.103049 0.0923875 
0.113246 0.110175 0.112704 0.111151 0.685153 0.115402 0.0839101 0.115341 0.0829136 0.664775 
0.11586 0.10908 0.117491 0.102711 0.105033 0.11557 0.109339 0.656627 0.127584 0.684349 
0.134622 0.134593 0.655203 0.101743 0.10542 0.114038 0.690044 0.109274 0.111012 0.113078 
4.14565e-016 1.54718e-008 5.24583e-071 0.577416 0.577415 0.577407 2.67565e-074 1.02248e-022 6.22198e-055 2.10177e-047 
0.894429 1.66898e-031 3.50692e-017 5.25167e-127 9.79325e-047 2.59506e-069 9.18723e-027 0.447213 4.28801e-050 9.46273e-044 
8.36628e-017 3.12234e-009 2.16115e-065 1.14401e-008 1.72956e-009 0.447248 4.38698e-047 0.894497 1.11004e-109 1.08732e-045 
1.1983e-008 9.06324e-259 0.447213 0 1.54469e-022 6.43627e-031 3.77104e-053 5.89743e-016 0.89443 8.76784e-096 
0.11453 0.114065 0.679481 0.0989365 0.107659 0.114236 0.112051 0.116734 0.668004 0.111532 
0.102333 0.117287 0.108301 0.11936 0.107726 0.10071 0.647293 0.113068 0.69806 0.11322 
1.54709e-008 0.577383 3.24524e-054 1.42394e-048 2.16813e-047 0.577384 8.00932e-047 0.577424 1.21608e-109 1.05187e-043 
6.43859e-016 2.40292e-008 0.896782 1.26341e-054 4.39192e-019 7.40332e-035 6.11937e-055 1.56592e-018 0.448391 9.56575e-047 
0.894432 7.4593e-029 3.30976e-014 2.99736e-061 2.31797e-038 1.03067e-044 1.0333e-021 8.97586e-217 0.447216 4.36164e-081 
1.5197e-008 2.89385e-009 1.01934e-097 0.577353 2.14661e-040 4.92982e-041 7.92407e-076 0.577351 1.62127e-066 0.577352 
0.0873536 0.0922147 0.677254 0.667444 0.118139 0.147401 0.113189 0.0966649 0.115799 0.0933405 
0.114708 0.651765 0.0626342 0.116483 0.130577 0.100018 0.694621 0.108296 0.110443 0.113103 
0.116531 0.663311 0.673025 0.0883977 0.110536 0.111606 0.150647 0.119356 0.110241 0.109476 
1.54701e-008 5.34996e-016 0.577354 1.25363e-045 0.577355 7.16005e-067 8.28107e-021 0.577355 1.42158e-072 1.64778e-020 
1.55561e-008 0.58056 0.580551 3.35612e-045 5.14166e-075 2.79896e-050 0.580562 1.63604e-017 3.71505e-035 3.89285e-100 
0.447215 2.10323e-054 2.41362e-042 1.07477e-115 1.34746e-047 0 0.894428 4.59648e-013 5.22711e-036 7.77647e-045 
0.578434 1.01641e-040 4.59371e-032 0.57843 2.42619e-036 3.67804e-031 1.47869e-036 3.01588e-011 0.578435 4.7092e-011 
1.69444e-008 9.63297e-023 2.74689e-010 2.36082e-046 1.69466e-008 2.41644e-046 0.894428 2.38251e-040 8.16767e-056 0.447214 
0.447217 3.58888e-029 7.92744e-021 0.894434 1.13672e-049 6.51813e-023 1.42162e-090 9.39468e-013 1.21125e-066 2.3344e-225 
1.54707e-008 0.577376 0.577379 0.577305 8.46767e-046 1.25828e-041 3.14615e-067 6.47439e-024 2.45195e-041 1.92158e-019 
0.577358 0 3.51469e-051 7.33766e-191 0.577345 1.4727e-036 8.00634e-047 3.26339e-012 0.577355 4.13448e-093 
1.09994e-008 1.08765e-008 0 0.577307 5.72147e-063 1.69518e-034 1.67541e-057 0.577397 0.577351 5.91816e-069 
0.577634 6.47601e-055 0.577629 5.2489e-034 3.34532e-036 0.577622 9.65538e-045 1.27996e-105 1.69286e-081 9.46382e-072 
0.105123 0.1051 0.103423 0.664506 0.0986653 0.695207 0.0756863 0.0876526 0.116215 0.111513 
2.6795e-008 5.51917e-038 7.88021e-040 5.35952e-040 7.53363e-014 1.2195e-109 2.71099e-019 0 1 8.80303e-029 
1.07925e-008 1.84609e-009 1.09299e-008 2.11748e-037 0.577382 3.96134e-068 0.577365 2.08171e-146 0.577377 2.59932e-014 
0.894445 6.02685e-054 1.5539e-011 5.3383e-041 4.25783e-188 3.0591e-010 0.447223 4.91862e-028 4.36171e-038 5.92708e-037 
1.19831e-008 0.447215 8.82868e-035 1.21618e-054 7.31089e-071 0 2.73404e-061 0.894429 1.07414e-089 1.38952e-039 
0.577994 2.27727e-013 2.43195e-017 6.34548e-077 6.36488e-014 0.577989 1.94556e-012 2.0416e-011 5.94677e-055 0.577989 
4.1453e-016 1.54705e-008 5.16074e-034 1.6264e-108 0.577367 1.21508e-012 0.577365 1.44548e-014 1.30316e-067 0.577368 
0.577359 0.577352 5.73813e-161 8.80656e-071 5.03304e-039 6.46414e-052 1.22733e-055 7.51419e-015 0.577355 5.95631e-069 
2.39661e-008 3.63206e-013 1.60556e-033 0.894429 1.03599e-054 1.8978e-041 1.34892e-039 5.51689e-127 6.01357e-044 0.447215 
1.54696e-008 1.14551e-013 1.12019e-010 0.577349 0.577362 2.28909e-057 5.1295e-028 0.577355 1.12989e-046 3.69347e-016 
0.447194 0.894444 5.39561e-030 1.07389e-017 5.93288e-063 8.33868e-068 4.11784e-239 2.25452e-072 4.23605e-063 1.01724e-079 
0.578499 0.578507 1.70942e-034 1.01307e-137 1.58091e-053 4.42855e-035 1.11914e-055 0.57852 6.56031e-090 8.65357e-043 
1.38686e-008 6.85451e-009 0.577352 7.07091e-056 2.13075e-034 4.23771e-164 0.57735 8.43756e-010 9.88274e-039 0.577355 
2.408e-008 0 0.898677 4.79123e-056 0.44934 2.29146e-029 2.03314e-039 5.12729e-013 4.62728e-028 1.26141e-084 
2.39514e-008 8.40402e-010 0.894429 1.41451e-027 6.68605e-018 4.23516e-040 2.05387e-013 1.06896e-042 2.8654e-043 0.447214 
4.09739e-016 1.52917e-008 1.1748e-009 2.02679e-009 0.577352 1.1167e-037 5.27223e-040 0.57735 0.577354 7.54972e-021 
0.577355 8.4859e-039 1.43008e-037 0.577351 1.22612e-040 2.75562e-010 2.32734e-015 7.54046e-013 6.62178e-069 0.57735 
0.578808 3.47517e-051 1.58956e-026 4.00899e-034 3.28124e-055 3.98942e-113 0.578798 1.68549e-032 0.578805 7.21659e-023 
0.577415 1.97729e-114 1.96818e-027 1.24675e-110 0.577405 2.18244e-041 1.13131e-039 1.9365e-012 5.41046e-044 0.577401 
0.577224 0.577196 0 0.577764 1.54805e-029 2.11577e-022 2.61306e-052 2.55608e-112 3.74247e-076 3.32202e-020 
0.072427 0.0724113 0.0712563 0.973789 0.0295551 0.0972056 0.0756534 0.0488258 0.0940709 0.0964872 
4.14518e-016 1.547e-008 3.23441e-069 2.1192e-027 6.56947e-041 0.57735 1.41108e-046 2.34148e-015 0.577351 0.577353 
8.56415e-009 8.36419e-009 5.38148e-010 2.40521e-093 1.36161e-157 3.29634e-039 0.447215 4.11943e-015 2.36196e-028 0.894429 
0.577357 1.77294e-017 2.42934e-017 6.10634e-085 2.70092e-013 4.36813e-049 1.39744e-012 0.577353 0.577345 6.51377e-020 
0.105617 0.103448 0.105458 0.666047 0.0878217 0.0803079 0.689644 0.104761 0.110478 0.111394 
5.30907e-010 7.89359e-008 0.577756 2.33689e-038 0.577757 0.577784 7.16334e-039 4.73383e-094 3.33998e-073 1.35196e-017 
4.1454e-016 1.54709e-008 5.17443e-072 1.09737e-011 0.577381 1.15885e-034 0.577382 0.577389 1.19059e-041 3.54921e-018 
2.67682e-008 1.69649e-098 1.19774e-009 2.39654e-178 1.864e-025 9.12473e-028 2.45529e-047 2.01514e-039 2.14149e-035 1 
1.46805e-008 2.51118e-009 4.18306e-009 1.47781e-104 0.57735 0.577351 3.00657e-143 0.577352 9.76621e-104 2.59158e-049 
1.54701e-008 0.577351 0.577355 5.58884e-038 2.1689e-055 0.577346 1.80542e-045 1.29984e-089 7.56466e-055 8.78556e-011 
8.8853e-009 1.26641e-008 0.577358 5.52828e-092 1.0394e-043 0 1.06409e-047 0.577358 0.577361 6.50739e-020 
0.0856215 0.0882613 0.0871415 0.0863163 0.704856 0.655844 0.0960645 0.0994226 0.110152 0.11307 
0.11758 0.668084 0.0915849 0.0971391 0.133768 0.677177 0.100691 0.108264 0.110156 0.107968 
1.54744e-008 0.577513 4.58351e-032 0.577509 2.42233e-036 2.08908e-025 1.47474e-036 3.00385e-011 0.577514 2.52133e-019 
0.66547 0.132513 0.0903842 0.111557 0.678267 0.111945 0.0747048 0.12323 0.110652 0.118546 
1.53618e-008 4.50432e-010 2.48365e-010 1.47174e-099 2.76708e-051 1.84591e-009 0.577755 0.577755 0.577758 6.51186e-020 
4.14516e-016 5.8558e-054 1.22337e-020 1.72554e-018 1.54701e-008 1.31362e-044 0.577352 0.577349 7.3929e-069 0.577353 
1.547e-008 0.577351 1.08003e-057 2.77436e-022 3.59834e-033 2.54849e-038 1.41108e-046 2.37462e-015 0.577351 0.577353 
1.19831e-008 2.68513e-027 0.447217 3.78824e-113 0.894431 9.79093e-058 1.48107e-039 3.86223e-056 1.17689e-060 1.02425e-091 
2.39665e-008 0.894443 2.41063e-030 7.36405e-083 5.2461e-017 4.1516e-040 4.42831e-018 2.27639e-014 3.18751e-043 0.447221 
2.39661e-008 0.894429 1.99513e-011 4.74233e-016 2.26384e-043 1.96652e-022 0.447214 5.49328e-013 1.63538e-089 2.2156e-062 
1.91656e-016 4.60216e-027 7.15272e-009 2.28739e-008 8.65772e-047 0.89443 0.447215 1.60423e-040 1.8791e-075 4.01023e-048 
4.15279e-016 1.54985e-008 0.578411 1.37967e-042 1.95875e-023 0.578414 0.578419 1.60714e-040 1.71726e-053 2.32814e-047 
0.577539 5.16305e-071 5.17493e-017 1.31036e-127 4.36297e-065 1.15552e-048 6.34961e-027 2.06516e-038 0.57754 0.577534 
8.20104e-016 1.55352e-008 1.44528e-010 6.99909e-054 2.14002e-064 0.579807 0.579805 0.579807 1.84101e-045 3.51167e-018 
2.39662e-008 0.894431 2.31032e-142 2.99889e-027 5.33032e-039 3.83228e-014 2.65687e-020 0.447211 1.09156e-049 2.50481e-034 
0.0830496 0.967408 0.0925369 0.0711459 0.0860238 0.0651179 0.106519 0.0855064 0.0911509 0.0876896 
2.39662e-008 3.21718e-021 8.59212e-033 5.50905e-272 3.46532e-013 0.894431 2.89284e-023 5.03058e-022 4.65284e-050 0.447215 
2.67949e-008 1.59064e-020 1.64401e-015 1 3.66645e-039 1.84687e-014 2.56086e-066 1.77485e-011 3.08018e-071 5.02346e-129 
0.577354 1.98706e-008 9.14894e-007 7.22664e-046 0.577355 7.16005e-067 8.28108e-021 0.577354 1.26431e-072 1.75342e-020 
0.667793 0.126745 0.674422 0.0888748 0.106361 0.112178 0.112931 0.119319 0.125257 0.101723 
0.577355 0 1.77214e-065 6.42257e-060 2.17206e-055 0 0.577354 0.577352 1.87808e-069 2.01026e-233 
0.12319 0.670679 0.091774 0.111939 0.10663 0.102668 0.110495 0.116372 0.0927022 0.678431 
1.19831e-008 8.84039e-037 0.447215 0.894429 1.13672e-049 7.11519e-025 1.56146e-076 9.31977e-013 1.19709e-066 2.33439e-225 
0.115923 0.0974263 0.10839 0.683596 0.113636 0.114873 0.112675 0.0810637 0.66735 0.108246 
0.108402 0.102058 0.106204 0.095054 0.0937199 0.102091 0.118423 0.679949 0.67054 0.111288 
0.959362 0.0823321 0.0464286 0.0896126 0.100544 0.095114 0.100771 0.100202 0.10668 0.112271 
1.6361e-016 3.81614e-019 3.75739e-016 1.52945e-008 2.33421e-009 0.577409 0.577405 4.77179e-014 0.577405 1.41978e-086 
0.577358 6.59371e-054 0.577346 3.87189e-085 3.17777e-036 8.8553e-038 1.84945e-066 2.03488e-091 5.11875e-055 0.577352 
0.44746 2.24735e-046 1.40594e-100 1.04011e-083 3.32165e-018 2.07627e-067 2.11187e-076 4.84805e-056 6.34333e-056 0.894907 
4.14643e-016 1.54718e-008 0.577415 2.19117e-046 7.95373e-057 5.49522e-030 0.577414 0.577415 3.87567e-071 3.49718e-018 
0.577351 2.72156e-190 1.06634e-030 0.577352 2.08695e-299 4.05839e-017 4.00373e-067 0.57736 6.15978e-091 9.21823e-040 
1.19831e-008 0.447214 1.66108e-023 8.22339e-232 0.894429 7.0451e-025 9.46971e-040 3.32142e-049 9.20078e-059 1.86728e-027 
2.40127e-008 0.896165 0.448089 2.11147e-087 7.53368e-051 5.97347e-036 8.25127e-025 9.33995e-013 1.25445e-060 6.30374e-079 
6.42175e-016 2.39663e-008 1.9717e-064 1.00379e-010 4.16776e-026 0.894443 2.63528e-054 1.56183e-018 0.447222 9.54081e-047 
8.54113e-009 3.62842e-161 1.25666e-037 8.54107e-009 1.20797e-064 0.450793 3.2552e-046 3.72397e-011 2.44955e-071 0.901585 
1.19831e-008 0.447217 7.94959e-021 0.894434 1.13672e-049 6.35181e-023 1.83594e-154 1.44113e-025 3.31218e-032 2.3344e-225 
0.0783253 0.0768567 0.0770689 0.0767591 0.0778847 0.0791343 0.0764981 0.968824 0.0907346 0.108029 
0.447222 2.36522e-028 6.09842e-009 1.09726e-044 2.35298e-039 4.70341e-058 2.53745e-039 7.43356e-048 0.894445 1.90405e-018 
1.54905e-008 3.73633e-011 3.31755e-045 0.578116 2.29991e-056 0.578116 0.578122 2.79097e-047 4.42466e-043 5.93373e-056 
2.67949e-008 4.06283e-044 5.80334e-146 1.49511e-046 7.11402e-063 1.07405e-137 9.81475e-088 1 3.96966e-038 1.7783e-075 
2.39666e-008 1.66379e-061 0.894445 5.35582e-041 4.25783e-188 4.53393e-010 0.447222 4.91862e-028 4.36171e-038 6.3093e-045 
2.39668e-008 0.894453 1.5483e-011 0.447227 2.85649e-012 3.50211e-017 1.31859e-096 9.71169e-087 1.59601e-050 5.49021e-037 
1.00001 0 0 0 0 0 0 0 0 0 
1.54704e-008 0.577362 1.926e-026 0 3.29539e-055 3.91142e-113 0.57736 2.07693e-014 5.345e-048 0.577363 
1.03487e-008 1.14993e-008 9.48233e-065 5.09308e-055 0.577359 0.57736 3.67182e-037 9.02082e-011 5.59426e-163 0.577362 
0.577362 3.4845e-107 2.58552e-026 2.97921e-067 3.29539e-055 3.91142e-113 0.57736 2.07804e-014 2.90945e-043 0.577363 
1.4663e-008 2.61108e-009 4.18517e-009 0.577367 0.577357 4.07428e-035 1.82032e-025 1.6736e-073 0.577366 9.53597e-040 
0.0864797 0.0913442 0.092577 0.0812627 0.0846227 0.0902962 0.967859 0.097374 0.108721 0.0929645 
5.42122e-010 1.19708e-008 0.447215 1.44964e-016 2.36492e-039 1.79597e-130 2.50088e-065 0 2.82231e-068 0.894431 
0.577364 8.73158e-039 3.40714e-037 9.55312e-043 0.577363 8.94332e-045 0.577365 1.44293e-013 1.70752e-079 1.4996e-055 
0.676752 0.108422 0.0925341 0.0981458 0.0865988 0.67688 0.100619 0.108216 0.110107 0.112224 
2.67949e-008 1.26015e-061 1 2.60651e-287 3.01301e-047 0 0 4.6667e-014 5.77451e-038 0 
4.1455e-016 1.54712e-008 9.47303e-012 0.577394 2.32567e-034 0.577395 1.96328e-016 0 1.83782e-050 0.577395 
6.09205e-024 6.33927e-040 2.27359e-016 8.48515e-009 4.0136e-058 4.47178e-138 8.46146e-009 0.447215 1.5033e-035 0.894431 
1.54702e-008 0.577357 4.29637e-068 2.62217e-022 0.577344 1.71122e-012 0.577352 1.10181e-123 3.30667e-032 5.10279e-068 
0.577357 0.57735 1.08207e-009 1.30684e-060 4.56111e-038 0 0.57735 5.27222e-025 2.10257e-056 3.42941e-020 
0.579008 8.76085e-039 0.579011 8.99041e-129 0.579031 3.62606e-030 3.60385e-089 1.52937e-015 1.75128e-079 1.0478e-026 
0.447215 1.29116e-033 2.96487e-036 8.3753e-096 1.18075e-055 0.894428 1.50142e-039 2.15207e-014 1.55155e-193 6.37308e-091 
0.894428 2.92756e-187 1.14713e-039 2.16115e-098 1.03017e-054 0.447214 1.5059e-039 2.67483e-124 1.71551e-035 2.17994e-064 
5.49202e-016 3.32806e-016 2.39661e-008 0.894429 2.29958e-033 1.24172e-011 4.39515e-018 0.447213 1.25133e-072 1.13669e-044 
1.55411e-008 0.580004 2.9152e-047 0.58 0.580006 3.5312e-030 3.84265e-043 1.31749e-089 1.18881e-054 1.25224e-039 
2.94104e-016 1.28835e-016 1.5924e-083 1.19831e-008 0.447215 3.42296e-043 0.894429 5.04238e-041 4.90008e-058 1.19429e-039 
0.104887 0.0996911 0.101104 0.121743 0.139638 0.675435 0.112043 0.112333 0.677042 0.114032 
0.577354 0.577346 0.577355 8.83864e-050 1.83104e-044 3.59147e-015 1.4468e-055 5.30659e-203 2.28467e-059 1.18035e-137 
2.39661e-008 1.18491e-259 7.15974e-022 0.894429 2.16478e-019 6.94031e-025 0.447214 2.66706e-036 1.28754e-066 2.12634e-022 
2.70205e-009 1.52324e-008 0.577355 0.57735 7.66384e-148 1.12948e-027 3.06739e-025 0.577366 5.1851e-028 2.35213e-088 
0.106781 0.112804 0.114193 0.110532 0.675849 0.113876 0.111715 0.672954 0.108278 0.0941314 
0.577351 3.47176e-037 2.87539e-042 3.33354e-096 9.41221e-020 0.577354 0.577359 1.24923e-038 5.19669e-036 7.3669e-045 
2.4132e-008 0.900618 3.01701e-057 2.50841e-047 1.13459e-016 0.450309 2.95467e-039 2.69334e-124 1.72732e-035 2.19652e-064 
0.578304 0.577691 2.4921e-064 5.19015e-110 0.576377 2.27505e-029 0 6.08591e-157 2.01768e-029 2.5041e-086 
2.49847e-012 1.68211e-008 3.2873e-029 4.5997e-062 1.7072e-008 1.14095e-050 0.894449 9.41727e-066 0.447225 3.75311e-084 
0.447219 1.71728e-014 0.894427 1.35272e-108 4.12469e-035 3.03725e-039 4.26968e-023 1.68306e-096 2.38284e-043 3.61111e-009 
1.27616e-008 7.67816e-045 0.476271 2.74992e-096 7.54779e-015 5.24894e-014 0.952542 1.24296e-038 5.5343e-036 1.49738e-016 
1.90599e-009 1.53532e-008 0.577387 4.8863e-085 1.56951e-062 0.577393 0 1.87888e-040 2.96674e-066 0.577391 
0.685973 0.0947738 0.0891237 0.126936 0.101668 0.114754 0.101526 0.11825 0.0942271 0.663466 
1.54703e-008 0.57736 9.69772e-054 0.57736 0 4.74029e-066 3.98328e-067 0.577368 1.10344e-090 4.51439e-056 
0.577361 2.93189e-037 0.577341 2.40523e-045 3.53837e-022 3.04191e-050 0.577361 1.48919e-017 4.75445e-050 6.91423e-045 
0.447215 6.77524e-037 8.99373e-035 6.20598e-108 7.29453e-071 4.59111e-101 7.34797e-041 0.89443 1.55614e-029 1.17642e-134 
6.42172e-016 1.71447e-099 2.39662e-008 3.79894e-111 2.07084e-070 0.894432 4.09044e-021 0.447215 1.18045e-035 6.3792e-020 
1.55827e-008 0.581556 3.91734e-026 3.16943e-049 1.14659e-013 0.581562 2.93352e-146 5.45067e-012 7.08951e-075 0.581518 
1.54777e-008 2.34071e-046 9.13368e-045 0.577634 0.577634 5.75151e-038 0.577635 1.4436e-013 1.70832e-079 1.4441e-055 
2.39662e-008 8.54544e-022 2.15473e-041 0.894431 1.46477e-070 4.16957e-043 1.16086e-011 1.34881e-047 0.447216 6.28593e-027 
1.54702e-008 0.577354 7.44803e-013 0.57735 1.03037e-053 1.42857e-031 0.577354 1.85319e-013 1.18948e-060 1.15991e-026 
2.39663e-008 8.62574e-021 3.85348e-074 0.894435 4.72974e-039 0.447217 1.52658e-055 4.9582e-023 5.85753e-076 3.48117e-014 
1.547e-008 2.18542e-046 4.56187e-013 6.43412e-011 0.577352 1.43416e-042 2.32486e-071 0.577349 1.00491e-067 0.577353 
0.678989 0.0938178 0.0829522 0.110821 0.112156 0.115684 0.111092 0.117133 0.669871 0.112437 
1.19831e-008 0.447216 1.31526e-032 8.52359e-081 1.14583e-062 0.894431 2.40794e-016 2.59719e-013 1.43863e-030 6.56407e-020 
1.54702e-008 0.577358 0.577345 3.91698e-085 2.98018e-026 2.21002e-034 2.16173e-089 2.03488e-091 5.05797e-055 0.577352 
1.547e-008 0.577347 0.577352 3.09703e-040 9.84056e-023 8.66294e-047 4.82224e-039 4.71119e-085 0.577355 6.5306e-048 
2.70376e-016 2.64511e-016 5.0314e-017 1.42406e-008 6.09253e-009 2.08154e-076 5.45925e-021 0.578064 0.578065 0.578068 
0.447216 2.78091e-017 3.20979e-037 5.72422e-113 0.89443 3.24768e-027 3.26066e-054 3.90792e-056 1.32246e-036 4.21397e-011 
1.55096e-008 2.84321e-045 0.578828 4.00914e-034 3.30311e-055 6.43145e-123 0.578818 2.9577e-014 0.578827 9.04172e-023 
1.54742e-008 0.577505 2.0983e-027 8.77802e-040 0.577506 5.13225e-104 0 1.17528e-009 6.39564e-050 0.577496 
0.57937 1.00104e-040 0.579367 0.579368 1.15439e-061 5.97099e-036 1.45826e-078 6.5778e-024 1.18379e-053 2.27287e-047 
6.42231e-016 1.26025e-154 3.21668e-082 2.39684e-008 8.79096e-047 1.97705e-051 7.12101e-035 0.894514 0.447257 5.20198e-129 
0.112337 0.678527 0.118688 0.102066 0.107649 0.113954 0.134131 0.663859 0.110409 0.112052 
1.20017e-008 0.447909 3.86449e-028 1.31722e-040 3.17153e-036 5.51669e-040 6.82634e-022 7.84417e-064 2.18256e-057 0.895818 
1.54704e-008 1.79193e-014 0.577364 0.577359 8.60553e-036 0.577334 2.32479e-012 1.02597e-022 3.99761e-036 3.48109e-014 
0.577358 2.5674e-151 9.54259e-032 0.577353 6.1813e-062 0.577345 7.07161e-046 1.21244e-035 1.87027e-100 8.07026e-129 
1.54701e-008 0.577354 6.38275e-277 1.82786e-028 0.577355 7.16005e-067 8.28107e-021 0.577355 1.68056e-076 1.64778e-020 
0.577356 1.09683e-053 7.14059e-010 2.35972e-041 5.38316e-046 0.577348 2.31484e-017 1.67799e-032 0.577354 1.18102e-008 
0.102762 0.102626 0.113601 0.675767 0.0909131 0.107952 0.113964 0.671341 0.115825 0.11114 
0.124458 0.677582 0.0927186 0.113091 0.107484 0.103719 0.111627 0.117563 0.66798 0.108075 
2.67949e-008 8.2484e-200 2.48606e-076 3.62066e-129 1 9.95273e-034 1.50088e-039 3.91987e-022 1.93092e-039 5.07444e-045 
0.895709 1.69066e-153 2.41404e-030 7.20792e-083 4.54209e-017 3.84167e-040 9.38764e-041 2.27961e-014 3.19203e-043 0.447854 
2.39661e-008 0.894429 6.49861e-064 1.2601e-054 1.0399e-019 9.50295e-130 1.1715e-064 1.56181e-018 0.447215 8.2082e-047 
0.115161 0.112763 0.692263 0.115832 0.0889463 0.65556 0.100751 0.100191 0.109751 0.11228 
0.121016 0.118617 0.118947 0.100117 0.681731 0.111135 0.075132 0.118104 0.672092 0.113807 
1.54705e-008 0 0.577366 2.07244e-052 1.22226e-150 1.13278e-045 2.2885e-066 0.577365 3.40651e-044 0.577362 
2.39663e-008 3.39017e-046 3.41294e-039 0 0.894434 0.447217 1.50532e-077 8.27419e-020 1.82542e-045 3.47017e-014 
4.22807e-016 1.57794e-008 0.588896 1.33958e-048 2.21137e-047 0.588897 6.90955e-047 0.588896 2.46534e-037 8.00002e-044 
1.54702e-008 0.577358 2.18744e-039 0.577352 1.53875e-062 0.577345 1.45196e-043 1.21209e-035 3.95443e-101 8.07026e-129 
0.114825 0.111866 0.0936341 0.133189 0.109821 0.668025 0.105038 0.110991 0.0927165 0.676578 
1.19832e-008 0.447218 7.25725e-055 1.06897e-018 2.92834e-047 1.14428e-025 0 2.68385e-016 0.894437 2.88711e-019 
1.54734e-008 0.577474 3.77818e-038 0.577463 1.11422e-053 3.97553e-046 9.38072e-016 7.58717e-013 2.76287e-062 0.577466 
7.45496e-009 2.27772e-008 0.89443 0.447215 6.95363e-018 1.07726e-013 2.23316e-052 7.57124e-032 7.23065e-049 2.32384e-047 
6.41773e-016 2.25858e-017 2.39661e-008 3.571e-045 0.894429 2.03797e-034 2.16483e-012 7.25007e-041 7.06011e-037 0.447214 
8.60344e-024 3.21085e-016 1.19831e-008 0.447214 1.25597e-043 3.43354e-101 1.52976e-288 1.74506e-012 3.51611e-064 0.89443 
2.67949e-008 1 3.65602e-054 1.29408e-102 1.7643e-025 3.24908e-032 2.70592e-025 3.08565e-098 4.12024e-075 5.53133e-043 
4.15289e-016 1.00168e-018 8.8941e-053 1.54989e-008 0.578426 0.578425 0.578432 2.79112e-047 4.42704e-043 2.18382e-016 
1.19831e-008 1.81542e-044 0.447215 3.33327e-102 7.29453e-071 0 2.73581e-061 0.89443 5.85204e-038 1.32274e-015 
0.111014 0.109076 0.678308 0.118679 0.674031 0.113172 0.11383 0.105656 0.109498 0.113416 
1.54702e-008 0.577355 2.17341e-035 1.03401e-058 0.577355 0.577346 1.2053e-075 1.02399e-022 1.11864e-079 2.65843e-047 
1.5479e-008 0.577683 0.577687 1.87162e-115 0.577707 2.98603e-041 9.24133e-042 2.03802e-051 2.06452e-086 1.38773e-016 
0.113463 0.113332 0.117898 0.107756 0.10881 0.667121 0.130004 0.66876 0.13273 0.114009 
1.54722e-008 1.31163e-059 0.57743 4.5243e-082 0.577427 1.18183e-034 0 5.33585e-009 8.06954e-056 0.577422 
4.14524e-016 1.54702e-008 0.577358 5.02606e-107 0.577345 2.74649e-039 0.577353 5.03112e-022 1.18937e-060 2.26836e-048 
3.21084e-016 1.87624e-036 1.1983e-008 2.27093e-014 2.51063e-073 9.57342e-059 0.447214 0.894428 3.03503e-054 4.9995e-066 
3.21146e-016 4.55895e-069 1.19853e-008 2.54296e-010 0.4474 1.16097e-031 0 5.69757e-027 0.894801 2.01597e-016 
1.2182e-008 1.33606e-038 9.91728e-042 1.52626e-053 0.454641 1.35316e-033 1.00773e-021 0.909281 6.26511e-161 2.21277e-020 
0.124126 0.12076 0.9577 0.0702029 0.0874612 0.0650652 0.11365 0.0881507 0.0863778 0.0931774 
9.50796e-016 3.54842e-008 0.447243 5.11414e-055 1.60433e-066 0.894485 6.18474e-061 2.59735e-013 1.90742e-051 0 
2.14178e-008 1.91859e-078 7.79094e-034 2.65821e-041 8.75876e-010 9.16791e-060 5.55307e-030 1.07246e-008 0.894529 0.447264 
1.19831e-008 1.3423e-062 4.28581e-020 0.447215 1.8314e-036 1.3079e-022 0.894429 1.01946e-025 3.76572e-076 2.44493e-039 
0.105176 0.102466 0.102787 0.128587 0.11228 0.657253 0.687046 0.108148 0.107865 0.107995 
2.67947e-008 0 9.03636e-019 2.80747e-035 7.82773e-014 1.0458e-010 1 0 6.09859e-088 6.10802e-078 
4.14522e-016 1.54702e-008 7.94193e-054 0.577356 5.75577e-049 5.84064e-044 0.577354 0.577362 3.35541e-035 8.73873e-016 
0.0767091 0.0879227 0.0827408 0.0816118 0.0820078 0.0839473 0.0813382 0.06998 0.986937 0.0625137 
0.894431 1.64761e-311 5.99969e-032 1.74936e-035 0.447212 3.34333e-039 9.90031e-040 5.91185e-025 9.59458e-056 7.21938e-043 
1.72973e-008 4.50537e-046 0.577711 0.577699 1.22687e-040 1.01372e-046 2.30503e-015 7.58474e-013 1.44017e-054 0.577702 
1.54709e-008 0.577354 1.45519e-065 5.23189e-093 3.29653e-053 2.84986e-040 0.577352 0.57735 1.87808e-069 1.91745e-019 
1.23498e-008 2.29003e-017 1.08218e-051 0.460901 0.921802 3.23685e-029 3.52169e-105 1.157e-023 1.66691e-060 2.47846e-084 
1.19831e-008 4.31071e-021 1.95465e-042 0.447214 5.77729e-060 0.894428 2.40794e-016 1.01849e-022 1.19973e-054 4.01014e-032 
1.54717e-008 5.50434e-029 3.8595e-064 0.577411 1.93908e-055 7.41289e-041 0.577401 3.159e-014 0.57741 6.12506e-018 
1.5336e-008 8.83541e-024 4.53226e-015 2.13152e-009 0.57785 0.57785 5.90991e-056 1.91959e-163 0.577853 4.38479e-110 
8.17821e-009 8.75845e-009 1.44797e-050 1.07365e-031 0.447214 0.894429 2.96751e-036 1.19411e-031 1.66422e-053 3.89665e-078 
0.101579 0.677364 0.0910544 0.117844 0.66922 0.112745 0.0921806 0.123635 0.110162 0.113039 
1.54715e-008 1.35403e-024 0.577406 2.79372e-057 1.00074e-105 0.577406 4.13505e-057 1.003e-015 0.577409 6.80782e-016 
0.577366 2.25455e-172 0.577371 2.45885e-040 9.69916e-023 8.66323e-047 1.23059e-039 1.83948e-124 0.577374 9.03546e-048 
0.895012 0.447505 2.0949e-030 2.81475e-164 2.24228e-012 1.96533e-045 3.52613e-031 3.05637e-024 6.39641e-044 1.38915e-049 
2.67949e-008 1.81199e-096 1.28836e-075 2.71322e-196 9.36445e-043 1 2.5947e-044 1.12203e-023 2.56292e-047 3.62505e-025 
1.26601e-010 3.49265e-010 1.54893e-008 0.578234 0.578235 1.37113e-042 4.99807e-061 7.96094e-009 1.475e-061 0.578237 
0.117201 0.114878 0.116299 0.115198 0.9407 0.149653 0.0962612 0.0996262 0.110377 0.113301 
1.54702e-008 0.577356 4.40009e-139 1.66593e-042 0.577343 7.64551e-034 4.21047e-030 2.23345e-013 0.577355 1.59172e-138 
4.14518e-016 3.06958e-154 1.547e-008 6.36509e-011 6.74337e-066 5.4736e-104 0.577354 2.26607e-014 0.577355 0.577357 
1.54704e-008 0.577362 2.0568e-025 2.45142e-056 1.05908e-178 3.96229e-034 4.42794e-040 0.57736 0.577352 3.32341e-033 
3.373e-010 4.76839e-063 1.54673e-008 0.577385 6.85697e-151 4.10114e-083 0.577383 5.75446e-054 1.24025e-076 0.577386 
0.107833 0.107809 0.1138 0.688178 0.109216 0.111571 0.11384 0.103697 0.0834681 0.664498 
0.0961926 0.101604 0.102973 0.671103 0.680639 0.112664 0.107102 0.108455 0.1096 0.111519 
0.578389 0 6.93727e-039 1.11968e-052 0 3.18801e-013 1.77921e-066 0.578388 2.48596e-086 0.578385 
0.680179 0.111391 0.0912893 0.660989 0.110542 0.108157 0.11353 0.137151 0.110634 0.11238 
1.54706e-008 2.70555e-020 0.577371 0.577377 1.41553e-055 4.28083e-025 0.577368 2.85113e-013 9.40825e-110 5.48634e-028 
7.61954e-009 1.31778e-020 2.25484e-008 2.81051e-009 1.11202e-045 1.22263e-038 0.894437 0.447219 3.09272e-110 1.41261e-086 
2.39661e-008 6.39848e-092 0.89443 1.4391e-103 1.17084e-043 1.64768e-012 4.01807e-017 0.447214 1.18045e-035 2.64485e-086 
2.39695e-008 0.894554 4.18407e-058 1.38578e-032 0.447277 3.96527e-015 8.05228e-035 3.09042e-024 1.07885e-079 7.11966e-013 
1.5471e-008 0.577386 0.577378 0 3.89072e-022 1.15552e-045 8.02962e-040 0.577383 7.55974e-051 1.25164e-014 
1.19831e-008 0.447215 1.35346e-081 0 1.90147e-306 6.6789e-033 0.894429 8.52381e-056 5.59739e-069 5.73504e-020 
0.12967 0.129143 0.6879 0.117144 0.0887979 0.116361 0.120276 0.648366 0.110021 0.108039 
1.19831e-008 1.22435e-024 4.49756e-020 1.25129e-025 0.447214 1.77231e-121 2.95167e-061 4.1183e-094 4.30389e-039 0.894429 
6.42177e-016 2.73985e-080 2.39664e-008 6.13245e-130 0.894438 4.69957e-025 2.82384e-038 2.66018e-013 0.447219 1.77354e-064 
0.119032 0.118895 0.117059 0.110958 0.112043 0.119504 0.674546 0.676048 0.134164 0.115231 
3.21082e-016 8.76335e-043 1.34172e-018 7.92709e-060 1.19831e-008 1.26025e-065 1.30309e-051 0.447214 0.894429 3.49695e-018 
1.54761e-008 1.15737e-097 0.577575 0 0.577585 7.40681e-037 4.77729e-122 1.33138e-075 0.577582 2.95121e-135 
3.2446e-016 2.45402e-266 1.2109e-008 0 1.9659e-032 0.451915 2.88864e-053 5.95943e-016 0.903833 1.18478e-041 
0.122265 0.122124 0.112593 0.11194 0.112814 0.120161 0.678568 0.0948115 0.105132 0.666513 
6.42169e-016 2.39661e-008 0.894428 2.16115e-098 1.68795e-017 0.447214 2.93436e-039 2.67483e-124 1.71551e-035 2.17867e-064 
0.0670707 0.0947869 0.0823295 0.0694471 0.0761247 0.0935828 0.0800784 0.0931185 0.087167 0.980431 
4.15888e-016 2.39144e-031 1.55212e-008 0.579259 7.08234e-124 0.579259 4.14832e-057 1.00784e-015 0.579261 2.47143e-026 
2.39834e-008 5.52267e-012 4.09303e-023 0.895074 0.447537 3.95492e-015 8.08005e-035 2.78818e-047 1.07948e-079 4.27125e-013 
0.107128 0.104627 0.106182 0.0998352 0.088476 0.129245 0.105031 0.110674 0.692927 0.670659 
1.53518e-008 3.26337e-032 2.02633e-009 0.577908 5.77686e-046 1.3727e-056 2.92338e-064 7.46955e-016 0.577908 0.57791 
1.55633e-008 3.48941e-027 1.27577e-062 3.99176e-103 0.58083 5.56629e-058 9.4222e-033 6.9465e-056 0.58083 0.580825 
1.54981e-008 1.29028e-020 0.578396 3.64529e-063 3.29268e-055 2.04646e-096 2.05294e-039 2.31924e-015 0.578396 0.578398 
3.15063e-016 7.35955e-019 1.17584e-008 3.13008e-051 4.07633e-030 2.30996e-009 0.447216 1.82623e-102 0.894433 8.38457e-096 
0.114926 0.112648 0.114794 0.113212 0.675332 0.117552 0.674313 0.0999422 0.110771 0.113661 
2.70241e-009 1.62503e-045 1.34124e-050 1.53388e-104 1.18554e-008 0.4538 0.907601 1.26762e-038 7.83113e-072 1.42659e-016 
0.577636 0.577625 2.77447e-160 2.83889e-041 3.15022e-036 0.577621 5.11071e-201 3.22366e-083 7.31191e-055 8.56299e-021 
5.6748e-008 2.06068e-021 2.11591e-036 5.60111e-010 8.25792e-009 0.577369 1.71814e-065 0.577368 0.577369 3.59343e-047 
2.6013e-010 2.91388e-064 4.01759e-041 2.4186e-008 0.902686 2.63995e-022 0.451343 1.02887e-025 3.80048e-076 1.60562e-039 
1.54737e-008 0.577486 1.44057e-056 1.51833e-082 9.46526e-071 8.93348e-041 0.577476 3.1593e-014 0.577485 6.13735e-018 
1.54798e-008 0.577714 1.24029e-042 3.84525e-034 1.99827e-023 0.577717 0.577722 2.29023e-041 1.14018e-081 5.33843e-046 
0.894432 6.15904e-047 0.447209 3.19636e-036 3.68617e-040 0 2.97069e-020 9.41548e-013 1.03138e-049 2.66694e-045 
0.406052 7.17062e-054 5.02195e-010 2.55153e-006 3.78596e-046 0.406047 1.62802e-017 0.580446 0.577354 1.18102e-008 

