0.457689 0.324337 
0.336508 0.420862 
0.38705 0.379018 
0.183531 0.572597 
0.838778 0.0848307 
0.870048 0.0679018 
0.467599 0.317091 
0.250378 0.500481 
0.736283 0.142454 
0.12491 0.647471 
0.600952 0.225536 
0.683611 0.173891 
0.807907 0.101902 
0.320507 0.434786 
0.412433 0.358637 
0.981317 0.0101529 
0.0424536 0.795465 
0.352902 0.406904 
0.477068 0.309798 
0.344374 0.413976 
0.647329 0.196095 
0.219995 0.532093 
0.31267 0.442389 
0.197842 0.556301 
0.0578782 0.760955 
0.102881 0.680851 
0.0953956 0.691891 
0.0807947 0.716886 
0.328337 0.42791 
0.395124 0.372392 
0.579203 0.24005 
1.22655e-05 0.99767 
0.0344606 0.81549 
0.940822 0.0307833 
0.496151 0.29616 
0.304388 0.449108 
0.55716 0.254759 
0.369562 0.392755 
0.361689 0.399409 
0.793 0.110271 
0.146637 0.618174 
0.634878 0.203963 
0.117913 0.657836 
0.273276 0.477833 
0.516526 0.282138 
0.854822 0.0759694 
0.377804 0.3861 
0.235165 0.515959 
0.887751 0.0582623 
0.242911 0.507955 
0.777969 0.118743 
0.959976 0.0208151 
0.696465 0.166175 
0.526036 0.27531 
0.212838 0.539801 
0.227692 0.523686 
0.154624 0.607966 
0.139533 0.627296 
0.709914 0.158355 
0.624288 0.21051 
0.2967 0.456405 
0.823285 0.0933412 
0.65828 0.189467 
0.161484 0.59891 
0.763774 0.126822 
0.723118 0.150548 
0.0178601 0.867918 
0.258107 0.493291 
0.00919606 0.905181 
0.265572 0.485642 
0.922016 0.0405605 
0.998929 0.00119314 
0.430481 0.34467 
0.289031 0.46301 
0.905274 0.0492772 
0.749289 0.134928 
0.671819 0.181323 
0.19075 0.564555 
0.0261933 0.83914 
0.132541 0.636737 
0.567413 0.247532 
0.439382 0.3381 
0.536142 0.268313 
0.421594 0.351377 
0.110376 0.668766 
0.44886 0.330985 
0.0728974 0.730824 
0.280836 0.470707 
0.176065 0.581204 
0.168977 0.589723 
0.20563 0.547987 
0.546646 0.261564 
0.505747 0.28979 
0.0504019 0.776501 
0.589204 0.23323 
0.0654981 0.745665 
0.40392 0.365528 
0.486557 0.303265 
0.0881323 0.704121 
0.611758 0.218936 

