0.00115416 0.457554 8.18477e-005 1.51937e-005 0.910023 
0.580295 0.579816 7.04597e-006 1.4966e-005 0.578245 
0.537792 5.75451e-005 0.801795 0.272871 3.2749e-005 
6.38529e-005 0.237002 0.235782 0.94419 1.32632e-005 
0.29104 0.288856 0.869111 0.29053 4.82561e-005 
0.982452 0.194617 3.48681e-005 0.00013175 3.17857e-006 
0.579472 0.579159 0.578765 7.25581e-005 2.95954e-005 
0.00061234 0.000542811 0.535658 0.804792 0.266034 
0.197799 0.98709 0.000100631 0.000331133 7.1175e-006 
0.237647 0.945877 9.03146e-005 4.10303e-005 0.235633 
0.807559 0.268835 0.000247134 0.535851 0.000344897 
0.875218 0.269026 0.000161873 0.285674 0.287229 
0.321741 3.89455e-005 0.633852 0.633612 0.31816 
0.314526 0.635564 0.000471239 0.63214 0.317396 
0.450162 3.84853e-005 6.69093e-005 4.70784e-005 0.897431 
0.197031 9.62521e-005 0.983566 2.53953e-005 2.76063e-007 
0.635617 0.635058 0.000108806 0.314246 0.313736 
0.897261 0.000600692 7.72712e-005 3.74079e-005 0.445177 
0.231436 0.948682 1.07655e-005 0.229652 0.000607576 
0.289976 0.292156 9.61459e-005 0.288111 0.866842 
0.00027667 0.802345 0.27453 0.532218 3.1346e-005 
0.638167 0.631513 0.315021 0.313578 1.63497e-005 
0.000294438 0.580708 0.579147 0.578072 4.67522e-005 
0.000187274 0.321803 0.637263 0.634121 0.317594 
7.84743e-005 0.26921 0.000123769 0.535002 0.805049 
0.64425 0.000333 0.636603 0.318508 0.2889 
9.74447e-006 0.269663 0.80578 0.000110625 0.537173 
0.944001 0.234759 0.235182 7.36397e-005 5.16836e-005 
0.318201 0.632217 0.634545 0.315642 7.32879e-005 
1.765e-005 3.4014e-006 0.898832 0.000140651 0.447193 
0.000317152 0.291868 0.287831 0.867189 0.290997 
6.87656e-007 6.09345e-007 1.00165 2.38223e-005 1.16994e-006 
0.00310039 0.535553 0.00056514 0.802675 0.266556 
6.33427e-005 0.000262655 0.000278341 0.447461 0.895135 
0.00117283 0.805792 0.270577 0.000156906 0.535385 
0.94393 0.00218785 0.242852 0.000145589 0.232276 
0.877369 0.281706 0.274335 0.287355 0.00745509 
0.235921 0.951932 0.237269 2.05867e-005 2.79106e-005 
0.00037678 0.000136051 0.451736 4.79457e-005 0.893351 
0.353635 0.350191 0.714317 0.348909 0.351748 
9.55102e-005 0.268506 0.807893 0.531645 4.40953e-006 
0.29003 0.289056 0.296226 0.867104 0.000687859 
0.0044903 0.535778 0.80217 0.000101919 0.266102 
4.41282e-005 0.538961 0.267967 0.801927 3.83188e-005 
1.54357e-005 0.194676 0.982894 0.000657441 1.01661e-005 
0.898087 0.450607 0.000300301 0.000132177 2.42717e-006 
0.234896 3.05322e-005 0.944496 4.32827e-005 0.232994 
0.264325 0.000317795 0.807313 0.530132 8.53832e-005 
0.872474 0.000324516 0.287323 0.282877 0.289539 
4.55884e-005 4.18154e-005 0.981787 0.194985 2.57791e-005 
0.724407 0.000104404 6.27115e-005 0.71701 2.68032e-005 
8.90638e-005 4.51779e-005 0.536156 0.266145 0.802666 
0.539022 0.000753995 0.000332376 0.266877 0.809573 
0.270415 4.76369e-005 0.541515 2.84016e-005 0.810539 
1.9678e-005 1.95624e-005 4.59173e-007 0.895434 0.447355 
0.000944289 3.71548e-005 0.982364 0.00018418 0.194126 
0.636287 0.000110906 0.316069 0.637994 0.323095 
0.535346 0.804745 8.88553e-005 0.000421964 0.267871 
0.272578 0.541153 0.000112104 5.79477e-005 0.807774 
0.541479 0.274108 0.0017232 0.000401014 0.814454 
0.00109338 0.804501 0.00014575 0.533389 0.268663 
7.68143e-009 9.61188e-006 0.711632 0.000110464 0.708214 
0.000261123 0.899617 0.000167867 0.449167 8.31686e-006 
0.000115746 1.00713 3.54439e-005 2.9072e-005 3.26963e-006 
4.505e-005 7.16232e-006 0.705627 0.709438 2.59602e-005 
0.945832 0.23855 9.71434e-006 1.79697e-005 0.232365 
0.451628 5.49831e-005 4.00863e-005 0.895721 0.000437008 
0.71169 0.35787 0.346694 0.350072 0.35422 
0.711598 0.711361 8.68926e-005 1.82543e-005 0.000813127 
0.290791 0.291861 8.04087e-005 0.863713 0.295025 
0.27244 0.541892 0.000149922 0.797454 0.000923773 
0.580276 0.000170177 0.580662 0.000233504 0.576225 
0.269701 0.00297159 0.805943 0.000110647 0.537281 
1.5675e-005 2.44337e-005 0.449054 0.896309 5.50906e-006 
0.709073 3.85362e-005 0.708145 0.000698867 1.26754e-005 
1.70775e-005 5.58426e-006 0.239037 0.237409 0.941767 
0.895678 0.000193119 0.447236 4.65283e-005 2.59075e-006 
0.805584 0.000251334 0.00405237 0.264804 0.535371 
0.638863 0.31992 0.000141176 0.631838 0.316746 
1.29935e-007 8.2135e-005 0.805705 0.2659 0.533595 
0.237511 0.23747 0.000294187 1.82984e-005 0.946521 
0.266264 0.53601 0.804716 9.03513e-006 4.64625e-005 
8.52359e-005 0.945099 0.239825 0.000770028 0.236424 
0.000166668 5.15903e-006 0.895222 0.449524 0.000642965 
0.80408 0.536737 6.97134e-005 0.262945 4.5803e-005 
0.31709 9.39772e-006 0.632998 0.313084 0.635849 
0.354656 0.710853 0.360421 0.360563 0.341054 
4.57148e-006 0.00035745 1.20305e-005 0.707034 0.708954 
0.26733 0.803269 0.536642 3.2187e-005 6.6998e-005 
0.536554 1.13039e-005 0.263728 0.803418 3.0792e-007 
0.582193 0.000184443 4.6916e-005 0.57848 0.578648 
0.270537 2.16146e-005 7.94431e-005 0.805715 0.536589 
0.985947 0.0005033 0.000109814 3.89381e-005 0.193683 
0.000191386 0.984154 0.00014585 0.195627 1.91606e-005 
0.00026576 0.708315 1.55303e-005 0.707903 0.000135529 
2.7456e-005 2.80674e-006 0.270035 0.803782 0.533324 
0.000355016 0.805985 0.535692 0.267591 0.000487102 
0.94441 0.235344 0.000151819 0.234887 2.71586e-005 
0.173819 0.0624654 5.64973e-006 1.96036e-005 0.998072 
0.804908 0.000121186 0.266863 0.532442 3.39799e-005 
0.268296 0.000474443 0.539639 0.800687 2.56686e-005 
0.292255 9.1806e-005 0.29521 0.288635 0.875021 
0.289216 0.00234509 0.294632 0.871638 0.290521 
9.62678e-006 0.23965 0.000107062 0.237707 0.947343 
0.944863 7.29956e-005 0.234294 0.234987 0.00128179 
0.533436 0.000177717 0.805799 7.33007e-005 0.267187 
0.289753 8.38105e-005 0.871342 0.288782 0.289643 
2.36798e-005 2.16628e-005 4.36359e-005 0.196445 0.981176 
0.00025823 0.288236 0.869917 0.288777 0.289832 
0.894414 5.03242e-005 0.00271646 0.449978 3.80561e-005 
0.290974 0.8686 0.289009 0.290035 2.19664e-005 
0.805322 0.537242 0.000178616 7.75285e-005 0.258184 
0.000419488 0.000414648 0.196275 2.33952e-005 0.982894 
0.238774 2.69689e-005 0.238091 2.64282e-005 0.944435 
0.312129 0.636793 0.32083 0.00134749 0.630248 
2.13696e-007 2.02595e-005 0.269547 0.535446 0.80324 
0.000222016 0.539749 0.268408 9.05082e-005 0.806168 
0.639521 0.318213 0.000464205 0.31808 0.63584 
0.320583 0.318003 0.635116 0.000784238 0.631571 
8.84826e-005 0.448405 6.68193e-005 0.895079 7.97858e-006 
0.000232983 0.582172 0.580003 0.000119028 0.577722 
3.02041e-005 0.724863 0.72635 4.52815e-005 0.000138337 
0.000699596 0.240042 0.236387 8.47694e-005 0.94771 
0.290962 0.29331 0.286674 0.000105156 0.86801 
0.63923 0.318239 0.304319 4.20225e-005 0.633691 
0.237614 0.236727 0.000377031 0.946453 1.39394e-005 
8.01568e-005 0.909495 0.452193 0.00142671 5.0361e-005 
6.08631e-006 0.318669 0.63615 0.315491 0.636082 
0.000147739 0.197505 0.000314771 2.04189e-006 0.991419 
0.536989 0.269448 0.802919 7.14051e-005 6.85963e-005 
0.0002911 0.634809 0.321224 0.629419 0.315455 
0.317651 0.000647657 0.318537 0.63572 0.634852 
0.240519 0.000345643 4.77264e-005 0.23981 0.943782 
0.270331 0.805007 0.000250251 0.529856 0.000455277 
0.534657 0.803676 0.267172 3.73147e-005 1.34416e-005 
6.85801e-005 6.88692e-005 0.951124 0.2382 0.234642 
0.000108785 0.273184 0.544945 8.77384e-005 0.817252 
0.235921 0.000172692 0.943917 0.236566 0.000480466 
0.00118963 0.982899 0.195717 7.1361e-005 4.95962e-005 
0.446749 5.32244e-005 0.897678 2.4307e-005 0.000169702 
0.00153489 0.802458 0.535861 3.62962e-005 0.269935 
2.68238e-008 1.08133e-010 5.20545e-012 1.24288e-012 1.00109 
1.86372e-005 1.25391e-005 2.05932e-009 1.00243 2.74527e-006 
1.01786 0.00793664 2.62485e-005 0.253792 0.207957 
0.535831 0.000129616 0.000565423 0.803077 0.263713 
0.537129 0.805193 0.000171977 0.267572 3.70237e-005 
0.807652 0.000630662 0.00014632 0.535477 0.266397 
0.811724 0.000238881 0.525351 0.000148398 0.265878 
0.356247 0.344005 0.368493 0.35069 0.706528 
0.288056 0.874329 0.281617 0.0020107 0.290852 
8.41611e-005 0.71261 0.000211287 0.000253445 0.707439 
0.581541 0.00153464 0.57998 0.573871 3.27403e-005 
4.11851e-005 0.53642 0.804345 0.268532 0.000747391 
0.23719 0.00157187 0.237003 0.947011 1.33028e-005 
0.718082 0.000268426 4.39593e-005 3.1446e-005 0.711193 
0.448819 0.897009 0.000163386 3.57013e-005 1.7231e-005 
0.000113283 0.237361 0.00299282 0.946564 0.237819 
4.1479e-005 0.199865 0.000239035 0.982055 2.17502e-005 
0.000129072 5.46402e-007 0.238747 0.944051 0.235485 
0.806264 0.26924 0.538825 0.000107018 6.87715e-005 
0.267566 0.808123 0.0016614 1.55306e-005 0.532382 
0.289779 0.870129 0.000159119 0.287163 0.288188 
0.00150424 0.631877 0.321031 0.313427 0.636052 
0.538922 0.000325244 0.270866 2.80325e-005 0.802564 
0.354847 0.356796 0.359054 0.708245 0.353468 
0.00107746 0.806623 0.000291834 0.263347 0.535936 
2.41996e-006 0.291675 0.29351 0.287923 0.871268 
0.000155947 0.271115 0.537525 0.801667 0.000135689 
0.635005 0.318052 0.318487 0.630617 6.72326e-007 
0.00303534 0.451885 0.898625 4.79466e-005 1.81828e-007 
0.637407 4.98439e-005 0.319254 0.315256 0.633642 
0.00109054 0.94489 2.00536e-005 0.233902 0.235059 
0.805717 9.51715e-005 0.535514 0.267964 0.00046105 
0.983706 0.000135276 0.000145783 0.193226 4.29239e-005 
0.635329 0.31534 0.632845 3.40101e-005 0.316607 
1.14867e-005 5.59451e-006 0.19764 0.981 2.5963e-005 
0.199022 7.07795e-005 1.76652e-005 0.986198 2.56309e-005 
0.804518 0.000298138 0.270149 0.000156658 0.533689 
0.000500403 0.239431 0.947016 0.000316712 0.235414 
3.12664e-005 9.81482e-006 2.63307e-007 0.982685 0.196102 
0.000345215 0.319147 0.317961 0.636688 0.634046 
0.539186 0.268477 9.15462e-005 0.805456 0.000456482 
0.000102023 0.268591 3.0615e-005 0.801636 0.537191 
0.268618 9.08109e-006 0.000127045 0.533817 0.803583 
0.315256 0.638866 0.318471 0.632191 0.000136252 
1.9213e-005 0.531622 0.000161869 0.266908 0.807279 
0.633102 0.315273 0.634078 0.314509 5.07411e-006 
0.000484482 0.887454 0.307325 0.289973 0.294545 
0.827904 0.275786 0.00061376 6.69495e-005 0.547274 
2.87097e-005 0.961926 0.241876 0.238803 3.9792e-005 
7.19193e-006 0.237632 0.944907 0.234866 8.56196e-006 
0.636715 0.634985 0.318263 6.63741e-005 0.314693 
5.38162e-008 4.79923e-005 0.803964 0.534867 0.265458 
3.2793e-008 4.37705e-005 0.582322 0.578356 0.578364 
0.983074 0.00629935 0.195732 0.000350285 9.94101e-006 
0.000194017 0.985257 2.63698e-005 7.53556e-005 0.19544 
0.315488 0.635457 0.63652 0.000108702 0.309333 
0.239106 2.08402e-005 8.23407e-006 0.945729 0.231429 
0.319413 0.636034 0.00249282 0.310719 0.631376 
0.000212324 0.899316 0.000567012 0.000406363 0.456062 
0.323869 0.322661 0.000513895 0.636526 0.629706 
0.868661 0.287858 0.288141 0.000827895 0.287501 
0.289314 0.290888 0.869572 7.61502e-005 0.287699 
0.236065 0.233166 0.945316 0.000125674 4.76856e-005 
0.580014 0.578414 7.06219e-005 0.578244 6.03636e-006 
0.000223475 0.576876 1.26484e-005 0.57654 0.580226 
0.318031 0.316927 0.634992 0.635306 0.000453422 
0.000468369 0.636046 0.633975 0.316201 0.316382 
0.807803 0.53442 0.262803 2.83693e-005 3.21832e-006 
1.00609 0.000112178 8.92997e-005 3.24318e-005 0.00015699 
0.513015 0.475001 0.520228 0.495094 0.00642569 
8.7867e-005 0.974272 0.000963106 0.000769412 0.236235 

