0.423895 0.0612974 
0.449413 -0.118217 
0.640662 -0.412263 
0.233764 0.314402 
0.414794 0.171766 
0.198682 0.564284 
0.00632791 0.92208 
0.241585 0.276806 
0.226914 0.355973 
0.652623 -0.456972 
0.621088 -0.168289 
0.252048 0.248331 
0.223526 0.378887 
0.643203 -0.428261 
0.418506 0.124755 
0.212959 0.455788 
0.638742 -0.396955 
0.219922 0.404962 
0.0416227 0.759043 
0.622264 -0.187884 
0.070252 0.681488 
0.0470634 0.737779 
0.0525778 0.72048 
0.411089 0.219868 
0.246347 0.261137 
0.63096 -0.314141 
0.433645 -0.0351793 
0.633848 -0.348463 
0.0354822 0.783186 
0.40969 0.238931 
0.216579 0.429539 
0.429698 0.00212891 
0.635391 -0.365215 
0.624774 -0.227222 
0.438486 -0.070374 
0.441096 -0.0863665 
0.237609 0.294822 
0.185861 0.649986 
1.77416e-008 1.00214 
0.0642371 0.691038 
0.425716 0.0411063 
0.618756 -0.128691 
0.0299765 0.805593 
0.427549 0.0221656 
0.431387 -0.015204 
0.416566 0.14892 
0.0125058 0.886387 
0.194619 0.593704 
0.0241054 0.830393 
0.0183164 0.858462 
0.436091 -0.0536737 
0.629809 -0.298523 
0.420073 0.105266 
0.0583228 0.704557 
0.256984 0.244218 
0.209683 0.48171 
0.645563 -0.440763 
0.444381 -0.102647 
0.625973 -0.24551 
0.190441 0.621783 
0.619935 -0.149499 
0.62851 -0.281155 
0.206257 0.507777 
0.623522 -0.208124 
0.202378 0.537319 
0.632468 -0.332784 
0.42198 0.0834537 
0.63696 -0.380913 
0.230264 0.334367 
0.0762822 0.674154 
0.412956 0.195835 
0.627235 -0.263822 
0.183095 0.666326 
0.627387 -0.266246 
0.635764 -0.369337 
0.062845 0.694996 
0.409904 0.236113 
0.450766 -0.120239 
0.631518 -0.320918 
0.644641 -0.43672 
0.00478979 0.932983 
0.190121 0.628442 
0.638312 -0.392751 
0.0393867 0.765742 
0.42348 0.0738348 
0.417559 0.136442 
0.630102 -0.303274 
0.226562 0.358036 
0.42739 0.0240879 
0.628138 -0.277232 
0.429599 0.00258108 
0.442046 -0.0919116 
0.220922 0.403822 
0.212157 0.463199 
0.641304 -0.416962 
0.413657 0.191917 
0.0601386 0.701224 
0.618669 -0.127321 
0.621489 -0.175199 
0.0722211 0.68032 

