0.301417 0.0328147 0.171141 
0.0810321 0.0500001 0.375103 
0.388619 0.0369468 0.0805054 
0.00155928 0.120688 0.385868 
0.423101 0.0403054 0.0418576 
0.416539 0.0885336 0.000208784 
0.118059 0.118676 0.268523 
1.05075e-008 0.329197 0.457369 
0.126334 0.378783 8.07317e-005 
0.166982 1.30151e-005 0.336783 
0.183336 0.124562 0.197207 
0.0582755 0.250134 0.196888 
0.124347 0.339075 0.041859 
0.252645 0.215529 0.0371331 
0.0853417 0.167708 0.251878 
0.136301 0.24652 0.122119 
0.000508703 0.336965 0.167661 
0.463005 0.000292047 0.0425365 
0.210885 0.00125272 0.294066 
0.000831152 0.0841392 0.420225 
0.00298837 0.380653 0.121445 
0.219319 0.0767727 0.209292 
0.256993 0.0508992 0.196886 
0.000878068 0.465168 0.0400781 
0.00561686 0.17021 0.332067 
0.0389242 0.296964 0.169734 
0.00547282 0.423594 0.0792578 
0.157922 0.249009 0.0986555 
0.212199 0.0444206 0.248736 
0.257096 0.0801835 0.169059 
0.196834 0.137218 0.171049 
0.0487529 0.0360993 0.42347 
0.136714 0.0754484 0.2941 
0.0282893 0.0900583 0.386575 
0.294466 0.0847152 0.126164 
0.336291 0.000218497 0.168673 
0.0428351 0.00159241 0.459822 
0.0828395 0.421999 3.50768e-005 
3.35447e-012 1.4776e-011 0.504855 
0.0758297 0.21959 0.208868 
0.2197 0.165886 0.11947 
0.130205 0.0458246 0.33245 
0.0880791 0.37806 0.039163 
0.337671 0.0934783 0.0745247 
0.252083 0.252022 0.000120091 
0.12684 0.00415081 0.376113 
0.29348 0.211371 3.50776e-005 
0.378501 0.128591 0.000694218 
0.000386794 0.256213 0.24879 
0.33496 0.0487678 0.121585 
0.102526 0.304303 0.0986307 
0.0459973 0.206543 0.252754 
0.252891 0.000152984 0.252744 
0.000403247 0.289882 0.214858 
0.294012 0.00100001 0.208786 
6.28422e-006 0.038279 0.467162 
0.128789 0.207931 0.168778 
0.291755 0.123328 0.0909236 
0.38022 0.00019406 0.127679 
0.165941 0.301092 0.0390913 
0.157068 0.347192 0.000713675 
0.206367 0.261662 0.0371412 
0.166897 0.0481865 0.291629 
0.367571 0.106125 0.0320215 
0.295872 0.170685 0.0387286 
0.0332123 0.379745 0.0923383 
0.157408 0.219912 0.128908 
0.0847382 0.336711 0.0837145 
0.121378 0.168608 0.216242 
0.0404596 0.46261 0.0021926 
0.242777 0.177551 0.0849835 
0.504931 4.29902e-009 7.79492e-009 
0.174586 0.0909659 0.239533 
0.0405611 0.427244 0.0378958 
0.147789 0.186922 0.171502 
0.0439475 0.330737 0.129727 
0.35093 0.122211 0.031984 
0.0839034 0.297137 0.12789 
0.070396 0.0968592 0.336624 
0.0842862 0.252036 0.168579 
0.346781 0.157931 0.000175368 
0.420707 0.00131985 0.0833446 
0.199496 0.299386 0.00476838 
0.461323 0.0437929 1.47464e-005 
0.0383461 0.172349 0.295276 
0.0846239 8.32459e-005 0.424455 
0.252946 0.125843 0.127131 
0.228623 0.192109 0.0845315 
0.0776812 0.132548 0.295254 
1.62104e-008 0.50787 8.23036e-009 
0.0399198 0.12733 0.336612 
0.028289 0.0900742 0.386626 

