0.0694587 0.683939 
0.630061 -0.301493 
0.0776696 0.674551 
0.225856 0.364704 
0.0159624 0.869999 
0.20695 0.503777 
0.638068 -0.390997 
0.452001 -0.1215 
0.633987 -0.348389 
0.845573 -0.755758 
0.824917 -0.488103 
0.640468 -0.410676 
0.418933 0.121727 
0.434941 -0.0432463 
0.827671 -0.533274 
0.643589 -0.430755 
0.432099 -0.0197022 
0.0543266 0.715777 
0.0618217 0.696582 
0.196269 0.582784 
0.411367 0.217368 
0.829735 -0.575351 
0.438383 -0.0683556 
0.832362 -0.618191 
0.823726 -0.464275 
0.828645 -0.55662 
0.240761 0.28078 
0.230628 0.333363 
0.0392927 0.769875 
0.429291 0.00639076 
0.416506 0.150803 
0.254491 0.246248 
0.216154 0.433004 
0.840233 -0.716162 
0.635889 -0.369176 
0.00820837 0.911574 
0.628409 -0.27906 
0.0464802 0.741775 
0.184259 0.661964 
0.426869 0.0318073 
0.826169 -0.509618 
0.851677 -0.770751 
0.447083 -0.11032 
0.620174 -0.152716 
0.62666 -0.254505 
0.421434 0.091597 
0.648561 -0.451221 
0.83701 -0.680183 
0.835289 -0.659253 
0.423946 0.0618542 
0.833854 -0.639844 
0.621866 -0.179361 
2.81436e-006 1.00746 
0.623478 -0.206103 
0.24686 0.260449 
0.625068 -0.230777 
0.442202 -0.0914724 
0.842712 -0.735735 
0.190338 0.624568 
0.0831177 0.672731 
0.61874 -0.128018 
0.0310879 0.801817 
0.631876 -0.32485 
0.220519 0.40097 
0.0243378 0.830821 
0.235489 0.307264 
0.838546 -0.69706 
0.211709 0.468253 
0.831181 -0.598921 
0.201716 0.544058 
0.409499 0.242448 
0.413937 0.183444 
0.633463 -0.343374 
0.444987 -0.103154 
0.841881 -0.729801 
0.0652188 0.690974 
0.235294 0.307983 
0.0666655 0.687853 
0.257154 0.245545 
0.845233 -0.748221 
0.427551 0.023553 
0.230328 0.33962 
0.209607 0.48487 
0.245414 0.265073 
0.656283 -0.452073 
0.416481 0.158278 
0.831605 -0.605409 
0.0500954 0.741288 
0.438394 -0.0683787 
0.0547617 0.714278 
0.639052 -0.398639 
0.192292 0.610743 
0.429257 0.00827403 
0.417796 0.135028 
0.240326 0.289666 
0.623843 -0.21199 
0.21794 0.420544 
0.834307 -0.645521 
0.00945693 0.903572 
0.635734 -0.367701 

