0.342115 0.119358 0.0420581 
0.00136711 0.0837195 0.419263 
0.0883404 0.0436934 0.370169 
0.420639 0.000386215 0.081458 
0.127254 0.124072 0.251233 
0.0464999 0.329645 0.126228 
0.256142 0.0816516 0.164744 
0.000363956 0.209477 0.294098 
0.0364662 0.213676 0.252155 
0.0790129 0.339971 0.0855091 
0.412499 0.0484701 0.0424199 
0.0497285 1.89526e-005 0.453296 
0.212912 0.168699 0.122656 
0.165965 0.129032 0.207779 
0.000220382 0.126316 0.37698 
0.000903303 0.293 0.208145 
0.131051 0.364407 0.00671131 
0.254483 0.000168073 0.248346 
0.000454926 0.336791 0.167864 
0.159999 0.257681 0.0850152 
0 0 0.502471 
0.299551 0.120496 0.083768 
0.381505 0.000813958 0.122015 
0.341464 0.039835 0.121205 
0.216915 0.0012731 0.284269 
0.211207 0.291307 0.000345948 
0.000111807 0.376664 0.125463 
0.0420765 0.463589 0.00134725 
0.306676 0.029673 0.167677 
0.0444772 0.250842 0.209148 
0.0938201 0.20169 0.208958 
0.0851326 3.24458e-005 0.418214 
0.0917722 0.126577 0.284479 
0.0463685 0.290463 0.165777 
0.175905 0.162136 0.164404 
0.127483 0.00181297 0.374359 
0.0440471 0.0883725 0.374888 
0.047801 0.128223 0.326163 
0.130829 0.207639 0.164748 
0.254647 0.123627 0.123997 
0.333173 0.08194 0.0885704 
0.339705 6.63031e-005 0.163738 
0.212656 0.206817 0.0847375 
0.174326 0.32949 5.80861e-005 
0.0447479 0.377222 0.0832054 
0.129545 0.331135 0.0414069 
0.0909992 0.246941 0.164834 
0.130167 0.165104 0.207532 
0.382053 0.122114 4.27691e-005 
0.083646 0.415081 0.00341832 
0.0277956 0.16287 0.311632 
0.00141623 0.459792 0.0416007 
0.154231 0.303589 0.0460474 
0.388381 0.0725524 0.0424166 
0.379083 0.0419058 0.0829181 
0.0461384 0.416683 0.0395503 
0.080679 0.299502 0.122349 
0.207054 0.12355 0.172471 
0.295052 0.162121 0.0459824 
0.423169 0.0792042 0.000186378 
0.221076 0.0311035 0.250193 
0.251128 0.163078 0.089397 
0.259057 0.195578 0.0480853 
0.21479 0.24426 0.0436999 
1.28589e-006 0.503538 6.96534e-009 
0.173667 0.0423313 0.28717 
0.0826678 0.169509 0.250191 
0.213193 0.0820561 0.209098 
0.297495 0.000658436 0.20466 
0.29808 0.205008 3.45926e-005 
0.299939 0.0860209 0.116552 
0.462451 0.0404055 5.17005e-006 
0.140357 0.0672271 0.295492 
0.000436264 0.251095 0.250785 
0.261062 0.0341645 0.207249 
0.173167 0.00137576 0.328532 
0.044732 0.0403499 0.419239 
0.460849 2.00986e-005 0.0414642 
0.521471 8.03408e-013 6.12308e-009 
0.000704976 0.420533 0.082959 
0.133599 0.0348922 0.334651 
0.126807 0.293253 0.0826691 
0.0906231 0.0822179 0.32987 
0.000157511 0.16767 0.335186 
0.0865499 0.372401 0.043482 
0.253536 0.246935 0.00201821 
0.124665 0.252874 0.124829 
0.338608 0.163773 0.000186381 
0.170977 0.206301 0.125977 
0.00299837 0.0456001 0.454135 
0.173852 0.0800061 0.248638 
0.165701 0.12934 0.207809 

