3.83905e-009 0.143276 1.12269 0.103277 0.0596268 0.125437 0.0646595 0.0584346 
1.38968e-009 0 4.97491e-008 0 1.85739 0 0 0.8443 
2.77583e-005 1.93329 0 0 0 0.692376 0 0 
0.000406568 0.841953 0.753039 0.540448 0 0.005005 0 0 
0.695093 0.827039 0.0011235 0.523756 0 0 0.0267122 0.000967543 
5.10685e-008 1.10921e-011 5.69428e-012 1.9059 0.00056922 0.777934 0 0 
0.58684 0.0209906 0.0573336 0.0225893 0.0001455 1.06889 0 0.000186037 
0.351328 0 0.768474 1.72162e-005 0.61748 0 0.000132665 0 
7.24593e-005 1.59842 0 0 0 0.21093 0 1.2712 
1.00823 0 0.000233612 0.688377 0 0 0.0104974 0 
1.04631e-009 0 0 1.78664e-008 3.6386e-008 1.51332 0 0 
0.354585 1.01069 0.314143 0.0405878 0.144366 0.170753 0.13486 0 
1.38017e-018 1.51007e-019 5.18159e-011 0 0.0019338 1.2601 0 0.853489 
7.34105e-012 2.06607e-008 6.98061e-009 2.48412e-009 4.36959e-009 1.53236e-009 0.837184 0.878676 
0.0106379 0.00377501 0.00200633 0.545033 0 0 1.45471 0 
0.00394348 0.0530489 0.0272734 0.737912 0.545554 0 0 0.725018 
0.000255055 1.84126 0 0 0.919246 0 0 0 
0.378932 0.10516 0.678904 0.011881 0.0417608 0.0882164 0.0186341 0.895179 
3.59819e-013 1.34286e-005 1.87898 0 0.833686 0 0 0 
0.162604 0.715462 0.842443 0.0934333 0.145101 0.114109 0.134845 0.143563 
0.000628562 0 0.300381 0 0.229244 0.678163 0.117829 0.692736 
0.0204805 0.507408 0.000593737 0 0.682667 0.612367 0.0197995 0 
0.34073 0.617821 0.202893 0.0513031 0.649291 0.792545 0.0133904 0.0297242 
0.317093 0.000192774 0.0930254 0.0274463 0 0.0026628 0.631517 0.960094 
1.46485e-015 0 5.46691e-008 0 2.04028 0 0 0 
3.16469e-009 7.06365e-010 2.19352e-008 2.02347e-009 0.830968 1.01145 0.0492236 0 
0.00342999 0.27517 0.308225 0.0202531 0.0693837 1.09334 0.0245843 0.100975 
0.132845 0.00561296 0 0.00826385 0.0982027 0.431403 1.0727 0 
0.0135633 0.0028675 0.744623 0.00431948 0 0 0.887037 0 
5.18531e-011 4.99786e-010 2.44926e-008 1.65826e-009 1.85063e-008 2.65697e-009 1.15177 0 
0.661097 0.0034547 0.000421991 0.589391 0.641739 0 0 0 
2.99378e-007 5.52576e-012 0.574785 1.06307 0 0 0 0 
0.000390713 8.95519e-007 0.00020032 0.97506 0.715827 0 0 0 
0.7285 0.0977377 0.844104 0.0547734 0.14484 0.113355 0.134669 0.143493 
1.22369 0 0 0 0 0 0 0 
0.0386672 0.520256 0.153084 0.0451562 0 0.0862142 0.446631 0.962079 
0.972405 0 0 0 0 0 0.741046 0 
0.832473 0 0.887043 0 0.00692118 0.000235345 0.0688968 0 
5.35985e-006 8.51027e-005 6.77073e-007 0.0011157 1.38626 0.519412 0 0 
5.18428e-008 4.42184e-010 1.11287e-011 1.93487 0.340566 0.742451 1.42466 0 
2.2753e-008 0 0 4.85337e-010 0.849349 0 0.863535 0.141715 
5.10902e-009 2.45546e-008 0.738079 0 0.0938403 0.628803 0.424625 0 
3.43927e-005 1.09753 0 0 0 1.71496 0 0.000210191 
0.254146 0.909181 0.133236 0.122137 0.72887 0 0 0.00690453 
0.00352474 7.46358e-005 0.00357613 0.859872 0.00254902 0 0.000880086 0.611056 
0.708534 0.848315 0.00107596 0.00828747 0.017184 0.466855 0.0266984 0.0398251 
0.00827696 0 0.00710022 0.00948856 0.913381 0.00270792 0.00153045 1.82448 
0.00281949 0 0.00133411 0.529913 1.07736 0.107841 0.0114695 0 
0.663429 0.00079717 0 0.348322 0.6905 0.863913 0 0 
2.59546e-008 0.968638 0.00339805 0.508546 0.256926 0.146782 0.187568 0 
0.469899 0.0168078 0.045897 0.0180759 0.000116506 0.85589 0.731486 0.000186036 
0.307137 0.0502988 0.357413 0.876497 0.128788 0.634673 0.205948 0.00064061 
2.23493e-008 0.834087 0 0.00617051 0.646185 0 0.471009 0 
2.75071e-009 6.29741e-010 0.105314 0.0202446 0.0641152 1.16721 0.473022 0.0580992 
0.786869 0 0.00510474 0.0737628 0 0.0110818 0 0.894565 
0.173772 0.00634991 0 0.0268822 1.0979 0 0.272971 0.229606 
0.00659027 0.655492 0.734193 0.0482435 0.127368 0.627675 0.0246732 0 
5.51367e-009 5.32284e-008 1.09319 0.00208499 0.0433617 0 0.354235 0 
0.0887437 0.384891 0 1.13934 0 0.105564 0.146008 0 
8.40935e-006 0.000195269 0.0262517 0.0233324 0.445311 3.04282e-005 0.323908 1.02418 
0.758556 0 0.189743 0.697485 0 0.680667 3.4711e-005 1.05907e-005 
1.48085e-010 2.4198e-011 0.00559992 1.02035 0.0053007 0 0.00175747 1.7601 
0.447488 0.811364 0.267054 0.0118414 0 0 4.47379e-005 0.749961 
0.0524746 0.227284 0 0.672915 0 0.071506 0.0863376 0.970749 
6.35222e-008 0 0 2.37068 0 0.0345987 1.27023 0 
3.31283e-008 3.94833e-008 1.92352 2.49755e-005 0 0.686538 0 0 
1.89813e-011 2.33839e-009 3.30443e-008 1.23631 0 9.75084e-005 1.08213 1.20782 
0.000556754 2.78087e-005 0.00167263 0.438008 0.0109192 0.767386 0.0502407 0.780876 
2.17542e-008 2.61397e-011 0.81188 0.426264 0.866802 0 0 0.000292568 
6.41376e-007 0.0141485 1.28256 0 0.974462 0 0 1.27005 
0.0708311 1.14695 0 0 0.012004 0.0772253 0.165313 0.0321389 
2.28916e-005 1.10998 0 0.00817483 0.000455545 0 0.308217 0.202335 
0.0298923 0 0 0 0.378975 0.018745 0.373433 1.09871 
0.527379 0.0985108 0.157352 0.062954 0.0727207 0.0860858 0.0680463 0.997281 
0.532565 0.0491638 0.156902 0.0462925 0 0.00449123 1.0564 0.0428452 
5.09361e-008 3.39868e-011 0 1.90096 0 1.41554 1.27822 0 
2.69806e-008 4.40879e-009 1.02029 0.000145897 0.00530028 0 0.000254942 1.75999 
5.56858e-008 2.07822 0 0 0 0 0 0 
1.09559 0.000206779 0 0 0 0.70242 0 0 
1.4275e-009 3.31474e-008 1.23822 1.1005 0.10802 0 1.20378 0 
0.0692623 0.194976 0.195554 0.220139 0 0.910396 0.702008 0.073876 
0.34409 0.0724893 1.13742 0.0934317 0 0.00950449 0.072816 0.0171204 
0.0753486 0.020043 1.11383 0.441853 0.00569225 0.00199649 0.0678147 0.0317129 
0.259597 1.1259 0 0 0 0.0776446 0.139684 0 
0.0333314 0.82672 0.00116381 0 0 0.0557756 0.810349 0 
0.0146664 2.84225e-007 0.738672 0.000966471 0.0593215 0.626335 0 0.76513 
0.0369795 0.91879 0.00274396 0.130606 0.0304241 0.673421 0.0113382 0.0468361 
0.512245 0.928815 0.306007 0 0 0.178501 0.408063 0.000427517 
0.84005 0.885192 0 0 0 0 0 0 
0.0650806 0.0141857 0.69146 0.146003 0 0.905419 0 0 
0.84318 0.00412078 0.0946503 0.780955 0 0.00174188 0 1.07771 
0.0244033 0.32834 0 0.000284516 0.0107309 0.157624 0.508652 0.848164 
1.80195e-008 0.672497 0.000429262 0.599573 0.650269 0.0162448 0 0 
0.0319199 0.639227 0 0.692787 0.0307403 0.683918 0.000965002 0 
2.97145e-008 1.10896 0.00658676 0.526371 0 0.00482911 0 0 
0.750771 0.331756 0.241679 0.544931 0.131301 0.155391 0.121134 0.130711 
0.0911511 0.00336563 0.159065 0.0283468 1.15772 0 0 0.235023 
2.32348e-008 0.867135 0 1.45601 0.00975596 0 0.0893712 0 
4.06558e-008 6.23905e-009 1.53506 0 0.0616894 0.0180038 0.941568 1.75148 
0.568506 0 0.828998 0.686947 0 0 0.0614454 0 
0.00127889 0.0316846 0.83415 0 0.0398478 0.601477 0.0283024 0 
0.70992 0.0354638 0.116514 0 0.0179859 0.879119 0.0642765 0.322469 
0.000808699 0.578322 0.615444 5.56324e-005 0.616511 0.000202284 0.0601075 0 
4.99122e-008 8.16934e-009 1.88754 0 0.000223006 0 0.000633564 0.767682 
0.126254 0 0.169817 0.103986 0.176712 0 0.0834254 1.18146 
2.43364e-008 0 0.908246 0.0828784 0.862145 0 0 0.136416 
0.144473 0.826206 0 0.0756182 0.627761 0.0211022 0 0 
1.05727 0.141847 0.312869 0.0649861 0.14393 0.170238 0.134676 0.143501 
0.000515079 1.0666 0 0.501959 0 0 0.528742 0 
0.0512293 0.00183829 0.725183 0.00483468 0.641711 0.813825 0 0 
2.49219e-012 5.49767e-008 2.05176 0 0 0 0 0 
0.835248 0 0.000518901 0.00318841 0.627869 0.00020215 0.0225881 0.0674424 
0.260786 0.473106 0.136573 0.000130103 0.812177 0 0.805373 0.0408258 
0.0471041 0.0001614 0.369104 0.233134 0.3707 0.0651161 1.11977 0.00187745 
0.0355259 0.71144 0 0.000586315 0.0232164 0.516577 0 0.615083 
0.00031395 1.20186 0.574852 0 0 5.1971e-005 0.0102442 0.000159661 
0.62437 0.102251 0.726574 0.0471744 0.124674 0.614397 0 0.0377505 
0.0336846 0.835487 1.44297 0 0 0.000110785 0.000855748 1.17504 
0.114068 0.0342357 0.907105 0.00775335 0.579185 0.153205 0.528974 0.00345762 
1.84769e-008 3.23178e-010 0.689674 0.432217 0 0.00652061 0.0096116 0.86495 
2.83827e-007 7.49171e-009 4.63661e-006 8.93154e-007 0.0799861 0.747203 0.709142 0.727996 
2.15243e-009 1.03364e-008 3.30783e-010 7.63467e-009 1.65709e-009 0.490332 0.00266054 0.979625 
2.35068e-008 0.877285 0.00382338 0.460586 0.224642 4.32631e-006 0.00837691 0.540494 
0.00051161 0.60118 0 0 0 0 0.00491056 1.02939 
9.41196e-016 9.98927e-017 3.53232e-008 2.4841e-008 3.31711e-008 1.2422e-009 4.423e-009 2.03944 
2.17667e-008 0.812345 1.87027 0 0 0.00209367 0 0 
3.10903e-011 0 1.48573e-008 1.10103e-008 0.690145 0.892089 0.171276 1.00555 
0.209605 0.0281213 0.748561 0.0492388 0.10074 0.0788501 0 0.839327 
0.0286209 1.20497 0 0 1.18054 0 0 1.149 
1.19474e-009 2.98769e-008 0.859929 0.604826 0.122538 0.0249726 0.030495 0.0659493 
0.778338 0 0 0 0.37453 0.0425914 0.848494 0.143184 
0.572795 0 0 1.06361 0 0 0 0 
0.000742437 3.65364e-005 0.00223039 0.577313 0.0143919 1.01145 0.0662194 1.71459e-005 
2.64388e-008 6.8341e-009 1.01914 0.824301 0 0.828045 0 0 
3.13256e-009 6.82902e-010 4.0663e-008 1.52228 0 0 0 0 
0.513118 0 0.000163665 0.887072 0 0.000198254 0.766621 0 
0.539038 0 0 0.142166 0.812546 0 0.804743 0.0408242 
0.280666 7.88696e-005 2.61792e-005 0.00282499 0 0.000641922 0.0534495 1.21979 
5.06453e-008 4.3197e-010 1.08717e-011 1.89018 0 0.714344 1.54042 0 
0.00154451 0 0.738085 0.546972 0.139533 1.2011 5.73836e-005 0 
0.483548 0.0280973 0.778216 0.727745 0.284015 0.170495 0 0.0508539 
0.279415 0 0.00653622 0.0213994 0 5.04412e-006 0.0533789 1.21818 
0.000282523 0 0.323517 0 2.01458 0 0 0 
0.34447 0.086395 0.397769 0.026137 0.0894931 1.41116 0 0.130297 
0.528919 0.0987986 0.157812 0.0327502 0.0725986 0.0858684 0.0679308 0.995365 
0.000448992 1.3851 0 0 0 0 0.618809 0 
0.0269466 0.981273 0 0.0218523 0.210917 0.729895 0.0121024 0 
2.36014e-008 5.32071e-009 0.902922 0.713114 0.278814 0.167499 0.222684 0.0508471 
0.0428893 0.737851 0.848632 0.0796749 0.14601 0.114833 0 0.143468 
0.163536 0.0069097 0 0.010173 0.0255032 0.432615 1.072 0 
9.67972e-024 2.35969e-024 3.71832e-016 8.20945e-016 3.36342e-008 1.25525 0 0.857723 
2.30748e-012 5.09022e-008 1.8997 0 0.144267 0.761511 0 0 
1.03129 0.00538921 0 0.843851 0.964316 0 0 0 
0.0814325 0.00300678 0.142105 0.0249251 1.02791 0 0 0.588155 
0.852315 0.000712735 1.86686 4.18136e-005 0.0128236 0 0.000260153 0.0450037 
2.39906e-017 8.95342e-010 0 1.52886e-008 3.11271e-008 1.29467 0.795307 4.66324e-005 

