2.26299e-009 4.57102e-008 1.70802 0 0 0.0522239 0.00205608 1.50454 
1.03344 1.61613 0.887798 0.763302 0 0 0.033232 0 
1.07742e-010 0.00402099 1.76206 0.000539974 0 1.51085 0.0642634 0 
0.23143 0.323919 0.633746 0.246527 0.386409 2.03697 0 0.163607 
0.00239338 0.156163 1.91625 0.148903 0.884035 0.0013354 0.0155983 0.634852 
0.00513437 0.0578042 0.0673055 0.00096345 1.19951 0.0984115 0.109366 1.85608 
6.92092e-007 1.69494 0 0.901727 0 0.91486 0.0147445 0 
5.1378e-008 1.91745 0.814691 0 0 0 0.00236096 0.0124657 
1.08252 0.000759668 0.00261745 1.89118 0.00558015 0 0.0040587 0.000557589 
0.00519548 0.00273455 2.18681 4.47698e-005 0 0 0 0.535777 
7.31003e-012 4.16091e-005 2.08393 0.134298 0.69992 0.0147048 0 0 
0.00846595 2.15556 0 0 0 0.366951 0 0 
1.9667 0 0.00475533 0.944686 0 0 0.00406379 0 
0.184668 0.258452 0.507289 0.197418 0.161763 1.51025 1.41879 0.124794 
0.04355 2.00541 0.484162 0.132655 0.862805 0 0.0163249 0 
1.98627e-008 4.27483e-008 1.7592 1.10207 0.963032 0.000251221 0 0 
3.25508e-005 1.74106 1.04401 0 0 0.10693 0.455845 0.0124659 
1.40651 0 1.62783 0 0.00278952 0.739632 0.0518345 0 
1.73583 0.330329 0.103489 0.0524083 0.0834419 0.968715 0.978956 0 
2.13638e-008 0.79731 0.156057 1.20789 0 1.52789 0 0 
4.52471e-008 1.68865 0 1.0086 0 0.00971053 0 0.666163 
3.16568e-010 1.36036e-011 6.17064e-008 2.30295 0 0 0 0 
1.51139 0 0.000148587 0.00352858 0.00873028 1.5009 0.0374165 0.0807377 
0.00330324 0.0555057 0.054647 0.0718101 1.79133 0.0233936 1.20708 0.0848593 
1.58198e-005 0.010415 0.000239251 0 1.68288 0.0077961 1.23186 0.970372 
0.0569747 1.02741 0.300544 1.78666 0.335482 0.182693 0.215692 0 
0.0417675 0.701836 0.690978 0.907995 1.19322 0.0233932 1.20706 0.0848578 
7.52735e-005 0.000406773 1.72654e-005 1.43153 1.24442 0.921293 0 0.05844 
5.72792e-008 2.13769 0 0.379411 0 0.000825399 0.00544499 0 
7.6675e-007 1.28917e-005 1.26931e-005 0 0.823993 1.54034 1.25598 0 
0.000362694 4.21734e-007 0 1.65417 0.0016353 3.23291e-005 1.21359 0.99005 
0.124794 0.18522 0.0740625 0.0144585 0 0 0.925563 1.83097 
3.02066e-008 1.12733 1.80193 0.132486 0.547266 0.0075341 0 0.126372 
2.0989 0 0 0.0017845 0 0.00436211 7.71945e-005 0.62806 
1.72301 0.376101 1.13994 0.128477 0.00021599 0.003746 0.0152412 0.0014404 
1.99895e-005 1.90321 0 1.13676 0 0.0109444 0 0.00607398 
0.00389583 0.00211541 1.6513 1.19372 0.117589 0 0 0.707329 
2.22436 0.199861 0 0 0.015307 0.0470887 0.729635 0.000636051 
5.8444e-009 3.48865e-008 1.24879e-008 1.39998 2.10854 0.0105212 0 0.00423312 
4.83518e-008 1.80451 0.0994549 0 0.69328 0.00611743 0.749389 0.0121402 
9.56719e-011 0.00357053 1.77339 0.00977482 1.01168 0 0.71626 0.011816 
1.46217e-007 5.45691 0 0 0 0 0 0 
1.41529e-009 1.7181e-008 5.82548e-008 2.2673 0 1.35226 0 1.838 
1.3895e-015 5.1857e-008 2.20331e-008 0 0 8.98507e-009 6.14517e-011 2.12935 
7.7562e-006 0.00468563 1.91692 0.00845216 0.000311949 0.695046 0 0.601006 
1.38135 0.0557203 0.075451 1.22753 0.0872891 0.249671 0.906177 0.0118207 
3.61803e-008 5.31057e-009 4.23866e-008 2.08923 0 0.718418 0.00169871 0.000981754 
2.0156 0 0.000198157 0.00470574 0.0116428 0.693405 0.0377144 0.00454495 
0.436293 0.610654 1.02454 0.727401 1.55343 0.000393921 0 0.195595 
0.232983 2.21558 0.0920194 0.123489 0.0730977 0.0291127 0 0.0403452 
1.41203 0 1.32028 0 0.887232 0 0.0374096 0.107965 
0.0591371 1.12987 0.000889303 0.0876689 0 0.934519 1.11894 1.11196 
5.06761e-008 1.1064e-008 1.93581 0.942724 0.0136691 0.00664899 0 0 
0.0386964 4.41997e-005 1.22507 1.80624 0 0 0.00281038 0.00208102 
0.139236 1.47696 1.45116 0 0 0.203981 0.219039 0.158326 
3.1247e-008 0 3.26112e-011 0 1.16616 0 1.78644 0.0016293 
1.05606 2.93602 0.000268817 0.00369583 0 0.00131428 0 0 
3.23755e-015 1.20827e-007 4.50933 0 0 0 0 0 
0.0871445 1.77266 0.806567 0.703698 0 0.000248781 0.030702 0 
1.54405e-015 5.76249e-008 3.8955e-011 1.65977e-010 0 2.1506 0 0 
0.115652 0.763933 1.7663 0.00196659 0.310552 0.0145834 0.19884 0.87392 
0.337893 0.476371 0.213622 0.0851898 0.16571 0.22048 1.50991 1.37025 
0.0382078 0.430101 0.890696 0.320252 0.253277 0.26559 0.228474 1.72564 
1.61014 0.0723242 0.00141586 0.0251979 0 0.0179787 0.00851236 1.44704 
2.63205e-006 0.00568925 0.000218962 0.00610583 0 1.93358 0 0.966513 
3.19314e-008 4.20487e-009 4.1791e-008 1.96909 0.000727601 0 0.727175 0.000376392 
0.776382 0 1.60664 1.1902 0.000398166 0 0 0 
1.58989 0.771427 0.468464 0.0726106 1.23323 0.0877367 0.0131651 0.138493 
0.123041 1.30517 1.28237 0 0.309536 0.331294 0.930443 0.11152 
0.0583024 0.979677 0.925147 1.2423 0.000347492 0.0239048 1.1031 0.0861087 
4.64218e-005 0.105501 0.0185076 8.23571e-005 0.00144846 0.936161 0.0123732 1.96065 
0.0783109 1.29063 0.330603 0.12216 1.19317 0.0937198 1.20855 0 
2.8908e-008 4.8472e-008 9.44223e-010 1.00939e-009 2.10691 0 0 0 
1.46705 0.909584 1.0738 0 0 0.107077 0.456475 0.0124831 
0.0619804 1.78131 0.580194 0.900366 0.425649 0.0463348 0.27113 0.378164 
1.14598 1.81495 0.0479391 0 0.014487 0.141975 0.000535658 0.5339 
3.46805e-006 1.88182 0.00957117 0.000360993 1.07353 0.00118615 0.000315412 0 
1.95615 1.11444 0 0 0 0 0 0 
1.11456 1.86885 0.0368442 0.0384343 0.106577 0 0.525065 0 
1.37928e-008 2.23558e-005 1.21234e-006 7.70461e-007 0 0.877551 1.90806 0.00324621 
1.22479 0.0433398 1.59112 0.0516854 0 0.0073327 0.815038 0.000522299 
9.41677e-007 0.000410342 1.75626 0.00493631 0.00894492 0.836932 0.899774 0 
1.48328e-010 0.00553567 1.61692 0 0.0189075 0.0121594 1.38727 0.00622885 
0.297684 0.499171 0.382345 0.524416 0.177803 0 1.93284 0.114207 
1.18713 1.88013 0.00225354 0.0668689 0.0150175 0.147103 0.000555006 0.265843 
2.28841e-009 4.65779e-008 1.74041 1.27222 0 0 0.828303 5.92479e-005 
4.1248e-008 1.5394 0.0257547 0.0275324 1.22139 0 0 0.633729 
0.114377 2.06248 0 0 0.168592 0 0.245117 0.701291 
0.000146977 1.45229 0.412531 0.509312 0 0.973562 0.187123 1.06685 
1.97697 0.196692 0 0 0.911746 0.0465959 5.30853e-005 0.0290851 
1.61338 0.260483 0.0536631 0.00129177 1.44639 0.000454366 0.000897745 1.16079 
4.82378e-011 7.53246e-010 0.0281691 1.52382 0 0.749589 1.35999 0.0131144 
1.09629 1.64303 0.00141454 0 0 0.883656 0 0 
0.303607 0.42494 0.715375 1.67796 0.306036 1.05211 0.133642 0.156535 
4.48532e-008 1.67395 0.0260266 0 0 0.00475912 0 1.38918 
3.18308e-009 9.46561e-011 5.03645e-008 1.88339 0.871338 0 0 0 
1.39013 0.102394 0.000735861 0.0779505 1.71389 0 0.000166051 0.00138567 
0.0024416 2.77725 0.0372107 0 0.0208747 1.15391 0 0.983588 
5.85169e-010 8.08546e-010 0.037249 0 7.11141e-007 1.93299 0.949952 0 
0.11767 0.777474 1.7976 0.939356 0.350023 0.13958 0.224797 0.0122212 
3.66875e-008 7.73241e-009 1.39928 0.0782244 1.72051 0.0163162 0 8.54853e-005 
0.611646 0.856078 1.44461 0.486534 0.00116138 0.985999 0 0 
4.92022e-010 8.27257e-009 2.59029e-008 0 1.01498 1.90038 7.49511e-005 0 
0.814108 0 1.92206 0 0.0132514 0 0.000571256 0 
1.69375 0.0192793 0.0016915 0 0 0 1.27055 1.14001 
4.42857e-008 1.65277 0.00627136 0.0146597 0 0.0110358 1.41719 0 
7.12921e-011 4.69355e-008 3.0327e-008 0 2.0855 0.00965548 0.0154566 0.970362 
5.00558e-008 6.94339e-009 1.886 0 0.00110297 0.0389983 0.836084 0.766375 
0.392381 0.549193 0.921422 0.655894 1.39798 1.05146 0 0.200672 
0.282653 0.175281 2.07845 0.224383 0 0.0691466 0 0.0016708 
0.00187196 0.00495751 2.0962 0.000642368 0.962007 0.732814 0.0571387 0 
1.82073e-009 2.51444e-008 3.28395e-008 1.54508 0 0 0.000682422 1.48303 
1.6553 0.950066 0 0.280957 0.501066 0.884306 0.145757 0.372752 
2.82876e-010 1.09061e-011 5.51291e-008 2.05747 0.000450223 0 0.209707 0.921001 
0.0191768 0.767715 1.7556 0.747449 0 0.708031 0.221493 7.74784e-005 
0.212227 2.00238 0.408665 0.146052 0 0.881753 0.088046 0 
0.000931106 2.11829 0 0.011885 0.0414035 0.0160863 0.505021 0.0670013 
0.0883653 1.9763 0.107934 0 0.260487 0.00201547 0.76777 0.109267 
2.65549e-010 1.38949e-008 5.53016e-008 5.15787e-009 0 0 2.13675 0 
3.10299e-009 5.9085e-008 2.20812 0 0.040476 0.00756207 0.522147 0 
0.00999102 0.644417 0.0377883 0.00603661 0 0 1.88257 0.926257 
0.0718312 1.46327 0.477034 0 0.849888 0.296945 0.269912 1.33189 
5.58615e-008 2.08478 0 0 0.0432005 0 0.771539 0.753149 
0.0397082 2.13865 1.71139e-005 0.130819 0 0 0.0155249 0.570043 
2.46307e-008 0.919233 1.90223 0.00184788 0 0.0393508 0 0 
3.74922e-008 1.39923 1.62181 0 0.0123061 0.73685 0.0538048 0.00131807 
0.916794 0.0273184 0.514234 1.5766 0.876752 0 0 0.00352796 
0.00276555 1.74409 0 0.00490209 0.00888291 0.831131 0.893537 0 
2.2413e-008 3.28671e-009 2.11726e-008 1.15719 0.222061 0 2.20354 0.0289427 
0.0207551 3.12271 0 0 0.907195 0 0 0 
0.00019407 0 0.000399414 1.59191 1.1509 0.0119528 0.12351 0.895861 
1.18836 0.00119821 0.00118505 0 0.00115608 2.86192e-005 1.82047 0.00166033 
0.893911 0 1.84984 0 0.00147483 0.0264347 0 0.744841 
0.985037 1.66424 2.64915e-005 0 0.897274 0.043116 0 0 
1.38356 0.263273 0.0018182 1.24865 0.0255068 1.02862 0 0 
1.01949 1.4373 0.611248 0.255503 0.394978 0.655971 0.775586 0 
1.67733 0.103957 0.0235481 0.108876 1.27308 0.95906 0 0.000347093 
1.4714 0 0.010772 0.00359728 0 1.35613 0 0.598593 
5.81697e-009 5.7758e-008 2.16646 0 0 0.486398 0.013117 0.00023765 
0.315791 0.0336357 0.854814 1.41037 1.31288 0.280961 0.218938 0.307734 
0.0798277 1.89971 0.185946 0.917669 0.000138111 0 0.740764 0 
6.49722e-007 1.59109 0.00113947 0.00048758 0 1.4665 0 0 
0.00593052 1.93257 0 0.22114 0.887044 0.734711 0 0 
2.70349e-014 6.15388e-011 2.0795e-010 0.00809351 1.79615 2.1618 0 1.94628 
0.118702 0.784219 1.8132 0.127568 0.943739 0.0350311 0.223661 0.0121595 
4.7163e-008 1.76015 1.05545 0 0 0.11389 0.00139824 0.340408 
2.65523 0 0 0 0 0 0 0 
8.42866e-008 1.83187 1.18473e-005 1.11784 0.962355 0 0 0 
1.45153 0.183112 0.716024 1.44415 0.0295623 0.172748 0 0.0952798 
4.10874e-005 4.44794e-006 7.11761e-006 0 2.02949 0.820829 0.0262926 0 
5.76203e-008 3.50298e-011 0 1.65964e-010 0 2.15043 0.0500027 0 
0.000226362 0 0.000465875 1.68992 1.22176 0.0126886 0.131114 0.702134 
4.9104e-008 1.83259 1.18519e-005 1.11828 0.962731 0 0 0 
1.62567e-009 0.060671 1.92075 0.00847328 0 4.59373e-005 0.736641 0.532236 
4.70185e-005 0.0204886 1.95155 0.00546009 0.0235311 0.0144433 0.902709 0 
0.150962 0.3315 0.0356545 0.176706 0 0.11303 0.929021 1.96562 

