3.21181e-016 1.2466e-058 2.25522e-049 8.62657e-048 1.19867e-008 2.39643e-008 2.86308e-111 7.94826e-038 4.0532e-035 1 
4.14519e-016 1.54701e-008 2.92203e-042 3.31481e-050 0.577352 6.72187e-076 0.577357 0.577357 3.58393e-087 2.66837e-035 
0.10145 0.0997904 0.09911 0.0968536 0.0970502 0.0964857 0.0963452 0.688544 0.669404 0.107215 
0.0816865 0.0822985 0.0790886 0.0963128 0.0814502 0.0770252 0.0738701 0.0801122 0.0884873 0.974016 
0.894432 1.27226e-087 1.93263e-045 6.93616e-031 0.447218 1.65504e-035 1.2212e-042 2.78013e-048 4.17989e-094 4.19403e-028 
2.86794e-021 4.05488e-016 8.60641e-017 1.54701e-008 0.577354 0.577353 4.45131e-077 0.577355 2.53881e-012 1.50839e-032 
0.095184 0.0957859 0.0940434 0.0862255 0.0785203 0.136797 0.675985 0.0729768 0.111337 0.684224 
1.54762e-008 2.16126e-022 0.577582 0.577583 5.21691e-057 1.51873e-030 5.52577e-103 5.96383e-080 9.14179e-049 0.577588 
0.115363 0.110419 0.67662 0.101916 0.10811 0.110384 0.0997907 0.672478 0.110919 0.115483 
4.14526e-016 1.54703e-008 0.577362 0.577356 9.35935e-028 4.65606e-011 0.577354 1.14794e-022 2.71604e-055 1.35446e-029 
0.0889005 0.0856853 0.0870422 0.0796726 0.0865403 0.1028 0.0792274 0.962957 0.11131 0.0921713 
2.39665e-008 0.894443 0.447223 6.79022e-164 2.14247e-035 8.39634e-042 1.23817e-030 1.34257e-110 3.81877e-054 1.10598e-066 
0.577487 0.577443 2.50005e-034 2.07663e-011 1.14829e-012 2.91254e-069 9.90389e-057 0 1.68492e-038 0.57742 
0.122663 0.118941 0.113997 0.67073 0.117932 0.688444 0.10979 0.113807 0.112417 0.114988 
8.68174e-011 1.54698e-008 1.08202e-047 1.46542e-222 0.57735 4.3343e-049 5.23442e-049 0.577352 0.577356 8.04173e-041 
1.11071e-023 4.14524e-016 1.54703e-008 0.577359 4.31785e-024 0.577357 2.05167e-076 0.577356 6.17652e-013 6.81681e-036 
7.24423e-012 1.54703e-008 1.26891e-047 1.67324e-044 0.577358 9.78224e-023 2.59248e-016 0.577354 1.74601e-040 0.577357 
1.58852e-010 1.02355e-041 1.54693e-008 0.577353 0.577347 6.81191e-045 3.5501e-035 1.68679e-128 2.58774e-053 0.577357 
0.57736 0.577317 7.02108e-057 2.07589e-011 6.43589e-023 0.577457 1.74028e-008 1.07042e-021 5.11063e-062 3.50194e-046 
1.18119e-008 4.43489e-021 2.08258e-009 9.1691e-047 5.14658e-075 0.447626 2.56409e-040 0.895253 4.8426e-057 3.91597e-023 
1.54701e-008 0.577352 7.05089e-057 8.10041e-039 6.11643e-060 0.57735 1.48434e-042 0 1.1615e-067 0.577358 
1.54462e-008 8.60219e-010 0.577355 0.577349 9.96622e-022 0.57736 1.05433e-055 3.93602e-021 1.8506e-083 2.37583e-038 
0.673627 0.675046 0.0766141 0.12087 0.08586 0.111294 0.128806 0.109247 0.109074 0.108377 
1.34414e-016 3.92354e-016 8.21181e-019 3.96022e-041 1.54783e-008 2.99141e-018 0.57766 5.92329e-078 0.577658 0.577666 
0.577799 8.8385e-015 0.577751 6.64585e-059 1.91893e-098 0.577385 1.46034e-047 4.72204e-072 3.50645e-068 2.22045e-054 
0.0852634 0.109995 0.0923625 0.0880915 0.101554 0.0975871 0.0859198 0.709002 0.0962573 0.652952 
0.447251 3.58547e-099 3.53462e-029 1.4527e-028 2.42254e-038 0.894414 6.64059e-044 3.32506e-032 5.84899e-068 8.89001e-045 
2.39667e-008 0.894452 1.93267e-045 6.93631e-031 0.447227 1.65433e-035 1.22235e-042 2.78268e-048 1.46333e-093 4.20189e-028 
1.54704e-008 0.577362 3.62477e-039 4.98434e-163 3.48472e-038 1.16172e-043 9.66499e-031 0.577366 0.577363 1.54905e-048 
1.54702e-008 2.18099e-095 0.577355 6.24455e-037 7.67379e-012 9.78218e-023 1.33235e-014 0.577351 1.79517e-040 0.577354 
1.54701e-008 0.577354 3.95163e-059 8.61978e-068 2.22945e-024 0.577352 2.22329e-046 4.04177e-029 0.577352 1.50911e-032 
0.579134 1.48376e-115 7.56012e-035 0.579085 1.04639e-091 8.9726e-036 6.72005e-014 1.96119e-022 7.44762e-055 0.579117 
3.21085e-016 2.57984e-024 6.27361e-043 1.19831e-008 2.37972e-076 5.98037e-020 0.447215 3.8668e-011 3.16329e-174 0.894431 
1.67796e-023 3.82262e-024 6.42268e-016 2.39698e-008 5.54195e-049 3.7475e-018 6.76094e-076 0.894565 0.447283 8.04048e-041 
2.39661e-008 4.64633e-019 0.89443 0.447215 1.38537e-021 1.18828e-028 1.66587e-050 8.26589e-044 4.90301e-030 4.9095e-044 
0.577588 4.88753e-029 0.577534 0.577525 2.19615e-068 1.04358e-035 1.00484e-014 9.47206e-020 3.67832e-055 4.25819e-033 
2.39837e-008 5.30276e-016 1.75948e-034 0.895084 0.447552 5.14109e-021 1.69368e-028 3.15634e-020 2.65702e-070 6.75469e-029 
2.39663e-008 5.00535e-015 1.77841e-049 1.03818e-043 1.39357e-029 1.1143e-038 1.67727e-022 0.894434 2.28786e-223 0.447216 
0.0899868 0.669975 0.67384 0.111278 0.111772 0.119244 0.112703 0.11463 0.113753 0.108347 
2.67949e-008 8.67541e-056 1.91409e-049 7.04402e-040 1 1.58469e-040 1.89131e-042 0 7.27026e-026 6.19213e-030 
2.01582e-016 3.6718e-016 1.56326e-008 3.98191e-019 0.583419 9.28178e-011 0.583438 3.17403e-009 0.583432 2.08012e-024 
0.10414 0.101997 0.955826 0.112774 0.0800418 0.0945929 0.120638 0.0887993 0.088257 0.090836 
0.669008 0.133255 0.106516 0.101508 0.107434 0.108184 0.113631 0.673638 0.10809 0.108403 
1.54702e-008 2.07799e-095 0.577357 6.52281e-037 0.577358 7.81067e-048 1.21939e-048 0.577365 2.83977e-040 4.63122e-028 
5.17552e-011 5.08209e-011 1.5472e-008 2.33388e-041 0.577429 1.59159e-308 0.577278 1.18559e-043 1.64329e-073 0.57736 
1.16812e-026 4.35949e-019 3.09006e-019 6.42174e-016 3.84185e-037 2.39663e-008 3.20924e-037 8.56204e-036 0.894435 0.447217 
0.674317 0.137193 0.119783 0.113176 0.0993421 0.101743 0.0839425 0.0752627 0.674619 0.106845 
0.894432 1.22554e-018 1.74784e-056 3.72067e-046 4.0732e-029 0.447215 1.57017e-047 1.94157e-096 2.09504e-028 2.18641e-054 
0.663446 0.134706 0.674801 0.103024 0.111825 0.1193 0.112758 0.111556 0.110716 0.108321 
0.11434 0.109351 0.110192 0.109066 0.11912 0.669439 0.107161 0.671793 0.112407 0.115177 
2.39661e-008 0.894428 9.46361e-031 1.62433e-042 8.87657e-089 5.5845e-098 4.3972e-079 0.447214 5.30698e-025 2.17399e-039 
0.0936432 0.6775 0.112249 0.112618 0.107954 0.108112 0.113374 0.670691 0.113775 0.108391 
0.119848 0.663872 0.117993 0.11098 0.0971165 0.101469 0.11208 0.138444 0.674096 0.115098 
1.54776e-008 2.09546e-058 5.84847e-047 0.577632 0.577626 1.86499e-018 1.7414e-058 1.45395e-130 0.577634 1.33676e-043 
0.687716 0.11821 0.103593 0.100129 0.113217 0.104043 0.108535 0.12599 0.0851465 0.658742 
8.95976e-011 1.54698e-008 0.57735 0.577351 2.01182e-095 1.29926e-029 4.43074e-110 1.2835e-080 0.577361 2.89947e-041 
1.93856e-026 1.58295e-026 1.11086e-023 4.14579e-016 1.54723e-008 0.577435 3.51092e-022 0 0.577434 0.577441 
0.577401 3.1528e-039 6.50187e-063 1.20759e-036 1.21054e-029 0.577392 0.577393 1.61605e-094 1.37005e-028 1.4011e-032 
1.14983e-008 9.23942e-017 1.04474e-008 0.579802 1.48399e-068 2.95871e-012 0.579801 2.58905e-020 0 0.579808 
2.36579e-008 2.00156e-036 3.88898e-009 2.65047e-046 1.14376e-029 0.894777 2.07782e-103 1.4783e-013 3.53917e-057 0.447387 
1.54565e-008 6.5121e-010 0.577358 2.99296e-027 3.36648e-032 0.577354 0 6.05819e-279 0.577352 1.35773e-057 
0.111958 0.679241 0.112874 0.662047 0.115326 0.112429 0.12848 0.111768 0.114012 0.119779 
2.67949e-008 2.14793e-016 2.82221e-059 9.44731e-034 7.09377e-037 2.44481e-019 1.21038e-023 7.27653e-018 1 1.29453e-029 
1.55901e-008 2.63226e-037 0.581831 1.37908e-012 1.84467e-030 9.23624e-011 0.581851 9.50959e-023 0.581844 2.35358e-056 
0.577374 6.30297e-024 2.82046e-036 0.577387 4.70735e-032 0.577371 0 2.00203e-015 2.80131e-042 3.51605e-053 
1.54703e-008 0.577359 7.58566e-056 8.90281e-021 0.577361 9.99601e-046 6.60507e-015 3.60127e-010 6.34409e-081 0.577339 
0.894561 0.447223 3.71312e-047 1.06663e-048 1.18409e-014 4.72343e-059 1.70296e-074 3.69655e-062 1.72137e-046 3.73717e-030 
2.23955e-008 5.8488e-018 6.98608e-095 1.58762e-061 8.76102e-009 1.01926e-044 0.897489 5.83051e-023 0.448745 3.08611e-041 
0.112347 0.107443 0.108271 0.107249 0.117066 0.675022 0.10779 0.124252 0.0839821 0.691398 
1.5503e-008 4.32766e-019 5.5975e-012 0.578579 0.57858 6.54863e-018 1.39769e-047 0.578587 1.89247e-070 4.5125e-030 
0.0870434 0.0839738 0.0843632 0.0785257 0.96645 0.0949865 0.088903 0.0903298 0.0871332 0.0912858 
5.87287e-019 4.14521e-016 2.88741e-055 1.54702e-008 4.05083e-076 0.577355 2.59246e-016 0.577351 2.42087e-040 0.577354 
1.19833e-008 2.32875e-030 0.447224 0.894447 1.84821e-023 1.41027e-050 3.78482e-017 1.29156e-040 2.76752e-012 1.03615e-034 
1.54706e-008 0.57737 2.1127e-069 1.01767e-023 4.63744e-030 7.82336e-016 0.577363 0.577372 2.42598e-077 2.22316e-045 
6.42746e-016 2.39876e-008 0.895232 8.3043e-030 5.35579e-022 0 1.41822e-089 1.74141e-043 4.33058e-057 0.447615 
6.25015e-016 2.33259e-008 4.11484e-009 3.91097e-009 6.34743e-057 0.895946 1.66101e-009 6.05384e-069 0.447974 2.51634e-025 
0.447259 0.894406 2.39793e-055 4.63903e-054 3.9795e-023 1.84488e-059 3.8293e-027 5.12608e-019 2.50089e-074 1.85129e-038 
0.577638 2.87712e-099 0.577607 5.12459e-045 0.577638 2.84875e-039 2.7184e-046 2.72663e-121 6.39061e-012 3.56654e-040 
0.577359 6.12065e-009 6.52603e-023 0.577359 1.55839e-019 5.09167e-190 3.38947e-064 1.52074e-040 0.577342 2.03269e-024 
1.19831e-008 1.29393e-042 4.2505e-042 0.447216 2.69514e-034 1.65982e-051 0.894429 6.37674e-056 2.57406e-048 1.09858e-016 
1.54741e-008 0.5775 0.577294 8.46797e-052 0.577269 8.92497e-048 1.48276e-048 6.56387e-030 2.31473e-009 4.17084e-028 
1.54716e-008 1.61881e-040 1.12312e-052 2.28675e-051 2.92808e-050 5.90602e-059 0.577407 0.577409 0.57741 1.4741e-028 
1.19831e-008 0.447215 3.36492e-032 1.27229e-029 1.67682e-029 3.83441e-061 0.894431 2.84318e-020 9.65323e-021 5.94159e-215 
3.21102e-016 1.11976e-027 1.19837e-008 5.08195e-048 0.447238 1.18233e-088 2.22512e-078 6.18267e-019 0.894475 2.7374e-046 
0.577359 4.37445e-044 2.17396e-046 1.51904e-020 3.26312e-047 8.79232e-036 0.577352 0.577357 4.53227e-064 7.13691e-028 
1.547e-008 0.57735 0.57734 5.82944e-039 9.70832e-028 1.07271e-032 1.48327e-042 0 1.16098e-067 0.577369 
1.95089e-013 7.01818e-058 1.55029e-008 0.577359 2.1734e-022 0.57735 0.577355 2.18533e-031 2.64752e-078 2.7041e-035 
1.54692e-008 0.577319 4.41988e-032 2.81277e-045 4.34886e-024 1.34409e-064 0.577374 3.59901e-041 0.577369 2.34906e-045 
1.54752e-008 7.98682e-042 0.577544 0.577541 2.71003e-040 5.53358e-124 5.11143e-036 0.577537 4.90265e-034 2.39437e-018 
0.579021 0.579018 0 1.31365e-027 2.4698e-025 4.21221e-011 3.26454e-086 1.73849e-013 0.579014 8.08456e-041 
1.54251e-008 1.64244e-009 0.578926 6.31967e-039 0.578906 3.36585e-062 0.578911 2.56109e-029 4.61834e-020 3.72684e-049 
0.894446 1.08017e-015 5.73345e-037 0.447195 2.0065e-072 1.92073e-015 2.30256e-017 1.91271e-059 5.34117e-061 1.37646e-046 
1.43658e-008 3.26155e-009 9.68966e-066 6.68688e-043 4.7213e-009 0.577328 0.577378 4.69488e-034 0.577351 5.48445e-031 
0.065394 0.0624776 0.673201 0.675293 0.111411 0.118335 0.120836 0.114335 0.124527 0.114076 
0.091488 0.661537 0.117461 0.109548 0.105775 0.0960721 0.686574 0.111549 0.113291 0.106854 
2.67949e-008 6.77753e-111 1.44469e-049 1 4.96068e-033 6.31417e-058 2.56022e-099 4.39558e-022 1.51564e-027 1.07297e-023 
0.105351 0.101541 0.677216 0.111862 0.667781 0.126497 0.106094 0.10002 0.111087 0.112485 
4.10076e-016 1.03716e-130 5.79659e-017 1.7453e-017 1.54701e-008 1.67208e-043 2.40471e-048 0.577353 0.577352 0.577359 
0.447216 4.41969e-035 1.59707e-041 3.45765e-011 7.96463e-028 4.95154e-035 0.894429 4.94825e-056 7.62888e-015 1.09153e-050 
1.54793e-008 0.577695 1.43097e-038 4.66016e-059 2.42548e-030 0.577686 0.577691 3.89319e-065 1.15263e-034 1.66093e-033 
0.950127 0.129896 0.0769829 0.121391 0.0863253 0.108888 0.107153 0.111924 0.0962663 0.0931588 
0.449481 1.06524e-030 1.74467e-067 5.04925e-039 3.91246e-067 1.32262e-059 5.91075e-032 0.898964 3.74128e-056 6.10565e-023 
0.671621 0.115447 0.1116 0.100885 0.669676 0.117831 0.11263 0.114016 0.109489 0.114269 
0.577336 1.04694e-050 3.68086e-057 2.23217e-008 3.65598e-024 1.29611e-018 0.577369 7.75162e-092 0.577356 4.05792e-047 
0.447215 7.71462e-010 3.59648e-064 0.89443 3.56074e-058 9.97004e-027 5.5479e-026 4.55446e-050 2.65794e-014 4.26631e-037 
1.54773e-008 0.577623 9.39103e-059 4.6679e-059 0.577616 5.38939e-064 2.9473e-063 4.37357e-012 0.577625 1.14338e-051 
0.113362 0.108492 0.10827 0.107979 0.109543 0.680627 0.094403 0.116264 0.666173 0.10673 
2.39702e-008 0.894581 3.79903e-039 0.44729 1.31166e-018 2.85722e-039 2.43497e-046 3.04374e-063 0 5.71586e-031 
4.14527e-016 1.54704e-008 0.577363 4.98434e-163 7.63631e-042 1.01503e-054 1.60846e-035 0.577367 0.577364 1.77406e-056 
0.577623 4.13408e-009 7.42332e-059 4.6679e-059 0.577617 5.38939e-064 8.30274e-065 4.37357e-012 0.577625 1.14338e-051 
3.68062e-014 1.19831e-008 0.447217 2.5051e-029 0.894437 4.23055e-023 1.98171e-035 2.37243e-152 3.01115e-192 1.69565e-028 
1.96211e-007 0.577382 0.577323 1.10175e-029 9.72875e-075 2.42235e-046 0 7.48716e-035 0.577356 5.52476e-058 
1.54704e-008 4.67513e-037 0.577362 1.10937e-030 2.00177e-030 5.98727e-050 0.577347 5.62612e-022 1.76271e-050 0.577354 
0.109522 0.109695 0.123726 0.108176 0.11742 0.118749 0.13939 0.117974 0.724516 0.604726 
3.20519e-013 1.5476e-008 0.577574 2.51793e-036 0.577568 7.81382e-076 3.69472e-077 7.99036e-024 3.229e-055 0.577578 
0.117643 0.115224 0.116388 0.112623 0.669741 0.107913 0.113484 0.671825 0.113694 0.108339 
2.63986e-010 2.12124e-018 2.39857e-010 1.54678e-008 3.95145e-076 0.577419 0.577418 2.57279e-020 0 0.577425 
0.577383 2.03175e-047 2.81383e-048 8.74211e-041 0.577365 1.14356e-064 0.577346 1.31186e-040 3.88384e-072 1.03694e-034 
1.54691e-008 0.577315 3.61407e-027 0.577317 3.96675e-012 4.695e-047 3.94487e-044 0.577426 8.64781e-018 6.62747e-024 
0.103718 0.103956 0.103738 0.669074 0.110085 0.111136 0.112055 0.122677 0.677456 0.108463 
1.54698e-008 0.577342 7.38135e-044 2.46398e-036 7.63801e-070 0.577333 4.48065e-033 0.577386 9.11851e-044 4.46355e-039 
0.0976036 0.0941621 0.0957788 0.107502 0.098899 0.146878 0.676087 0.674829 0.111433 0.108594 
0.580661 0.580618 5.17394e-051 2.18424e-008 0.580498 1.97071e-037 1.25028e-053 2.00112e-027 2.12973e-018 1.26094e-032 
1.54733e-008 0.577471 0.577461 1.58843e-045 1.63882e-099 0.577128 2.31894e-103 3.2268e-076 1.35011e-101 1.66627e-021 
0.690045 0.0943307 0.122496 0.114245 0.11031 0.100189 0.655793 0.111652 0.113855 0.106958 
1.19831e-008 0.447214 3.32041e-032 1.69684e-062 1.5445e-067 5.45597e-043 3.29719e-017 1.81586e-030 5.57003e-072 0.894431 
6.4217e-016 2.39661e-008 0.894428 5.74122e-034 2.76867e-068 2.1087e-040 8.85402e-054 0.447214 5.34249e-025 3.95905e-040 
1.45443e-010 1.19822e-008 5.53142e-067 0.447214 0.894434 1.17885e-058 2.47295e-027 4.69934e-040 7.86818e-046 1.80164e-012 
1.547e-008 1.65697e-010 4.91163e-042 6.63688e-059 0.577383 0.577342 1.66464e-103 2.76579e-059 0.57736 2.53071e-050 
2.46249e-011 2.41765e-011 1.53171e-008 2.17229e-009 0.577364 1.22357e-042 7.60557e-037 0 0.577363 0.57737 
1.54702e-008 0.577357 2.49788e-024 0.577351 6.86192e-028 1.68393e-065 0.577349 8.9367e-082 4.98641e-057 9.2949e-026 
0.577443 3.85969e-032 0.577265 3.99417e-023 9.32493e-035 5.69453e-032 0.577349 1.51535e-009 4.14513e-042 1.15355e-053 
0.577355 1.19202e-100 5.00934e-045 0.577322 0.57738 4.57624e-063 5.07622e-098 3.38049e-023 7.25176e-059 1.48442e-025 
1.19831e-008 8.23369e-017 3.04855e-060 0.447216 8.00796e-092 7.12135e-036 1.96917e-033 3.74592e-011 0 0.894432 
0.577389 1.23468e-025 2.57227e-185 3.26769e-050 1.4416e-030 1.28914e-051 5.0837e-038 1.1117e-062 0.577363 0.577367 
0.577518 5.07452e-021 0.577465 1.48143e-042 8.2627e-089 5.12173e-098 4.78953e-043 0.577486 7.17355e-018 1.26363e-019 
6.42172e-016 2.39662e-008 0.894432 1.3175e-043 1.9902e-029 6.45312e-037 2.6409e-027 1.23912e-027 0.447216 3.29234e-041 
1.19831e-008 9.60585e-017 1.61964e-036 4.21436e-034 3.6274e-037 2.338e-016 1.65003e-040 9.47679e-019 0.447215 0.894431 
3.20801e-016 7.69091e-131 1.9232e-044 1.35284e-017 1.07478e-048 1.19831e-008 1.76936e-048 0.447216 0.894431 7.15452e-026 
2.39663e-008 0.894434 1.81351e-029 9.76781e-031 9.39662e-030 7.47161e-061 0.447213 8.4983e-044 4.9021e-030 8.86339e-214 
1.73566e-015 1.06404e-017 1.28449e-019 2.97361e-060 3.98968e-016 1.18758e-008 1.60041e-009 0.447218 2.99356e-167 0.894435 
1.54704e-008 0.577363 3.78939e-068 4.64482e-059 6.86503e-028 7.82679e-052 0.577356 9.55602e-066 1.18056e-066 0.57734 
0.11498 0.115349 0.115114 0.111389 0.66238 0.107197 0.679057 0.111528 0.113595 0.106854 
1.19831e-008 0.447215 3.59648e-064 0.89443 3.56074e-058 9.97004e-027 2.95262e-027 4.51364e-050 2.65794e-014 5.32226e-041 
1.54564e-008 6.48452e-010 0.577349 2.98845e-027 3.32027e-032 2.93817e-051 8.00299e-037 0 0.577348 0.577356 
3.21086e-016 1.58091e-051 1.19831e-008 0.447217 2.57515e-032 0.89443 2.89769e-035 2.12942e-061 4.46554e-020 9.0853e-048 
2.67949e-008 8.10018e-037 1 3.94209e-028 3.09479e-068 2.35759e-040 9.89909e-054 1.4319e-023 5.34249e-025 3.96243e-040 
0.577408 2.28142e-036 1.01486e-029 2.81665e-036 0.577409 0.577401 8.39771e-023 5.18972e-029 4.36518e-029 2.01505e-049 
1.83482e-011 2.4069e-044 3.13916e-042 1.19837e-008 7.02936e-057 7.79195e-206 0.44724 5.12886e-062 0.894479 1.27587e-034 
1.54708e-008 6.96369e-105 0.577378 0.577315 0.577363 1.98101e-061 2.67054e-046 9.60726e-020 3.74886e-012 3.17526e-018 
0.577348 8.15297e-031 3.79013e-050 8.93401e-021 0.57735 2.16394e-045 2.72347e-055 0.577358 7.78501e-081 1.10938e-029 
2.54901e-009 1.52652e-008 0.577593 1.67184e-048 2.09059e-030 0.577584 5.29245e-033 0.57759 8.89933e-048 7.15642e-028 
1.19831e-008 0.447216 1.76148e-049 1.68435e-065 5.69061e-072 5.62952e-052 2.35431e-043 7.9826e-014 0.894431 4.59355e-058 
1.54709e-008 0.577381 7.81663e-185 3.28676e-050 6.6644e-072 7.26806e-052 3.03964e-043 3.15479e-047 0.577355 0.577359 
4.14532e-016 1.54706e-008 0.57737 2.17012e-023 7.68161e-012 8.40356e-019 0.577363 0.577371 4.56241e-027 6.99386e-046 
8.43208e-009 7.76436e-029 8.34493e-010 9.63171e-072 8.47334e-009 1.15699e-105 0.447214 0.894431 0 1.44119e-072 
1.54791e-008 6.66394e-047 0.577689 7.51307e-037 2.41984e-030 0.57768 0.577685 3.1961e-031 1.15262e-034 1.65998e-033 
0.0922475 0.0897191 0.0887914 0.101017 0.0847961 0.962211 0.0771846 0.088846 0.0938715 0.0990312 
0.447251 1.4199e-022 1.19589e-051 3.08442e-031 2.61531e-049 6.4591e-043 1.21585e-010 7.79811e-010 0.894412 9.50923e-028 
1.54702e-008 0.577355 5.60886e-025 0.577357 3.94803e-034 1.49591e-059 1.03812e-055 2.32077e-045 0.577348 6.80678e-026 
2.39662e-008 0.89443 3.75181e-048 1.07871e-057 1.22138e-021 0.447216 3.26491e-036 6.7504e-190 3.60658e-057 1.04745e-074 
3.21085e-016 1.19831e-008 1.55027e-034 7.72701e-050 2.52656e-066 0.447215 2.61603e-027 8.9594e-016 0.894429 3.80615e-024 
1.54796e-008 0.577708 2.04895e-041 4.98443e-009 0.577709 0.577705 2.98992e-044 1.20354e-072 2.94265e-185 2.48706e-021 
0.894773 7.57014e-029 6.5997e-042 9.89164e-039 4.26855e-022 9.47887e-038 2.07781e-103 1.47829e-013 3.32374e-057 0.447386 
2.40011e-008 3.52957e-022 0.895733 1.5611e-045 1.51471e-075 0.447868 1.59539e-103 3.9159e-019 8.78991e-229 6.1722e-037 
2.41592e-008 0.901636 2.18226e-042 6.32939e-054 2.33892e-024 1.86199e-059 7.06597e-097 5.70744e-019 0.450818 4.81819e-026 
0.57741 0.577364 5.00409e-022 8.89973e-197 1.03312e-027 6.82103e-061 0.577387 1.43625e-011 2.46402e-048 8.80607e-041 
0.119771 0.663416 0.11049 0.11284 0.10987 0.111015 0.10638 0.122684 0.0924633 0.683733 
0.577983 5.29225e-021 1.13725e-049 0.577977 2.551e-068 6.30088e-011 5.69862e-040 0.57798 9.78115e-013 4.33934e-045 
1.54441e-008 9.00318e-010 0.577362 2.24356e-036 0.577345 2.96086e-022 8.17616e-013 5.76823e-058 0.577357 1.39328e-023 
1.19831e-008 1.67252e-038 0.447216 6.5882e-044 4.27451e-024 1.28344e-039 2.89871e-044 0.894435 2.27916e-158 5.39952e-024 
1.19831e-008 8.17759e-017 4.20788e-042 2.09897e-018 0.447215 7.12225e-036 1.0066e-043 1.83684e-017 7.27739e-049 0.894432 
1.95526e-008 2.32808e-056 1.38591e-008 0.894432 4.43903e-033 0 2.52467e-031 1.69211e-063 7.20784e-057 0.447215 
2.12027e-007 0.577773 0.577769 3.07115e-023 4.12906e-055 1.14755e-018 0 0.577776 5.38574e-021 4.13006e-052 
0.447214 1.55138e-029 1.01555e-045 2.40207e-042 0.894432 1.09354e-038 4.64187e-033 8.94498e-190 4.16955e-058 1.30384e-053 
8.06021e-009 6.44241e-009 6.10879e-009 0.447518 2.11761e-056 3.59917e-198 3.15185e-010 8.74011e-095 0.895036 1.23615e-029 
4.14547e-016 3.39694e-024 1.1487e-066 3.57876e-178 1.54711e-008 0.577391 1.17726e-035 0.577389 0.577388 1.61413e-066 
8.10928e-010 3.10174e-011 1.54699e-008 0.57814 3.48941e-038 2.14162e-049 9.67801e-031 0.578144 0.578141 1.65056e-048 
2.39663e-008 2.819e-056 7.5306e-048 0.894434 5.52067e-030 1.89502e-040 1.95909e-042 1.6698e-063 0.447218 7.85136e-044 
0.897117 4.65583e-009 8.70985e-066 6.43159e-054 1.24956e-024 3.80234e-037 3.00535e-086 5.18074e-023 0.448559 3.08484e-041 
1.54723e-008 0.577433 0.577281 3.83399e-008 4.20355e-036 3.83866e-031 0.577352 3.20872e-031 8.30328e-027 9.03305e-074 
2.38617e-008 3.51463e-044 2.23614e-009 0.894432 4.59526e-038 1.5228e-070 0.447216 1.59196e-071 0 1.31983e-016 
0.577362 3.50351e-032 2.95948e-029 2.27764e-028 2.21908e-030 2.03052e-030 0.577347 7.67963e-028 1.75907e-050 0.577354 
0.447215 6.58241e-015 1.5704e-034 7.8331e-011 5.48348e-092 7.12225e-036 1.0066e-043 1.83684e-017 2.3801e-125 0.894432 
1.69761e-018 2.93106e-016 1.09391e-008 1.09418e-008 0.577428 0.57743 1.65661e-047 2.22024e-127 2.37957e-040 0.57743 
2.67949e-008 4.96558e-093 7.84133e-042 4.69788e-027 7.29458e-022 3.28122e-053 1 2.73799e-079 2.75345e-012 2.40631e-058 
1.54702e-008 0.577355 9.95466e-042 0.577363 7.2146e-060 1.24073e-042 1.14705e-009 9.38295e-023 3.07818e-055 0.577366 
0.0970077 0.962724 0.0776831 0.0704692 0.0869909 0.0877646 0.114106 0.0801734 0.0960171 0.0944911 
1.5577e-008 2.03835e-051 5.02878e-056 0.581342 1.96951e-025 8.81827e-036 0.581335 0.58134 4.56353e-064 7.20635e-028 
2.67949e-008 9.27033e-019 1.13793e-046 2.42978e-047 7.93081e-028 3.67116e-051 2.03621e-044 1 8.10075e-113 4.30863e-030 
7.62076e-021 1.30977e-021 2.88581e-013 2.39661e-008 7.35363e-076 3.26469e-048 0.894428 0.447214 5.34249e-025 1.66635e-040 
6.01995e-009 7.29767e-010 1.42373e-008 5.38563e-017 0.577533 0.577598 0.577556 3.2921e-031 9.24835e-027 6.26711e-087 
5.43007e-024 9.68916e-024 7.88368e-057 1.72594e-043 4.14519e-016 1.54701e-008 0.577352 0.577348 8.94871e-145 0.577356 
0.0920606 0.0871118 0.670298 0.112681 0.106383 0.681859 0.108345 0.0996337 0.1111 0.112958 
3.84804e-007 0.577501 5.62831e-037 0.577494 0.577539 4.51149e-039 0 2.54893e-020 7.12532e-164 4.20714e-025 
0.577383 6.6749e-040 7.13567e-059 7.14554e-021 0.577356 6.64988e-039 1.60217e-029 8.2716e-024 3.00409e-047 0.577349 
1.20199e-008 0.448589 1.44472e-043 1.28772e-061 1.87765e-029 0.897179 1.20136e-077 3.92573e-019 6.82933e-025 7.73052e-037 
2.67949e-008 1 5.72311e-064 1.40933e-020 2.22471e-029 3.85902e-065 4.77521e-027 9.9801e-160 3.75048e-028 1.15208e-022 
0.898961 1.26787e-038 1.30365e-059 1.33893e-070 2.24583e-022 7.4994e-042 0.449465 1.22128e-014 1.33046e-073 7.79385e-052 
3.21085e-016 1.19831e-008 0.447214 2.42035e-055 3.90127e-123 8.46956e-025 7.33917e-047 4.45812e-010 6.60249e-064 0.894432 
0.0912195 0.0879368 0.674122 0.113284 0.112472 0.102276 0.0939941 0.132692 0.677598 0.111495 
1.0001 0 0 0 0 0 0 0 0 0 
2.31046e-008 7.36256e-031 6.36826e-009 7.41263e-054 0.894431 0.447214 3.44634e-016 1.93903e-096 1.9543e-086 6.79928e-067 
0.0923275 0.670114 0.110772 0.113206 0.116707 0.676143 0.108219 0.0996323 0.113694 0.111625 
0.668172 0.114977 0.111025 0.113468 0.112652 0.680011 0.126389 0.112262 0.114511 0.112054 
0.578816 0.576621 1.78288e-066 0.577013 6.02442e-011 3.83366e-048 9.45548e-041 0 1.85638e-051 1.01944e-034 
0.0977439 0.109418 0.099384 0.656256 0.107866 0.109039 0.681942 0.16635 0.112454 0.10846 
0.103443 0.10031 0.10035 0.0968919 0.100239 0.0914833 0.0883158 0.0952475 0.95398 0.126093 
0.578296 0.578264 2.46399e-010 3.04763e-040 1.94336e-025 8.92378e-034 3.84698e-030 0.578521 3.84951e-027 1.14269e-019 
0.577401 5.91255e-039 0.577337 7.084e-033 3.0963e-032 2.4224e-046 5.12235e-021 3.37439e-114 0.577321 3.23634e-028 
0.112952 0.108111 0.104036 0.670293 0.114935 0.102461 0.113416 0.122146 0.0982636 0.67768 
1.54701e-008 3.63894e-044 0.577353 2.20717e-010 0.577354 0.577351 4.54673e-051 1.36969e-061 3.85385e-068 2.84919e-052 
0.447259 2.37477e-031 0.894915 1.40359e-059 6.22568e-043 1.99926e-034 2.43795e-043 6.47792e-174 4.54819e-026 2.8578e-052 
2.67949e-008 1.95012e-042 5.29969e-054 1.73769e-050 1.08422e-011 1 1.28347e-031 3.63707e-046 1.04507e-026 3.64097e-030 
0.577387 1.34978e-011 0.577328 1.92268e-026 9.63195e-028 2.66672e-069 4.25322e-107 5.00067e-116 3.53911e-054 0.577364 
0.680043 0.116901 0.102558 0.665874 0.112173 0.108413 0.129225 0.099926 0.114099 0.0913712 
0.578575 9.92684e-083 1.30631e-034 5.42594e-030 1.74937e-026 7.43991e-018 0 0.578451 0.578463 6.88146e-029 
4.37043e-019 1.63107e-011 1.15612e-011 2.40264e-008 0.89668 6.67385e-036 1.15203e-029 1.90295e-094 2.23227e-082 0.44834 
1.19831e-008 0.447215 4.70777e-031 3.46827e-031 1.19832e-068 1.28827e-039 2.76483e-035 0.894431 5.31574e-025 1.71705e-040 
6.79905e-019 1.21155e-016 6.30641e-016 1.25595e-080 2.39663e-008 0.894434 2.26947e-069 0.447217 8.44059e-169 9.3769e-023 
0.148278 0.145519 0.144914 0.940329 0.0879701 0.0835665 0.108766 0.089841 0.0963384 0.0911822 
1.19836e-008 0.447233 1.0149e-045 2.40218e-042 0.894471 9.20244e-039 2.87612e-046 2.00254e-015 2.11509e-028 1.30404e-053 
1.54711e-008 0.57739 0.577342 0.57733 1.70575e-075 2.17065e-031 3.52613e-035 3.91824e-019 4.44193e-020 7.69595e-037 
0.577355 8.05808e-088 4.02165e-040 6.24455e-037 7.67379e-012 9.78218e-023 2.59246e-016 0.577351 1.79517e-040 0.577354 
1.19831e-008 4.65098e-051 8.41408e-042 3.21853e-040 0.447215 0.894428 1.06852e-103 6.56951e-030 1.51268e-027 6.40429e-030 
1.52486e-008 2.62068e-009 0.577428 1.89272e-023 2.44548e-110 0.577431 4.56523e-044 1.99391e-127 3.33889e-200 0.577431 
8.28212e-016 9.28177e-052 1.35757e-016 2.34403e-008 4.9996e-009 0.894481 0.44724 1.59205e-071 0 1.31904e-016 
1.54915e-008 0.57815 2.73397e-026 2.95857e-055 0.578131 3.1791e-054 0.578136 2.11382e-044 1.44797e-116 4.18425e-028 
2.11625e-011 1.19833e-008 0.447225 1.17166e-023 1.67151e-030 4.78777e-021 0.894449 2.81481e-016 1.18959e-027 1.85983e-027 
6.39371e-016 2.79182e-046 5.99172e-017 2.39662e-008 0.894432 1.68337e-065 0.447217 2.39472e-069 0 1.32312e-016 
0.0825114 0.0796833 0.0846318 0.0781272 0.0812123 0.0955018 0.966008 0.0906876 0.0976284 0.083532 
1.19789e-008 0.447057 0.894511 2.19147e-060 6.22288e-043 1.99835e-034 2.43685e-043 6.475e-174 1.44718e-019 2.88293e-041 
1.54703e-008 2.97856e-103 5.36016e-049 0.577359 7.84553e-070 0.577357 1.82674e-113 3.76234e-020 3.48282e-054 0.577365 
0.577569 5.70696e-035 2.2034e-041 1.0277e-045 7.91486e-031 0.577497 1.33865e-080 0.577536 3.50222e-095 1.06951e-044 
1.54783e-008 0.577659 1.63197e-040 0.577675 3.06257e-022 0.577674 1.05329e-035 8.19321e-141 2.18271e-112 1.2969e-012 
4.14517e-016 1.547e-008 2.92201e-042 3.27291e-050 2.64841e-077 0.577348 0.577353 0.577353 3.58391e-087 2.66835e-035 
0.101283 0.0939704 0.672993 0.113483 0.106897 0.109389 0.112885 0.123385 0.09301 0.677176 
2.39662e-008 8.28493e-019 0.894431 4.69518e-042 3.0539e-038 8.71335e-054 0.447215 2.26212e-020 2.52838e-029 3.35464e-033 
1.1573e-007 0.579201 7.2953e-042 5.32781e-011 0.579203 2.02024e-039 4.08036e-044 0.579209 8.18015e-080 2.31495e-030 
0.577364 1.01078e-011 3.03082e-042 1.00625e-045 3.22367e-037 0.577345 1.04555e-223 3.00099e-030 0.577352 3.56279e-033 
0.105962 0.106632 0.10336 0.138577 0.666791 0.0973863 0.113227 0.134778 0.0927472 0.677972 
3.21086e-016 2.62144e-024 8.46321e-067 1.19831e-008 0.447215 1.60437e-033 6.12492e-030 0.894433 1.09433e-075 6.97545e-028 
1.52515e-008 9.09682e-051 2.59425e-009 0.577369 3.41621e-032 0.577365 4.1021e-042 6.20504e-010 0.577368 1.09553e-044 
1.19947e-008 1.4863e-011 5.48564e-042 6.5451e-026 2.22898e-023 0.447649 0.895296 2.56354e-033 8.92718e-025 3.1622e-017 
0.577541 5.28544e-021 1.0431e-038 0.577535 9.36225e-028 4.6575e-011 0.577533 1.14829e-022 2.71688e-055 1.06973e-044 
2.3993e-008 0.895433 3.65643e-062 2.28812e-030 7.31078e-027 1.45836e-022 2.82503e-110 1.76594e-043 3.59985e-043 0.447717 
5.85833e-009 1.04535e-008 3.34268e-036 9.94506e-020 2.53429e-045 0.447216 3.12349e-015 4.56101e-028 3.58973e-080 0.894433 
0.578113 8.07601e-015 1.47743e-060 1.39285e-176 3.7693e-057 0.578042 4.11889e-107 2.25633e-015 3.51046e-054 0.578084 
4.47904e-016 4.39748e-016 2.34258e-008 5.06294e-009 0.894448 6.45324e-037 2.63902e-027 1.23915e-027 0.447225 3.2924e-041 
8.45361e-010 2.13809e-124 1.54546e-008 0.577636 7.46154e-033 2.13957e-049 1.12151e-029 0 0.577635 0.577642 
3.30245e-016 2.50698e-016 1.54739e-008 0.577495 0.577496 0.577493 9.2142e-056 7.29273e-277 2.70863e-028 2.12653e-038 
1.54699e-008 2.80532e-058 5.84209e-047 0.577346 3.94388e-024 1.29614e-018 0.577379 1.06242e-090 0.577366 2.51044e-045 
0.113724 0.108847 0.664394 0.100945 0.105228 0.108327 0.679859 0.113975 0.113465 0.112873 
1.54702e-008 0.577354 3.99726e-040 5.98805e-037 1.19609e-011 2.9468e-024 1.94408e-074 0.57735 1.746e-040 0.577353 
1.72069e-023 6.4217e-016 2.39661e-008 0.894428 2.73367e-068 7.35998e-099 8.85402e-054 0.447214 5.34249e-025 3.95905e-040 
0.12158 0.673552 0.112086 0.101959 0.671105 0.119012 0.113717 0.114958 0.110004 0.111636 
1.19831e-008 5.90005e-044 0.447217 2.40396e-042 2.57516e-032 0.894431 2.55721e-047 2.12942e-061 3.66988e-061 9.08498e-048 
6.42171e-016 4.3815e-024 1.69264e-066 2.39662e-008 0.89443 3.20875e-033 1.22308e-029 0.447215 1.13122e-062 6.97543e-028 
0.894731 1.8076e-008 3.11454e-027 2.84083e-024 6.69167e-024 3.11462e-047 2.3795e-076 0.447366 1.03513e-014 3.8923e-053 
0.580923 0.581233 0.581226 5.33508e-036 2.97371e-016 1.21322e-023 6.97874e-044 1.06435e-044 6.15685e-050 9.58007e-031 
0.121209 0.114694 0.118339 0.102997 0.666623 0.102401 0.0943503 0.122817 0.676641 0.126307 
0.106359 0.102591 0.109029 0.11925 0.123557 0.126007 0.65416 0.089315 0.688159 0.108204 
0.122086 0.116757 0.103202 0.0976976 0.0981748 0.6598 0.68788 0.109497 0.112676 0.111771 
1.79278e-017 6.44759e-016 2.4072e-008 4.08245e-039 2.14339e-009 5.30302e-026 0.901936 2.88993e-031 6.64161e-157 0.450969 
4.14517e-016 8.56509e-027 1.547e-008 0.577349 0.57737 3.31691e-067 0.577344 1.33762e-055 5.75001e-096 4.5414e-049 
3.21066e-016 1.19824e-008 1.2906e-048 1.46249e-010 0.447221 4.78773e-021 0.894441 2.81478e-016 2.64506e-028 2.79671e-027 
3.21086e-016 1.19831e-008 0.447216 2.56537e-029 5.69382e-066 5.78998e-050 2.53899e-058 1.1404e-020 0.89443 3.36077e-033 
0.111783 0.111376 0.11124 0.67704 0.668215 0.112663 0.108389 0.113718 0.0975567 0.108011 
2.39706e-008 8.8645e-044 8.25723e-042 0.894594 2.80934e-035 0.447298 2.04707e-021 2.49965e-046 1.95257e-067 7.69728e-037 
0.114379 0.117901 0.116504 0.101125 0.655889 0.684028 0.108036 0.113433 0.121398 0.114332 
0.109678 0.105807 0.107544 0.676181 0.115841 0.0908961 0.0983075 0.673553 0.111096 0.103378 
0.89446 1.86695e-005 0.447231 6.79035e-164 1.00119e-033 8.39681e-042 1.2382e-030 1.34259e-110 3.81884e-054 3.305e-041 
1.19831e-008 1.18384e-042 4.08712e-060 0.447214 1.77564e-022 1.49442e-033 6.08195e-030 0.894431 1.51887e-075 2.07069e-027 
2.39662e-008 3.0325e-039 0.894432 0 0.447216 1.44776e-056 5.10623e-078 5.58793e-019 1.14261e-033 7.32397e-047 
8.54083e-011 1.54699e-008 8.81217e-036 0.577354 6.53654e-032 5.80634e-050 3.74409e-044 0.57735 4.5076e-058 0.577358 
8.8145e-017 3.28962e-009 6.65532e-010 0.125258 0.571933 0.585487 1.15252e-077 0.560733 2.53881e-012 3.98635e-027 

