0.0442712 0.417619 0.0385686 
0.12628 0.08024 0.294366 
0.250528 0.0431011 0.206748 
9.8273e-005 0.416818 0.0833282 
0.0438338 0.3318 0.12477 
0.000634635 0.249462 0.250089 
0.0438074 0.0428544 0.41373 
0.0829275 0.0418218 0.375664 
0.333103 7.60325e-005 0.167225 
0.252536 0.124423 0.123446 
5.64584e-005 0.373306 0.126893 
0.12736 0.250102 0.122952 
0.165182 0.334293 0.000988924 
0.208446 0.291117 0.000737083 
0.209243 0.250876 0.0400159 
0.0424712 9.10445e-005 0.457866 
0.25377 0.207878 0.0384589 
0.0868182 0.248175 0.165782 
0.125448 2.89269e-005 0.377856 
0.16739 0.291302 0.0414859 
0.295608 0.169352 0.0410214 
0.381215 0.0796074 0.0395535 
0.208562 0.0447732 0.247041 
0.00116457 0.0854966 0.413727 
0.0421707 0.0806062 0.37734 
5.00355e-005 0.330838 0.169561 
0.00214052 0.128474 0.36969 
0.0429433 0.16496 0.292705 
0.0444615 0.29334 0.168486 
0.158666 0.256559 0.0851757 
0.0837771 0.0841844 0.332188 
0.458482 0.000212624 0.0414862 
0.248255 6.29995e-005 0.252094 
0.500133 7.91769e-007 8.9421e-007 
0.0378581 0.252424 0.210263 
0.16829 0.170952 0.161328 
0.207681 0.209672 0.0831191 
0.252101 0.24829 2.22985e-006 
0.372091 0.0454523 0.0828443 
0.41298 0.0862409 0.00115431 
0.126975 0.0415947 0.331825 
0.375116 0.000448048 0.124849 
0.0830162 0.207309 0.209795 
0.250377 0.0803764 0.169629 
0.373263 0.125018 0.00196427 
0.208698 0.167385 0.124403 
0.289842 0.000317213 0.209963 
0.126061 0.204648 0.169706 
0.0406027 0.459757 1.03532e-006 
0.0858151 0.127229 0.287373 
0.00164282 0.167177 0.334439 
0.251525 0.164758 0.0843095 
0.127833 0.124055 0.248519 
0.0895138 0.327353 0.0835459 
0.332268 0.043088 0.125053 
0.0830188 0.378237 0.0448819 
0.293985 0.12506 0.081384 
0.416905 1.11952e-005 0.0833282 
0.166319 4.22066e-005 0.334081 
0.337115 0.122153 0.0411125 
0.123637 0.370738 0.00574213 
0.335391 0.079916 0.0851436 
1.04576e-007 0.50039 2.06652e-007 
0.167983 0.208045 0.124385 
0.290976 0.0397493 0.169615 
0.413306 0.0453856 0.0419234 
0.290113 0.209795 0.000503737 
0.00447413 0.0390367 0.458089 
0.164429 0.0813685 0.25432 
0.291277 0.0815239 0.12758 
0.000987188 0.207495 0.291882 
2.84487e-008 6.01681e-009 0.503691 
0.000137218 0.290471 0.209811 
0.166459 0.0407935 0.29337 
0.331046 0.168249 0.00109649 
0.0425581 0.373302 0.084713 
0.124304 0.166276 0.20998 
0.0826016 1.44391e-005 0.417483 
0.0840301 0.293921 0.123574 
0.129194 0.331892 0.0392585 
0.207683 0.0846637 0.208035 
0.130193 0.286497 0.0869556 
0.0850272 0.166066 0.249024 
0.0809815 0.420809 1.15815e-006 
0.000694414 0.457546 0.0435455 
0.454824 0.0450139 0.000560078 
0.165395 0.125247 0.209835 
0.049399 0.125041 0.325904 
0.208853 0.122635 0.168884 
0.207083 5.10591e-005 0.293248 
0.0416496 0.20973 0.248751 
0.373175 0.00216989 0.12505 

