0.628395 -0.279294 
0.633852 -0.348075 
0.643858 -0.432683 
0.835368 -0.661134 
0.255085 0.245129 
0.626828 -0.256744 
0.423888 0.0614248 
0.621884 -0.180713 
0.648292 -0.451449 
0.0393634 0.767373 
0.838346 -0.697018 
0.201706 0.542404 
0.0462574 0.742023 
0.211706 0.465777 
0.230551 0.333507 
0.831113 -0.599373 
0.196695 0.579294 
0.426767 0.0308021 
0.640702 -0.41222 
0.206912 0.503017 
0.023854 0.833059 
0.447238 -0.112614 
0.84267 -0.736004 
0.0619678 0.696397 
0.0158682 0.869451 
0.826096 -0.510839 
0.438499 -0.0707156 
0.190845 0.619259 
0.832418 -0.618779 
0.618844 -0.130335 
0.851967 -0.771757 
0.442504 -0.0930707 
0.421494 0.0896892 
0.0317186 0.797458 
0.836792 -0.679027 
0.184626 0.659234 
0.631957 -0.326426 
0.235566 0.304605 
0.432421 -0.0228154 
0.216357 0.431336 
0.413953 0.182997 
0.828577 -0.556436 
0.833813 -0.640132 
0.82375 -0.465558 
0.416463 0.150333 
0.827337 -0.533752 
0.409534 0.241152 
0.824917 -0.488162 
0.247593 0.258496 
0.0771468 0.673749 
0.411433 0.216169 
0.638239 -0.39187 
0.429369 0.00447852 
0.0696972 0.681333 
0.829786 -0.576926 
0.840363 -0.717378 
2.8435e-007 1.00274 
0.240993 0.280046 
0.625141 -0.232991 
0.630233 -0.304387 
0.419204 0.116872 
0.454057 -0.122308 
0.636069 -0.37087 
0.0540813 0.717156 
0.435284 -0.0472052 
0.225752 0.363483 
0.620088 -0.15176 
0.845351 -0.754248 
0.623484 -0.207238 
0.221017 0.396511 
0.00822669 0.909905 
0.435135 -0.0459064 
0.4484 -0.115939 
0.439323 -0.0757901 
0.412692 0.199951 
0.624458 -0.216266 
0.0142543 0.895196 
0.847985 -0.763361 
0.827504 -0.535122 
0.202 0.540572 
0.190083 0.624896 
0.823971 -0.469156 
0.833087 -0.628855 
0.227976 0.34938 
0.417393 0.139803 
0.828024 -0.545878 
0.232326 0.322924 
0.209546 0.483124 
0.205792 0.51171 
0.183946 0.661969 
0.0766182 0.677155 
0.0333772 0.792562 
0.218179 0.417915 
0.641186 -0.413711 
0.846673 -0.757982 
0.0204399 0.849798 
0.625683 -0.240795 
0.838632 -0.700196 
0.824519 -0.480406 
0.21907 0.410722 

