0.643772 -0.4315 
0.235564 0.305469 
0.62846 -0.280249 
0.833913 -0.64109 
0.21637 0.43137 
0.618707 -0.12729 
0.623448 -0.206975 
0.0083083 0.908847 
0.43236 -0.0225897 
0.620239 -0.153111 
0.211585 0.46849 
0.635983 -0.370937 
0.221102 0.397343 
0.419032 0.119198 
0.0618183 0.695907 
0.633871 -0.348499 
0.840922 -0.721803 
0.0162257 0.867844 
0.842554 -0.736011 
0.43835 -0.0695032 
0.416474 0.15145 
0.631997 -0.326273 
0 1.00471 
0.638211 -0.391696 
0.826099 -0.511172 
0.429522 0.00397345 
0.0465234 0.741916 
0.83533 -0.660338 
0.621787 -0.180081 
0.626652 -0.255798 
0.442337 -0.092877 
0.82856 -0.556709 
0.230517 0.334597 
0.246942 0.259767 
0.190637 0.620766 
0.845258 -0.753544 
0.069678 0.681808 
0.831095 -0.598869 
0.838566 -0.697736 
0.411448 0.215696 
0.435184 -0.0466161 
0.446954 -0.112029 
0.63015 -0.303397 
0.824952 -0.488153 
0.0315717 0.799336 
0.829826 -0.577605 
0.0391184 0.768223 
0.640748 -0.412012 
0.64816 -0.450657 
0.426673 0.0317419 
0.0541794 0.716305 
0.827281 -0.532814 
0.201655 0.543633 
0.625088 -0.232366 
0.851185 -0.771664 
0.421534 0.0888559 
0.184725 0.659221 
0.0238296 0.833333 
0.0772633 0.67372 
0.196437 0.582672 
0.254894 0.245586 
0.241 0.281015 
0.423942 0.0615156 
0.453724 -0.121138 
0.413974 0.182716 
0.832298 -0.617032 
0.20678 0.505305 
0.0835321 0.672398 
0.823712 -0.464132 
0.836856 -0.680008 
0.22571 0.364631 
0.0234231 0.835261 
0.424045 0.0599351 
0.835018 -0.656289 
0.427024 0.0294532 
0.826797 -0.524142 
0.43242 -0.0231414 
0.452387 -0.119993 
0.83286 -0.625076 
0.837027 -0.680539 
0.221662 0.392656 
0.848425 -0.766913 
0.628835 -0.286088 
0.635636 -0.364273 
0.655084 -0.453926 
0.053405 0.718287 
0.416704 0.148841 
0.201624 0.54387 
0.622017 -0.183914 
0.833573 -0.636134 
0.637981 -0.389724 
0.441797 -0.090068 
0.206908 0.503029 
0.422095 0.0826252 
0.828725 -0.557722 
0.0298895 0.805416 
0.236265 0.302219 
0.633755 -0.347676 
0.43086 -0.00281155 
0.436887 -0.050396 

