3.67869e-005 1.00253 7.72087e-005 6.09336e-005 2.26894e-006 
0.803857 0.0001793 0.268089 0.535098 0.000496176 
0.356735 0.355501 0.352355 0.357599 0.708447 
0.982526 0.198714 2.53123e-005 2.0177e-005 0.000186169 
2.15916e-006 0.984309 0.000119946 6.10923e-006 0.195762 
8.77539e-007 2.66392e-006 0.445169 0.896687 1.06342e-006 
0.996511 1.33908e-005 0.199527 1.471e-005 1.7753e-005 
0.268385 0.000159008 3.10509e-005 0.806055 0.530008 
0.290783 0.867175 0.290034 2.81339e-005 0.288271 
6.9883e-005 0.000983954 0.985502 0.199245 0.00037368 
0.712329 0.714771 2.54813e-005 4.65662e-005 0.000187412 
2.06801e-005 8.2019e-005 0.450661 0.000130478 0.894259 
2.60176e-005 0.19705 0.983992 2.81875e-005 1.53926e-005 
0.318147 0.000377344 0.636476 0.317375 0.634981 
0.000199804 0.322342 0.632984 0.634787 0.314123 
0.538179 3.21246e-005 0.266445 3.81346e-005 0.802602 
0.236707 3.26864e-005 0.945807 0.237468 1.71345e-005 
0.26971 0.817117 0.543211 4.91737e-005 0.000115119 
0.896897 1.00111e-005 0.000148207 3.67584e-005 0.448216 
0.944447 0.232226 0.235068 0.000910227 0.000122033 
0.2376 0.94734 5.80781e-006 2.50057e-005 0.236208 
0.233499 0.944138 3.17552e-005 0.235534 2.13784e-006 
0.237088 2.4728e-005 0.236952 0.946545 5.87555e-006 
0.00461093 0.269213 0.000116701 0.808661 0.53679 
2.20028e-005 0.196765 3.39671e-005 9.24113e-006 0.981514 
0.98743 9.23532e-005 7.85717e-005 1.00562e-005 0.196792 
0.292108 0.290889 2.75356e-005 0.291231 0.871208 
0.316933 0.00026368 0.316814 0.631436 0.634302 
0.233639 1.7368e-005 5.25372e-005 0.945475 0.236455 
8.98231e-005 4.03619e-005 0.701335 0.714832 0.000224783 
0.6365 0.00221023 0.633201 0.309956 0.319174 
0.000385767 0.289054 0.289333 0.287347 0.868007 
0.261873 0.000100886 0.805441 4.27839e-005 0.533706 
8.56071e-005 0.000343028 0.267746 0.537135 0.803228 
0.358435 0.359263 0.719902 0.346561 0.357156 
0.000873449 0.199051 0.00110554 0.983835 5.15354e-006 
0.627345 0.313222 0.640617 0.318525 1.5591e-005 
0.000508434 0.267961 0.536292 5.24597e-006 0.802541 
7.88928e-005 0.800367 0.547044 0.000324628 0.268642 
0.58279 0.0028464 9.79183e-006 0.579943 0.580611 
0.000108147 0.538536 0.267537 0.803216 3.55915e-006 
2.42294e-007 0.235163 2.58476e-005 0.94493 0.235031 
0.279285 0.875612 0.296044 0.289771 0.000277846 
0.631951 0.637435 0.315048 7.50509e-005 0.311742 
9.35421e-005 0.314792 0.318708 0.631202 0.634066 
0.636999 0.319364 3.30837e-005 0.630802 0.315777 
0.000295131 0.584368 0.58141 4.83865e-005 0.578826 
0.945637 1.43452e-005 0.235117 0.235524 2.27124e-005 
2.42743e-007 1.37237e-005 0.706943 5.60138e-005 0.709764 
0.319599 1.13353e-005 0.633476 0.632213 0.316158 
2.33358e-006 0.000240107 0.237783 0.238167 0.944219 
7.89312e-005 0.71074 8.63679e-005 0.706219 5.11753e-006 
0.000565947 9.93746e-006 0.581298 0.575263 0.578197 
0.197816 4.18797e-006 0.981345 0.000426791 1.75368e-005 
0.271479 0.0013383 0.801078 0.537252 5.81914e-007 
0.868603 4.50946e-006 0.290157 0.287404 0.288885 
0.53631 0.269123 0.808302 4.73573e-005 0.00117222 
0.000129424 0.641775 0.316771 0.641278 0.321971 
0.868225 0.292185 0.283193 0.287494 1.19906e-005 
1.34687e-005 1.25071e-007 0.19701 0.000157044 0.982737 
0.540454 0.000236658 0.802494 5.18992e-005 0.267751 
7.01909e-006 0.802708 0.000146587 0.272891 0.534307 
0.290201 0.292073 0.8688 4.416e-005 0.285946 
0.000186061 0.536419 1.3116e-005 0.268794 0.801577 
0.000103187 0.446221 1.76032e-005 0.895479 2.80597e-005 
7.85477e-005 0.44931 0.897575 5.37751e-005 1.53961e-005 
0.315253 0.31948 0.634773 2.6597e-005 0.633008 
0.266293 0.535613 0.805895 1.51343e-005 0.000105769 
0.290221 4.93786e-005 0.29249 0.869164 0.291437 
0.194244 0.000106776 0.00211655 0.984301 5.00981e-006 
0.000214801 2.08197e-005 0.536136 0.803721 0.268365 
3.95332e-005 0.636977 0.634583 0.31542 0.314269 
0.320396 0.635463 9.13492e-006 0.322148 0.633152 
0.00105046 0.945211 1.8986e-005 0.234812 0.236712 
9.93434e-005 0.894543 0.000238729 0.452875 3.05188e-007 
0.283231 0.285085 0.284032 0.874292 3.72522e-006 
0.533667 0.802619 8.15329e-005 0.270878 0.00234957 
0.579316 0.583648 0.578118 0.000255337 0.000393394 
0.216396 0.208889 0.958806 9.36327e-007 0.000393257 
0.000405178 1.14362e-008 1.4044e-005 0.45349 0.893087 
0.314162 0.318542 5.89596e-005 0.633455 0.634245 
0.573717 0.581484 5.67132e-005 1.41051e-005 0.58298 
0.896381 3.19449e-005 0.44514 4.34327e-005 3.49444e-005 
0.535348 0.000348241 2.39012e-005 0.269882 0.800951 
0.000672157 0.867109 0.291095 0.289504 0.289763 
9.48884e-005 0.268061 0.536532 0.80494 0.000140464 
0.000159011 0.535656 0.801678 0.26917 1.76623e-005 
0.000147962 0.000293463 0.000162012 0.711479 0.707873 
0.234763 0.237921 0.000139705 4.0243e-005 0.946528 
0.00100898 0.634675 0.31424 0.315862 0.634203 
0.000418 0.287742 0.867042 0.287718 0.290071 
0.269737 0.540446 2.41033e-005 3.24997e-005 0.807041 
0.266601 6.20759e-005 5.00917e-006 0.535436 0.803081 
0.000626378 0.000222464 0.000453563 0.896687 0.445598 
0.289946 0.875304 0.00457249 0.292602 0.277705 
0.449397 4.58167e-006 0.897757 4.98281e-005 1.53452e-005 
3.14601e-006 9.7818e-006 1.00163 2.49512e-005 2.0105e-006 
0.000443238 0.000444394 0.896562 0.000711946 0.447494 
0.317943 0.316802 0.635111 0.633864 0.000262892 
0.000354821 0.582593 0.00142649 0.577688 0.577658 
0.801701 0.00161762 0.539949 0.269273 0.000239127 
0.544043 0.26803 5.26196e-005 0.81172 0.00422738 
0.631968 0.634258 0.313698 0.319438 0.00131689 
0.811773 6.29436e-005 2.45612e-005 0.539417 0.267806 
0.000116714 0.240587 0.000120221 0.240976 0.965158 
0.547056 0.272158 0.000181677 3.57479e-005 0.817746 
0.312383 0.63103 0.315012 4.35177e-005 0.638274 
0.803535 0.000395838 0.53481 4.70198e-005 0.268752 
0.945086 1.39352e-005 0.234508 3.37988e-005 0.234855 
0.291229 0.291647 0.867262 0.28815 0.00017636 
0.319379 0.630938 2.32541e-006 0.646167 0.296895 
0.239166 3.27992e-005 0.945678 8.43113e-005 0.236378 
0.450823 0.000190048 5.23765e-006 1.59035e-005 0.897042 
6.89329e-006 0.804824 0.267713 2.71873e-005 0.533463 
2.12076e-006 0.266238 0.808064 6.02157e-005 0.536942 
0.640165 0.00247758 0.315979 0.639673 0.321184 
7.68356e-005 0.711957 0.710749 0.000416204 1.54306e-005 
0.000132534 0.232108 0.944944 5.30939e-005 0.237369 
0.634243 0.315711 0.63447 0.00032029 0.316488 
0.578907 1.27013e-005 0.579023 0.576293 1.62333e-005 
0.711046 0.00702933 0.000155822 0.706557 1.70985e-006 
0.237017 1.65305e-005 0.237061 2.15848e-005 0.945634 
0.237123 0.947223 0.232584 2.71455e-005 2.63259e-005 
4.06891e-005 0.227731 0.946168 0.236252 1.53602e-005 
0.267664 0.539126 7.75853e-006 0.802058 3.06888e-005 
5.25056e-005 1.82767e-006 0.277684 0.841051 0.55479 
0.26363 0.807365 0.000186095 0.532991 2.59252e-005 
0.235931 0.234095 1.42014e-005 0.945491 1.44089e-005 
5.40543e-005 0.811459 0.0116239 0.527411 0.266478 
1.06693e-005 0.292243 0.290082 0.868822 0.285097 
0.944832 0.235645 0.00106179 5.91926e-005 0.236078 
0.710361 0.000105939 0.000402382 3.2997e-005 0.712441 
0.000189365 0.804391 0.265911 0.532241 1.19254e-005 
0.638547 0.304049 0.319189 0.635099 9.82753e-006 
0.00156813 0.802135 0.537008 0.268917 0.000246212 
0.00183219 0.236999 0.235363 0.945083 2.88072e-005 
5.79944e-005 5.36834e-005 0.806377 0.26931 0.533631 
0.806488 0.535505 1.92898e-005 0.000776492 0.266352 
0.70776 0.348486 0.349402 0.366698 0.35013 
0.000610106 1.04241e-007 0.235951 0.949533 0.235531 
0.633694 6.05205e-005 0.31449 0.320132 0.633814 
0.538463 0.801491 0.269052 4.87458e-005 0.000224617 
0.197108 0.000141564 4.71627e-005 6.65815e-006 0.983225 
0.807606 0.000183921 0.270135 7.34792e-005 0.536632 
0.534194 0.000365093 0.803899 0.264395 1.75003e-005 
0.536603 1.48145e-005 1.29526e-005 0.803126 0.270069 
0.00111163 0.982801 3.77436e-005 0.195657 2.83643e-006 
0.195398 0.982821 3.57456e-006 5.39935e-005 9.17011e-006 
4.99804e-005 0.451502 3.04351e-005 8.07512e-006 0.894874 
0.000433908 0.945871 0.234749 4.69155e-005 0.234711 
0.804061 0.530916 0.00192046 0.270345 3.23969e-005 
0.00094677 0.540186 0.268374 0.000173213 0.807321 
0.904882 3.46274e-005 1.0519e-005 0.452179 3.58824e-006 
0.447136 0.000103891 3.98433e-006 0.895805 0.000122921 
2.88901e-005 0.535885 0.802843 2.80893e-005 0.267243 
0.944735 0.237562 2.91092e-005 0.231217 1.08432e-006 
0.000101341 0.314072 0.633362 0.317791 0.633885 
6.3322e-005 0.266099 0.000119789 0.534483 0.804381 
0.87019 0.292155 0.289376 5.85298e-005 0.290112 
0.354723 0.716826 0.354274 0.348317 0.352673 
0.810485 0.268156 2.15568e-005 5.08467e-005 0.540042 
0.290296 0.00283588 0.288192 0.294543 0.867355 
0.236091 7.18936e-006 0.00105353 0.236475 0.94713 
0.290802 1.79977e-005 0.868082 0.291398 0.291287 
0.000312645 0.7173 0.00014548 4.21742e-005 0.714396 
2.68475e-008 4.08963e-012 7.35231e-012 1.01831e-010 1.00197 
0.322915 0.63663 0.639277 0.000320395 0.317112 
0.635543 0.315922 0.000232101 0.317521 0.632588 
0.267453 2.82119e-005 0.536323 5.24422e-006 0.80247 
0.000790485 0.945648 0.23468 0.230959 2.28515e-005 
0.637892 0.321838 0.320924 0.000224923 0.634853 
0.802896 3.43713e-005 3.59252e-005 0.267375 0.53602 
0.289227 0.290034 0.288349 0.000409513 0.867842 
0.579723 1.38321e-005 0.576789 4.80019e-005 0.57727 
7.97002e-008 5.3907e-007 1.346e-007 1.00269 1.35832e-006 
0.447347 0.896322 5.84277e-006 2.47547e-005 0.000129663 
0.585257 0.577173 2.98733e-005 0.573633 2.10104e-006 
0.946331 5.65936e-005 0.000104388 0.234282 0.234695 
0.270145 0.805697 5.7607e-005 2.76351e-005 0.532648 
8.83931e-005 0.896747 0.445652 0.000128498 1.53389e-005 
0.319571 0.634029 0.319112 0.638828 0.000129452 
2.72035e-008 8.1495e-005 0.981024 6.10229e-006 0.197997 
6.0013e-009 1.38103e-006 7.91654e-008 0.195104 0.981554 
0.899347 0.450554 2.01262e-005 1.76039e-005 2.70775e-005 
0.636035 0.633105 0.00052268 0.314402 0.317217 
1.61714e-005 1.62115e-005 0.802195 0.537978 0.266828 
0.80421 0.537135 0.262027 8.005e-006 9.99692e-006 
3.1289e-006 7.35901e-008 0.537633 0.270881 0.806615 
0.86765 0.28895 4.24629e-005 0.29009 0.288518 
0.00129565 0.586332 0.583202 0.582071 2.80918e-005 
0.713089 0.000345583 0.711879 0.000416866 1.54552e-005 
0.982955 5.2576e-005 3.77495e-005 0.193389 2.8356e-006 
1.00404 7.70203e-006 3.59723e-007 1.47158e-005 7.2549e-006 
9.50323e-005 3.04518e-006 0.90202 0.450174 3.57598e-006 
5.52678e-005 0.264946 0.804681 0.532232 3.18287e-005 
0.287731 0.28854 2.86554e-005 0.869557 0.288448 
3.59034e-005 0.538978 2.25199e-005 0.803927 0.266483 
0.313706 0.627132 0.64439 0.319399 0.000124011 
6.79817e-005 4.99974e-006 0.948125 0.234449 0.236568 
0.26681 4.56688e-005 0.534122 0.804812 6.01137e-005 
0.354296 0.356443 0.352612 0.713342 0.343572 
0.805239 0.268452 0.000122129 0.532788 1.15268e-005 
0.538025 4.72682e-005 0.264994 0.802025 0.000178988 
1.06256e-005 0.237257 0.236605 8.68068e-006 0.944423 
1.62997e-007 1.65182e-005 0.198921 0.984192 5.1552e-006 
0.535879 0.804725 2.33493e-005 3.08994e-005 0.263356 
0.805759 0.2695 0.537311 1.46491e-005 2.6922e-005 
0.000489121 0.897589 4.75361e-005 1.20505e-005 0.448347 
1.51339e-007 2.30284e-006 0.000319349 0.992074 0.197581 
0.000544957 0.983404 0.19672 8.72386e-005 4.46354e-006 
7.88994e-005 0.800434 0.547469 4.75315e-005 0.268723 
0.310373 0.627204 0.643084 0.318752 0.00012376 

