0.291563 0.874437 0.288386 0.277701 2.76383e-005 
0.317003 0.316743 0.632758 0.000409677 0.634304 
0.000301297 0.236309 0.234289 0.00104164 0.943957 
0.000579176 0.287842 0.288069 0.868003 0.289116 
0.197922 3.41798e-006 2.32344e-007 1.68884e-007 0.988192 
0.6381 0.32161 1.57981e-005 0.320977 0.622914 
0.634701 0.000156099 0.635445 0.318481 0.315368 
2.79316e-005 0.000634209 0.194565 1.71838e-005 0.982295 
1.82439e-005 0.53874 0.265024 1.60163e-005 0.804145 
0.27255 0.534402 0.000144169 0.804456 0.00035842 
3.97337e-005 1.41387e-006 0.267065 0.535979 0.805657 
1.56977e-005 0.898254 3.42555e-005 1.03854e-005 0.450969 
1.29683e-005 0.894758 5.89111e-005 0.45085 2.16916e-005 
8.08051e-006 0.317721 0.317223 0.630332 0.634717 
1.48771e-005 2.58896e-008 0.267099 0.803347 0.537138 
0.272104 0.001002 0.534667 2.44165e-005 0.802821 
9.28403e-006 0.536382 3.56097e-005 0.265195 0.802815 
0.00013104 0.981717 2.14598e-005 0.00035522 0.194416 
0.234564 0.00129533 0.234 7.25699e-006 0.946444 
0.000211057 0.31514 0.636503 0.317655 0.635846 
5.5236e-007 1.87841e-008 7.29137e-008 1.00569 3.7614e-007 
0.185624 0.000174067 0.984063 0.00036906 0.000216584 
0.53501 0.000657315 0.810335 0.263065 9.62039e-005 
0.804681 0.532533 5.28441e-005 2.20049e-006 0.267904 
0.538165 0.800419 5.32896e-005 2.42834e-006 0.267695 
0.870196 0.000614525 0.290343 0.285135 0.288918 
0.290536 0.290892 0.863819 0.000151183 0.295582 
0.00286288 0.26971 2.96034e-005 0.800936 0.536264 
0.707483 3.70195e-006 3.54662e-005 0.710255 4.03536e-005 
0.451833 0.000158103 0.895911 0.000144911 4.86294e-005 
6.08812e-005 0.445547 0.000135436 0.895919 0.000219562 
0.000110526 0.270036 0.536923 1.31831e-005 0.802603 
2.72555e-006 9.55069e-005 0.997146 0.202648 0.000159203 
0.802335 0.265427 5.82497e-005 1.07134e-005 0.537492 
4.92568e-005 0.193095 1.70356e-006 0.983115 2.1023e-005 
0.808667 0.26337 1.06423e-006 0.535983 9.12394e-005 
0.000134895 0.981047 0.000110329 0.196997 3.80992e-005 
0.359807 0.357811 0.706875 0.352877 0.349447 
0.983011 8.1865e-005 9.41213e-005 1.13742e-005 0.194814 
0.000849137 0.460327 3.18417e-005 8.61144e-005 0.920003 
0.234526 0.234504 2.90556e-005 7.26414e-006 0.947375 
0.636009 0.315886 0.634052 0.313154 5.36475e-005 
8.15797e-006 4.68064e-008 0.231717 0.9446 0.235377 
0.239 0.000148248 0.000484843 0.237585 0.946812 
0.576327 0.000183432 0.576404 0.582562 0.000186605 
1.95335e-005 0.709842 0.710299 6.24712e-006 3.34257e-006 
0.000227314 4.18702e-007 0.803925 0.269536 0.537997 
0.809118 0.000227392 0.529465 0.269945 8.6437e-005 
0.000116358 0.806362 0.266311 2.84345e-005 0.540257 
0.00245819 0.70986 1.55173e-005 0.00280737 0.708462 
0.284309 0.286713 2.1479e-006 0.282536 0.872208 
0.00117925 0.000252343 0.803587 0.533138 0.266576 
0.290287 0.000120664 0.291038 0.2897 0.866126 
0.321867 0.636314 0.314436 0.000204485 0.632388 
0.584356 0.574073 9.29795e-005 0.000104599 0.577427 
0.354985 0.711145 0.349729 0.351537 0.356036 
0.636058 0.317378 0.63411 0.000117453 0.316047 
0.237637 0.000238132 0.236814 0.943358 0.000506155 
0.636172 0.631367 0.312018 0.318606 5.26817e-005 
0.269122 0.803541 1.23155e-005 0.533185 9.08688e-005 
0.237176 0.2354 0.945107 7.98582e-006 9.73828e-005 
0.451966 0.000194277 3.14901e-006 0.893435 0.000102804 
0.86636 0.286608 6.28979e-005 0.290492 0.294482 
0.353653 0.350792 0.351463 0.711972 0.352074 
0.582909 0.000918777 0.577969 0.0026863 0.576658 
3.63031e-008 0.000428811 0.000136749 0.4525 0.902075 
1.00264 2.83496e-005 5.01639e-005 7.15274e-005 4.19432e-005 
3.89e-005 0.805113 0.2617 0.534564 1.57315e-006 
0.273816 5.16017e-006 0.538896 0.806638 0.000113646 
0.268705 0.537153 1.75628e-006 8.27422e-005 0.799892 
0.286213 0.284102 0.869273 0.289646 9.33764e-005 
0.808447 0.000121626 0.527811 1.32719e-005 0.268423 
0.634894 0.316511 0.00013538 0.636426 0.317802 
0.944476 1.93868e-005 0.23757 0.233258 0.00109865 
0.945806 0.235489 0.000478211 0.2338 0.000232131 
0.539755 0.0013065 0.265235 0.801296 9.66168e-005 
0.000182677 0.238173 0.94672 0.000255423 0.236542 
0.233767 0.945566 0.23562 0.000180308 0.000147601 
7.24805e-005 7.38416e-008 1.00058 4.71112e-006 7.89426e-006 
0.98145 0.194346 0.000114515 1.32626e-005 5.56284e-005 
0.708482 0.708139 4.47627e-006 7.08662e-005 5.43196e-005 
1.20937e-005 0.000529339 0.94681 0.237955 0.237302 
0.000368698 0.323902 0.630292 0.635892 0.32295 
3.44169e-006 0.196956 1.31416e-005 9.45169e-006 0.982249 
0.000124206 0.576885 0.576253 5.28499e-006 0.586275 
0.636114 4.25333e-005 0.318617 0.633511 0.316694 
0.578976 0.573269 4.08618e-005 0.582495 0.000199435 
0.317596 0.633937 0.632479 1.81176e-005 0.315577 
0.234111 4.55207e-005 9.41626e-008 0.94469 0.235155 
0.295164 0.875555 0.293243 9.29075e-005 0.291851 
0.288577 0.284001 0.285732 0.869119 5.43882e-005 
0.808228 0.00035956 0.268252 5.58376e-005 0.536676 
0.539427 0.801106 0.000486687 0.267237 9.22279e-005 
0.824507 0.544154 0.00044815 0.273052 3.68072e-006 
0.269494 0.539092 0.807501 6.60925e-005 0.000293837 
0.319283 0.319033 0.633724 0.639774 5.73668e-005 
4.50408e-005 0.000412936 0.447896 4.3757e-006 0.897062 
0.000181569 0.944533 1.06656e-005 0.238901 0.236027 
0.288625 0.000744644 0.289635 0.868829 0.292403 
0.000198417 0.000645634 0.237503 0.239817 0.948281 
0.534906 6.32418e-006 3.34863e-005 0.804938 0.26395 
0.000385039 0.237947 5.28543e-005 0.945011 0.239187 
0.945291 0.000214598 0.233225 0.000134172 0.23327 
0.581471 0.00303233 4.61546e-005 0.579697 0.577256 
0.869553 0.287071 0.289825 0.286696 9.35058e-005 
0.321928 0.00144618 0.634998 0.638502 0.314768 
0.286668 0.871947 6.06524e-005 0.289725 0.285198 
0.234285 0.94537 3.86581e-005 0.236578 5.56708e-005 
9.56428e-005 2.58333e-005 0.981179 5.74725e-006 0.196781 
0.269302 0.805316 0.533338 2.54072e-006 6.99428e-008 
0.806767 0.533019 0.26498 0.000185698 0.000113177 
0.000571173 0.235822 0.945572 0.241229 2.15575e-005 
0.000103008 0.805821 0.532705 3.2805e-005 0.268356 
0.817107 0.267288 0.528547 9.35712e-007 0.000216955 
0.946085 4.72721e-005 2.36528e-005 0.236344 0.234326 
1.42426e-006 1.0112 0.201918 9.05244e-005 1.04756e-006 
8.43372e-008 4.27879e-006 9.27873e-007 0.708402 0.709628 
0.000130554 0.949535 0.232501 0.237791 3.88609e-005 
0.448049 7.50693e-006 1.49582e-006 8.27444e-005 0.895461 
0.807714 0.000341954 0.000324418 0.271233 0.533848 
0.000374742 0.235706 0.236 0.94728 0.000200968 
0.539525 0.00448861 0.801376 1.26257e-005 0.268414 
0.000106827 0.81071 2.89558e-005 0.540359 0.265154 
0.53734 0.265527 1.80464e-005 0.803751 8.79664e-006 
8.21241e-005 0.631215 0.311415 0.638095 0.318837 
8.05355e-007 7.98576e-005 0.536442 0.271069 0.802529 
0.537467 9.20336e-006 0.00109727 0.26709 0.801395 
0.267376 0.000465295 0.00161653 0.804197 0.537707 
0.449867 0.894955 4.47609e-006 8.2151e-006 5.43173e-005 
0.316195 1.38232e-005 0.315401 0.636586 0.63242 
0.31812 0.629848 0.637006 0.319125 8.99683e-005 
0.000641247 0.269439 0.805995 0.533677 0.000103918 
0.638853 0.00081752 0.316655 0.317385 0.635493 
1.11973e-005 0.801606 0.00163311 0.269267 0.538094 
1.86616e-005 0.540364 0.802595 1.26449e-005 0.268867 
0.000170567 0.000165716 0.708331 0.710395 4.06131e-005 
0.292658 0.290607 0.288636 2.03737e-006 0.873936 
1.45217e-005 1.00194 3.2046e-006 0.000126825 2.16918e-005 
0.000251168 0.63462 0.632042 0.319681 0.317471 
0.868204 0.287936 0.289766 6.2092e-005 0.287076 
0.90043 8.01564e-005 0.452707 0.000134978 0.000104877 
0.000388414 0.801091 0.537029 0.266204 9.78024e-005 
3.70996e-010 2.68005e-008 1.42738e-010 1.27792e-009 1.00145 
0.000307578 0.578911 1.16849e-005 0.579349 0.580714 
6.80982e-005 0.708789 2.13411e-005 0.70772 2.16913e-005 
0.711497 4.47206e-005 4.30314e-006 4.40705e-005 0.709112 
0.903267 1.17156e-005 5.60243e-005 4.97616e-005 0.444812 
0.801881 2.18894e-005 0.260657 0.539314 0.00241382 
0.322304 0.320673 1.29923e-005 0.655784 0.647222 
0.267388 1.84635e-005 0.804255 0.00140595 0.535861 
0.577327 0.582903 0.5758 0.00330019 3.0762e-005 
7.4158e-006 2.15399e-005 9.13842e-008 0.980886 0.197948 
0.00234188 0.578694 0.57567 0.582518 5.63424e-005 
0.00416679 0.292595 0.866194 0.286147 0.289779 
0.000245265 0.943873 0.235552 0.000231424 0.237961 
0.711097 0.355574 0.351204 0.351859 0.354699 
0.984275 0.000228386 0.190775 0.000104581 3.86594e-005 
3.32276e-005 0.535962 5.97757e-005 0.803035 0.264133 
0.706889 0.000215039 0.708652 0.00263411 2.1586e-005 
0.268841 0.00317076 4.24824e-006 0.539537 0.804876 
0.292803 0.000625203 0.866723 0.286321 0.289956 
0.0016628 0.896656 0.446866 5.83065e-005 3.92482e-006 
0.241416 3.21914e-005 0.967944 8.26298e-006 0.245118 
4.71788e-006 6.24564e-008 0.576947 0.581824 0.575437 
4.45322e-006 2.39453e-005 2.40906e-005 0.196202 0.981325 
0.540271 0.265184 0.801351 8.55191e-006 5.335e-005 
0.268136 0.000393255 0.804667 0.535697 0.000383659 
0.00194253 7.53856e-007 0.706724 1.57964e-006 0.710752 
0.982958 0.000391732 4.5473e-005 0.200097 1.78206e-006 
0.000127191 0.000129165 0.192757 0.983407 5.49628e-005 
0.638868 0.317609 0.315175 6.12205e-006 0.628526 
0.894461 0.000237091 4.14614e-005 0.44957 2.15891e-005 
0.19315 3.92176e-005 0.00336787 0.98556 5.17668e-005 
0.897789 0.450858 3.58841e-005 0.000117226 0.000628284 
6.20171e-005 1.89965e-005 0.895398 8.37271e-006 0.447214 
0.639056 0.637973 1.28271e-005 0.321868 0.320385 
6.1173e-005 0.535587 0.264739 0.804319 1.83638e-005 
0.637086 0.317023 0.315384 0.633026 9.16512e-005 
0.954849 0.236334 0.237637 1.94183e-006 6.2088e-005 
0.35539 0.352733 0.349728 0.359203 0.712026 
0.271175 0.805869 5.86383e-005 7.12891e-005 0.542488 
0.537051 1.61832e-005 0.267291 0.000157738 0.801448 
0.000822318 0.635774 0.315169 0.318432 0.636326 
0.238154 0.236565 8.48903e-006 0.943453 0.000114046 
0.00101941 0.870048 0.288771 0.286907 0.287776 
5.75908e-006 4.45331e-005 0.531307 0.805215 0.266301 
0.197966 0.990904 4.62765e-006 1.84148e-007 0.000506705 
4.15963e-006 0.267949 0.00028841 0.537709 0.802149 
7.31222e-006 0.288638 0.289381 0.289384 0.870089 
0.317472 0.632059 3.48104e-005 0.635432 0.314543 
6.84009e-005 0.53635 0.804045 0.269171 3.4558e-006 
3.82075e-006 0.284677 0.575875 0.856008 0.000524169 
3.47192e-005 3.36739e-005 0.895758 0.449202 4.67186e-005 
3.00106e-005 2.78383e-005 0.441898 0.899854 4.67088e-005 
4.05662e-005 0.197573 0.982254 2.20336e-005 0.000243554 
2.32525e-006 0.23429 0.00047732 0.235258 0.946087 
8.89783e-007 0.449342 0.895607 5.57072e-005 6.14774e-005 
0.537053 0.805504 0.264148 5.65213e-005 0.000292325 
0.80421 7.99057e-007 0.000500828 0.535836 0.266416 
0.637125 0.630754 0.315938 0.00014377 0.315285 
0.541451 0.270075 3.83937e-005 1.35157e-005 0.799994 
0.23689 0.00537451 0.950096 0.236976 3.90445e-005 
0.314749 0.00300782 0.635464 0.317164 0.637084 
0.00339577 0.269961 0.802568 0.00017353 0.535331 
0.293178 0.291128 9.2572e-006 0.868251 0.292718 
0.320464 0.632565 9.00321e-006 0.317461 0.634598 
0.00019829 1.37223e-006 4.73488e-006 0.896427 0.446397 
0.320213 0.635693 0.313794 0.63354 0.00030133 
0.944679 0.235556 2.11534e-005 0.000109687 0.231903 
0.23744 0.94454 9.73573e-005 5.45606e-005 0.235433 
0.172158 0.00387737 0.687873 0.711165 4.06571e-005 
0.00025559 1.00196 0.0202117 0.019699 2.10326e-005 

