8.94705e-007 0.000168007 1.00419 0.201904 5.69462e-006 
0.640699 8.24183e-005 0.318351 0.632263 0.319549 
0.535822 0.00149313 0.266478 1.60346e-005 0.802889 
0.000393326 0.70984 7.70295e-006 0.706203 1.12418e-006 
0.636561 0.317323 0.000122454 0.316864 0.633307 
3.79982e-005 0.54256 0.00117973 0.807746 0.268595 
0.000445883 0.288402 0.290592 0.868124 0.289574 
0.00507851 0.898709 0.00218676 0.447803 1.16172e-005 
0.00522655 0.707368 0.714034 4.22679e-005 1.11242e-005 
0.000256102 0.294607 0.288537 0.29131 0.872102 
3.4107e-005 0.29195 0.86545 0.290249 0.290053 
0.534472 7.33773e-005 0.806368 0.000143399 0.26851 
0.242855 0.243003 0.944803 7.81209e-005 5.19622e-005 
3.36154e-005 0.237148 0.000104694 0.944736 0.236247 
0.0020859 0.539567 0.000102632 0.265908 0.800941 
7.03751e-006 0.240005 0.945078 0.235342 2.5892e-005 
0.806859 0.00185657 0.267614 0.532025 4.70264e-006 
0.543164 0.80492 0.264237 4.0225e-005 1.96272e-005 
0.311408 0.640453 0.000794336 0.634271 0.313161 
0.239648 0.944678 0.000101028 0.232904 2.73194e-006 
0.574835 0.590068 0.57337 9.16029e-005 5.73079e-005 
0.884976 0.29381 0.296141 1.58527e-006 0.290346 
0.00140934 0.996447 0.194455 0.000126059 5.66924e-006 
3.77042e-005 1.29134e-005 0.44826 1.85556e-005 0.8984 
0.358065 0.361979 0.360296 0.348351 0.712979 
0.634081 0.637528 0.313715 5.86764e-005 0.309736 
5.02189e-005 0.237281 0.000282619 0.23507 0.944819 
0.000282524 7.15801e-006 0.910879 0.454407 1.95601e-006 
0.448597 0.000108591 0.895153 4.74963e-005 3.20022e-005 
2.27683e-005 0.00121479 1.3967e-007 0.70717 0.708063 
0.269567 0.539523 0.801181 2.68909e-005 0.000168714 
0.895449 0.447607 1.84783e-005 0.000540592 0.00574504 
0.325392 0.637256 0.627727 5.42922e-005 0.315005 
1.83701e-006 0.45674 5.47315e-005 0.893218 0.000322126 
0.316241 0.63346 0.635266 0.319952 1.29698e-005 
0.452014 1.22752e-005 5.32837e-005 0.894961 7.06166e-005 
8.67784e-005 1.00868 1.99299e-005 1.77055e-005 1.76466e-005 
0.538309 8.03276e-005 9.99789e-005 0.80242 0.267315 
0.537684 0.271468 5.92116e-005 0.801917 8.92789e-006 
0.806832 3.76346e-005 0.268566 0.000310243 0.534258 
0.712393 0.00464072 1.10287e-006 6.65584e-005 0.704612 
0.000147127 0.269528 0.80446 0.532795 6.33693e-005 
0.801997 0.275826 0.00208495 2.9685e-005 0.536584 
0.898807 0.000177698 0.00010574 0.447843 1.35697e-005 
0.286017 0.000216903 0.287362 0.871217 0.29126 
0.000181901 5.64765e-005 0.235239 0.233804 0.947214 
0.98121 0.198619 2.00303e-005 0.000540603 1.74783e-005 
2.8497e-005 0.195495 2.03113e-005 2.47142e-006 0.983185 
3.154e-008 1.38288e-006 2.70989e-008 0.981549 0.196991 
0.288046 0.291055 0.8665 1.56584e-005 0.287264 
0.314329 0.637472 0.316433 0.633799 0.000690469 
0.19465 7.20605e-005 3.47548e-005 1.11472e-006 0.982786 
7.06778e-005 0.896869 0.445546 2.1358e-005 8.92416e-005 
0.193185 0.990586 0.000279526 0.00105479 5.1142e-006 
0.00105981 0.273014 1.39857e-006 0.534745 0.801719 
4.42136e-005 4.412e-005 0.711762 5.62149e-005 0.704239 
0.237846 0.000242487 0.946737 1.64018e-005 0.237726 
5.38259e-005 0.636839 0.319007 0.632381 0.31403 
0.271653 0.805135 0.534372 2.80986e-006 0.000116471 
0.292135 0.292992 0.290494 4.13316e-005 0.866722 
0.290366 0.295823 0.00216882 0.867677 0.281725 
6.2861e-005 0.539514 0.269462 0.000822818 0.802861 
0.810117 0.000255425 1.62901e-005 0.530797 0.267013 
1.66921e-007 7.20368e-006 0.197773 0.9859 1.0846e-006 
0.80981 0.253485 5.38332e-005 0.532999 0.00140436 
0.639418 0.319027 0.317712 0.00010115 0.630998 
0.539238 0.000473689 0.266948 0.80118 7.2225e-006 
0.264278 0.805535 4.34262e-005 4.03e-005 0.532331 
5.60633e-005 5.51613e-005 0.896239 3.07336e-007 0.448171 
0.804923 0.000270661 0.533316 0.266703 0.000131153 
0.231473 3.33677e-005 0.236235 3.54651e-005 0.944812 
0.452343 0.00139855 9.08665e-006 1.99885e-005 0.897749 
0.000605493 0.314575 0.638345 0.316867 0.632838 
0.804236 0.000299475 0.533518 2.07796e-005 0.266811 
0.945359 0.241976 8.89723e-005 0.235317 4.03888e-006 
0.266756 3.83184e-005 0.536998 2.43024e-005 0.801834 
0.00474383 0.532021 0.808418 0.000143454 0.270581 
0.000213881 0.588959 3.00176e-005 0.580023 0.570695 
0.000147537 6.20777e-006 0.197532 3.2094e-005 0.981605 
0.000474259 0.000233433 0.579742 0.579671 0.577651 
0.805989 0.535932 0.26482 0.000721531 5.91411e-005 
6.42684e-007 0.539775 0.802064 0.267475 0.000195904 
0.943857 0.237343 2.03349e-005 1.52823e-005 0.237568 
0.286757 0.285868 0.870727 0.288551 2.01393e-005 
0.946604 8.87173e-005 0.00047325 0.235014 0.239148 
0.631928 0.638872 0.316217 0.312458 6.79872e-006 
0.632514 0.000811998 0.633236 0.316317 0.3202 
0.284442 0.87351 8.93658e-005 0.285526 0.283591 
2.72412e-008 1.70364e-011 4.57551e-011 7.34548e-012 1.00172 
1.82474e-007 5.34115e-005 0.267951 0.802074 0.535498 
0.577536 0.000209051 0.58253 3.45853e-006 0.579831 
0.63347 0.321215 0.313528 0.63536 0.000128951 
0.237416 0.234579 0.00165131 0.944655 8.98998e-006 
0.539131 1.96596e-005 0.806993 0.261762 2.55865e-005 
0.711943 0.000141598 8.45361e-005 0.708635 2.39261e-006 
0.000311016 6.1945e-005 0.000319831 0.19792 0.988794 
9.4457e-006 0.000488922 0.23506 0.944795 0.235581 
0.000100986 0.323788 0.633195 0.634553 0.314181 
0.864536 0.296328 0.288252 0.291771 5.12007e-005 
0.538651 0.00149615 0.000165415 0.270006 0.80038 
0.266457 3.57743e-005 0.804047 6.49403e-006 0.534909 
0.895867 0.000147148 0.448618 1.11404e-005 5.64294e-006 
0.983617 8.179e-005 2.95386e-005 0.193944 1.01114e-005 
0.802875 0.268039 0.538019 7.51219e-006 9.25604e-006 
0.288001 4.94191e-005 0.867673 0.288083 0.289828 
0.263089 0.807432 0.000134859 0.5318 0.000440862 
0.237421 0.241085 6.44784e-006 2.11266e-005 0.947389 
0.240027 0.001556 0.944376 0.23518 0.00517241 
0.310981 0.318837 0.63632 1.37904e-005 0.63435 
0.197684 3.90199e-005 1.9209e-005 0.986164 0.000128759 
0.630112 0.646064 0.000420887 0.301859 0.318687 
0.705876 0.363767 0.356312 0.351252 0.354877 
7.1868e-005 0.583301 0.575242 5.51719e-005 0.575748 
0.314657 0.64384 0.000314718 0.316053 0.630344 
0.000574435 0.644309 0.628715 0.312674 0.318528 
0.284953 0.870256 0.287187 0.291496 5.80972e-005 
0.984139 5.54272e-005 0.195003 1.51367e-005 9.1759e-007 
3.2589e-005 9.76655e-008 2.43232e-007 0.451104 0.901591 
0.000154055 3.92673e-008 0.804547 0.269054 0.535306 
0.264348 0.000475881 0.00384605 0.539882 0.806745 
0.000182936 0.586656 0.576179 0.577532 0.00210111 
0.649807 0.322554 0.650903 2.36634e-006 0.322592 
0.533276 0.275871 0.803045 2.14965e-005 2.8664e-005 
3.92337e-005 0.946628 0.233596 0.000107662 0.232783 
0.799618 0.532942 0.0017668 0.283779 0.000380706 
0.640839 0.319063 0.633692 0.313378 0.00230022 
0.948166 0.00414105 0.232267 0.000108038 0.230896 
0.00123424 0.809418 0.539028 2.09382e-005 0.268847 
0.312228 0.00230021 0.638315 0.316397 0.631898 
6.60361e-005 0.996111 4.60883e-006 0.197586 6.52075e-007 
0.319103 0.32086 3.78129e-005 0.633345 0.630297 
9.03165e-006 0.0001831 0.000421979 0.894623 0.447604 
0.449225 0.895984 5.23505e-005 8.41905e-005 0.00494092 
0.269001 9.85587e-005 0.80336 0.542671 9.74368e-005 
0.290915 0.870643 0.288091 0.000286822 0.287166 
8.8156e-005 1.44822e-007 0.268419 0.536248 0.80442 
0.713271 0.711191 0.000107028 9.01905e-006 0.0061109 
0.320068 4.1173e-005 0.634173 0.63154 0.317075 
6.10558e-006 0.197993 9.14096e-006 0.981133 3.3052e-007 
0.537112 0.267012 2.73313e-005 0.00013484 0.802301 
1.81609e-005 0.270524 0.538827 2.48386e-005 0.801225 
0.871231 0.000386807 0.287446 0.287324 0.287987 
0.26852 1.66676e-005 0.535388 0.803369 1.65956e-006 
0.234924 0.000130837 9.02479e-005 0.232927 0.944809 
0.637574 0.318647 0.000416875 0.628899 0.318536 
9.90244e-005 0.27185 0.538127 0.80321 1.55203e-005 
0.349673 0.714907 0.356401 0.350423 0.353732 
0.584904 0.583198 8.77662e-005 7.39589e-006 0.576561 
4.11224e-005 8.66569e-008 0.944521 0.235357 0.236149 
0.000353579 1.42508e-006 0.537373 0.264643 0.803893 
0.634694 0.000697263 0.313678 0.31114 0.635556 
0.000101411 0.873444 0.289262 0.287137 0.284335 
0.000749717 0.946351 0.230638 0.233498 3.44838e-006 
2.42253e-005 0.641018 0.314139 0.316113 0.626247 
0.231884 0.949677 8.71544e-005 2.2455e-005 0.231969 
0.00140684 0.902457 4.58747e-005 2.55202e-005 0.438822 
0.000213498 0.951295 0.000625987 0.231398 0.230744 
0.00400137 0.807623 1.62402e-005 0.536087 0.267244 
0.224885 0.94919 0.227413 3.52932e-006 1.19269e-005 
0.947852 6.36651e-005 0.225097 0.237318 0.000131281 
0.52937 0.808925 0.00017833 0.267899 1.13391e-005 
1.66011e-005 7.93955e-005 1.00218 6.18724e-005 1.31978e-005 
0.265369 0.542969 0.000302805 0.797893 0.000424907 
0.000288915 2.05678e-005 0.708283 0.708211 2.47185e-007 
0.000128699 0.241339 0.238348 0.94342 1.20827e-005 
0.3579 0.360137 0.710226 0.338823 0.359501 
1.00954 2.9722e-005 4.33296e-005 1.79798e-005 1.22521e-005 
7.8992e-006 0.000192984 0.806944 0.532617 0.261632 
0.582071 0.000934322 0.586093 0.575737 0.000139568 
0.000294297 0.807928 0.535347 0.264278 1.53266e-005 
5.03241e-005 0.000955973 0.982794 2.16715e-006 0.194721 
0.870913 0.291042 1.7616e-005 0.286057 0.287578 
0.31606 0.000347528 0.319494 0.634329 0.632192 
0.354203 0.35973 0.355228 0.704022 0.363407 
0.238571 5.77504e-005 0.237411 0.942597 3.0788e-005 
0.312372 0.327112 0.6336 0.632619 0.000201713 
0.31412 0.642747 0.314263 0.000196645 0.628496 
0.268656 3.69798e-005 0.000125192 0.801987 0.536452 
0.812918 0.000189097 0.000136619 0.270047 0.528488 
0.801401 0.539031 0.000136373 7.22682e-006 0.264679 
2.29692e-006 0.715941 6.81752e-006 1.97251e-005 0.700994 
0.291913 0.294716 0.287001 0.865455 0.000202573 
5.97732e-005 0.452975 8.28986e-005 3.15992e-005 0.895124 
8.76639e-006 0.273135 0.000211851 0.806455 0.537955 
0.709415 0.000171726 0.705966 4.74754e-005 3.07863e-005 
0.575585 0.582983 0.000130064 0.575539 0.000752687 
0.1984 1.05409e-005 0.982229 4.9727e-007 2.37517e-006 
0.53978 0.803133 1.34438e-005 1.38262e-005 0.264647 
0.00126888 0.321076 0.317003 0.635104 0.633187 
2.93321e-005 0.238067 0.236953 9.77355e-006 0.943835 
0.000814647 0.808782 0.264935 0.000960272 0.531477 
0.000167454 0.539593 0.267124 0.801708 1.13169e-005 
6.27211e-005 1.1433e-009 2.92845e-007 1.00184 2.64826e-006 
0.000183257 1.30066e-005 0.449252 0.893928 1.04177e-007 
0.000100701 0.198712 0.983775 1.87738e-005 1.92176e-005 
0.000117969 0.986553 0.000101652 6.90861e-005 0.196874 
0.894627 3.08934e-005 9.47392e-005 2.43806e-005 0.448389 
1.06986e-005 0.807715 0.264252 0.533848 0.000584816 
5.8039e-006 0.271752 0.8027 3.43823e-005 0.532605 
4.33866e-006 0.236666 0.945904 1.82391e-005 0.231089 
0.292475 0.290174 0.000479826 0.286083 0.867308 
0.000272419 0.00056444 0.541361 0.806033 0.268045 
0.271809 0.542126 3.16753e-005 5.09404e-005 0.796259 
0.947208 0.233627 0.234016 3.39532e-006 5.15287e-005 
0.288595 0.000560397 0.289253 0.291622 0.868376 
0.982575 0.000319258 4.43906e-005 2.46992e-005 0.194598 
0.238876 5.70929e-005 9.48351e-006 0.946894 0.237022 
0.0002158 0.454685 0.899248 1.77117e-005 1.01983e-005 
0.582298 4.93075e-005 0.000106406 0.57662 0.579656 
0.000717834 0.81401 1.59566e-006 0.264122 0.527949 
0.359966 0.388793 0.810968 0.000143702 0.267798 
0.000619585 0.000131734 3.8128e-006 0.278357 0.968179 

