0.442437 -0.0935504 
0.638175 -0.391564 
0.21665 0.429124 
0.823733 -0.464233 
0.191026 0.619445 
0.630092 -0.302247 
0.230654 0.333497 
0.414016 0.183059 
0.196546 0.582064 
0.845408 -0.753787 
0.0618814 0.697109 
0.184539 0.658834 
0.409476 0.241968 
0 1.00349 
0.421428 0.0905681 
0.0831277 0.67201 
0.62192 -0.181679 
0.255738 0.24489 
0.625128 -0.232526 
0.447794 -0.112534 
0.83689 -0.679759 
0.452823 -0.121738 
0.623388 -0.205246 
0.831095 -0.597956 
0.635866 -0.370348 
0.0159809 0.869216 
0.842884 -0.73864 
0.626804 -0.256833 
0.628526 -0.281176 
0.829855 -0.578449 
0.827428 -0.535897 
0.8339 -0.640831 
0.838478 -0.698084 
0.416588 0.149427 
0.241417 0.278954 
0.0685858 0.682926 
0.618776 -0.127515 
0.82497 -0.488712 
0.246965 0.259046 
0.225693 0.364109 
0.221214 0.395758 
0.039291 0.767822 
0.832357 -0.618039 
0.835324 -0.659632 
0.411542 0.21614 
0.429423 0.00378072 
0.00826893 0.910468 
0.633987 -0.348604 
0.432208 -0.0203243 
0.426781 0.0312811 
0.0241771 0.830119 
0.828589 -0.556588 
0.0471503 0.741436 
0.201559 0.544385 
0.235739 0.303936 
0.648947 -0.45211 
0.643781 -0.432236 
0.0316143 0.799386 
0.0542761 0.717099 
0.435258 -0.0467344 
0.211589 0.467004 
0.620416 -0.156879 
0.826145 -0.51129 
0.840398 -0.716779 
0.852644 -0.771712 
0.632012 -0.326208 
0.424155 0.0589006 
0.640866 -0.412516 
0.0771269 0.673605 
0.418997 0.118728 
0.206911 0.504202 
0.438578 -0.0695437 
0.411406 0.227965 
0.213408 0.455476 
0.847211 -0.761718 
0.831157 -0.599404 
0.240547 0.287565 
0.419916 0.108694 
0.852028 -0.764006 
0.0275851 0.817832 
0.22497 0.3696 
0.833698 -0.637739 
0.623182 -0.195473 
0.434644 -0.0415235 
0.620695 -0.16133 
0.634248 -0.353078 
0.0472747 0.741181 
0.413661 0.187732 
0.6249 -0.228906 
0.246802 0.259245 
0.636356 -0.371932 
0.422066 0.0857988 
0.233636 0.318593 
0.627347 -0.262599 
0.206901 0.504638 
0.823641 -0.46193 
0.187766 0.640236 
0.433464 -0.0273789 
0.426219 0.0365136 
0.637776 -0.388221 

