0.0730494 0.73177 
0.343699 0.415167 
0.320083 0.435677 
0.0578882 0.760635 
0.923004 0.0402469 
0.808435 0.102584 
0.535029 0.269612 
0.0653533 0.745749 
0.303956 0.449625 
0.599792 0.226707 
0.264828 0.486685 
0.514678 0.283733 
0.17557 0.581852 
0.777655 0.11938 
0.610367 0.219937 
0.219181 0.533358 
0.139274 0.628758 
0.634839 0.204373 
0.376819 0.38738 
0.272535 0.479395 
0.999067 0.00127601 
0.708839 0.159268 
0.327456 0.429289 
0.420986 0.352478 
0.959321 0.0213425 
0.695836 0.167054 
0.161346 0.600271 
0.026098 0.840493 
0.204824 0.549385 
0.146372 0.618854 
0.403129 0.366138 
0.556959 0.254552 
0.211765 0.540903 
0.45693 0.32528 
0.567117 0.248124 
0.411251 0.360005 
0.13178 0.638617 
0.234595 0.516611 
0.476505 0.31146 
0.658143 0.189691 
0.6225 0.211988 
0.0881671 0.705174 
0.311648 0.443402 
0.792943 0.110384 
0.467362 0.318392 
0.0502824 0.777353 
0.109905 0.669917 
0.335849 0.422068 
0.683296 0.174714 
0.0342501 0.816874 
0.837967 0.0857533 
0.430015 0.345355 
0.854918 0.0764519 
0.168108 0.591434 
0.735888 0.143135 
0.0091932 0.905749 
0.822616 0.0941966 
0.904848 0.0496101 
0.577889 0.240974 
0.97929 0.0116072 
0.545841 0.262937 
0.504456 0.290862 
0.485678 0.304527 
0.117134 0.659378 
0.74963 0.13531 
0.941092 0.0308206 
0.384679 0.381023 
0.0947392 0.694111 
0.645735 0.197519 
0.102457 0.682054 
0.182855 0.573706 
0.394341 0.373395 
0.242118 0.50976 
0.287853 0.464961 
0.0177055 0.869234 
0.43847 0.33897 
0.589127 0.23347 
0.870721 0.0677934 
0.495432 0.297217 
0.524763 0.276579 
0.153259 0.610031 
0.722031 0.15148 
0.0421573 0.796388 
0.368723 0.394164 
0.124824 0.64805 
0.67075 0.182361 
0.295666 0.458268 
0.763856 0.127113 
0.280194 0.472154 
0.197049 0.557296 
0.256649 0.49446 
0.352205 0.40786 
0.0803834 0.718331 
0.447892 0.332079 
0.360451 0.400938 
0.227381 0.524933 
7.00448e-09 1.00151 
0.249739 0.502075 
0.887719 0.0585548 
0.19021 0.565263 

