0.620308 -0.15516 
0.419084 0.118157 
0.438625 -0.0719879 
0.225777 0.363143 
0.235633 0.304906 
0.835309 -0.660566 
0.633937 -0.349859 
0.44253 -0.0937624 
0.638231 -0.391982 
0.648591 -0.451613 
0.448235 -0.11524 
0.435084 -0.0464002 
0.241273 0.278758 
2.60792e-007 1.00232 
0.190835 0.619435 
0.842562 -0.735805 
0.016344 0.866873 
0.62183 -0.180482 
0.625147 -0.233298 
0.0466064 0.742224 
0.826224 -0.513813 
0.184967 0.656316 
0.255843 0.244435 
0.023746 0.832657 
0.626808 -0.257765 
0.643908 -0.432719 
0.840394 -0.717242 
0.00821875 0.910256 
0.630283 -0.304835 
0.829858 -0.577932 
0.0700643 0.681 
0.623487 -0.207356 
0.201756 0.541655 
0.0838246 0.671671 
0.831089 -0.598549 
0.19623 0.581844 
0.845462 -0.754622 
0.618788 -0.128804 
0.635954 -0.371123 
0.832996 -0.619706 
0.823832 -0.466766 
0.421471 0.0898032 
0.852063 -0.772009 
0.413978 0.182682 
0.828562 -0.556221 
0.454078 -0.12214 
0.0784546 0.672524 
0.0618826 0.696274 
0.230364 0.334102 
0.4116 0.213634 
0.628672 -0.284221 
0.216573 0.429992 
0.409512 0.241272 
0.0317481 0.797803 
0.432255 -0.0223557 
0.206895 0.502141 
0.41657 0.149359 
0.838527 -0.698515 
0.827246 -0.532858 
0.833847 -0.640501 
0.426767 0.0303885 
0.0391971 0.767273 
0.247253 0.258492 
0.640702 -0.411389 
0.824963 -0.489215 
0.42395 0.0605095 
0.221297 0.39406 
0.0541344 0.715757 
0.211732 0.465692 
0.429549 0.00279538 
0.836859 -0.680369 
0.631977 -0.326797 
0.828981 -0.563583 
0.226808 0.356397 
0.839257 -0.706491 
0.435876 -0.0517854 
0.0287262 0.826818 
0.0622194 0.694722 
0.623659 -0.210066 
0.831826 -0.610389 
0.626585 -0.253387 
0.620758 -0.157247 
0.842143 -0.732495 
0.645329 -0.438139 
0.429769 0.000637619 
0.213256 0.453726 
0.836622 -0.67313 
0.0822974 0.672503 
0.850953 -0.771181 
0.629011 -0.288692 
0.0835119 0.671979 
0.219996 0.403392 
0.653302 -0.456687 
0.630032 -0.301542 
0.61942 -0.139839 
0.621811 -0.179951 
0.637103 -0.372588 
0.20226 0.538028 
0.831464 -0.604604 
0.20437 0.521615 

