0.725598 0.000544291 0.712428 2.91256e-005 0.000655929 
0.233642 7.04465e-008 4.34863e-006 0.946494 0.235389 
0.272767 0.80811 0.528782 0.00171344 0.000230283 
0.456376 0.000859003 1.05898e-006 2.95163e-006 0.903026 
0.000102134 9.48217e-005 0.981387 2.42332e-005 0.195703 
1.12398e-006 9.22683e-005 0.44549 0.897963 0.000329423 
0.806607 0.530949 0.267698 1.04406e-006 0.00054021 
0.872334 0.288566 0.291623 0.275592 5.49634e-005 
0.542837 0.000410247 0.261633 0.801675 2.13066e-005 
0.295307 0.294317 0.870099 0.284189 0.00291458 
0.00131124 0.289594 0.86757 0.291745 0.288403 
9.98967e-007 0.000123691 0.80176 0.541484 0.270347 
0.000633612 0.320727 0.632916 0.634482 0.313295 
0.00069516 0.715086 1.98749e-005 0.710478 2.57193e-005 
1.28345e-006 0.533896 0.804795 0.27022 4.14504e-005 
0.323996 0.638409 0.00203592 0.631167 0.307191 
4.5248e-005 0.268553 0.537055 9.9264e-006 0.80474 
0.23608 9.62987e-005 0.944533 1.1535e-005 0.235928 
0.000233861 0.982763 0.192266 1.66575e-005 6.23935e-005 
0.000218211 0.711204 0.000767536 3.89155e-005 0.706703 
0.542086 0.267525 0.000728445 0.000390326 0.808445 
5.59677e-006 0.272868 0.801033 0.534568 1.99366e-005 
0.807584 0.000982737 0.535944 0.267829 8.79923e-005 
0.278095 0.545182 0.800761 0.000231179 0.000250545 
0.237473 0.944248 0.235004 3.81622e-005 8.25368e-007 
0.542202 0.797194 0.277957 4.16462e-005 6.17281e-006 
8.63255e-009 3.14995e-007 4.89298e-007 1.1129e-006 1.00285 
1.96196e-005 0.000460026 0.236191 0.238503 0.946895 
0.000627585 0.899553 0.000531562 4.96219e-005 0.441647 
0.294928 0.291524 0.864538 5.25586e-006 0.29026 
0.330726 0.323612 4.54879e-005 0.626824 0.628752 
0.542472 0.798491 0.000134678 0.271761 0.00148205 
1.05134e-009 6.28637e-008 0.00036983 0.192966 0.985462 
1.24814e-005 0.00165346 0.896979 0.450139 5.79205e-005 
0.293504 0.295772 4.85536e-005 0.873133 0.291431 
0.000161331 3.18651e-006 0.89592 1.76344e-006 0.44888 
0.00105127 0.813881 0.544127 0.000279013 0.26891 
1.82476e-005 4.22798e-007 1.04123e-007 0.903073 0.449358 
0.273267 0.000147512 0.803348 6.72981e-005 0.534235 
0.635641 0.630931 0.314737 9.51943e-006 0.315482 
0.000198489 0.318971 0.635938 0.316775 0.630839 
0.947656 0.232912 0.000111854 7.17442e-006 0.23023 
0.320907 1.58077e-005 0.637751 0.317884 0.634792 
0.946121 7.02074e-005 0.232624 1.55636e-005 0.236069 
0.201755 0.000396018 0.983372 4.55758e-006 1.71275e-006 
0.267394 0.80333 0.00215788 0.536994 3.52408e-005 
0.272894 0.000160676 0.535924 0.803843 6.36861e-005 
0.584645 0.000433792 0.571154 0.577975 0.000810368 
0.000232743 0.803165 0.000917682 0.54322 0.264491 
0.900477 6.27405e-005 0.44342 7.49965e-006 5.46645e-005 
0.527803 0.267367 0.000357204 0.808398 1.00345e-006 
0.316497 0.63986 0.627609 0.325077 5.3872e-005 
0.542511 0.805212 6.56185e-006 6.40163e-006 0.262548 
0.000141327 2.45304e-007 0.195147 0.981516 0.000558993 
0.00033229 0.541164 6.11707e-005 0.270459 0.8128 
1.47171e-007 1.36028e-005 0.229182 0.946217 0.233598 
0.320428 0.629254 0.313156 0.636473 0.00016988 
0.955146 3.72996e-005 0.000109903 0.235919 0.23877 
3.09389e-005 0.197632 0.981297 1.66548e-005 6.23603e-005 
0.537931 0.000399492 0.000317953 0.802872 0.266986 
7.04321e-006 1.30026e-005 1.32825e-005 0.983438 0.192737 
0.446186 0.000112431 0.000116864 0.897833 0.00136546 
0.00365915 0.809513 0.269691 0.000196844 0.532191 
0.983227 2.21441e-006 0.191371 1.60411e-005 7.51465e-005 
0.985073 0.000730683 4.86811e-006 0.192025 6.20054e-005 
0.00313039 0.539336 0.26385 0.800801 1.87912e-005 
0.000327284 0.645588 0.633281 0.322546 0.311096 
0.870866 0.285925 0.00022809 0.284425 0.288199 
0.455012 0.000267905 0.893578 0.00105282 6.36124e-005 
9.31747e-005 8.3756e-006 0.944803 0.237044 0.233311 
0.00101415 0.629961 0.31269 0.314229 0.64141 
0.985012 2.01556e-005 0.000129739 3.54124e-005 0.194102 
0.948117 0.236232 0.00457785 0.228578 2.56976e-005 
0.00395326 0.59238 0.570352 0.582466 0.00582143 
0.540586 0.270619 0.797945 0.000118784 7.81491e-005 
0.294277 0.000496524 0.86798 0.291314 0.289494 
0.721125 0.354517 0.346068 0.358393 0.334546 
0.807873 0.531583 0.00036785 0.273848 0.000447834 
0.8699 3.45426e-005 0.283063 0.289597 0.286572 
5.41085e-005 0.264272 0.000123253 0.543303 0.799768 
0.362669 0.707344 0.357842 0.354809 0.345288 
0.00508441 1.5219e-005 0.266073 0.815106 0.530399 
8.05118e-005 0.98132 0.000380852 0.197024 2.72117e-005 
1.82562e-005 6.18677e-006 6.12986e-006 1.00274 1.8689e-006 
0.294655 0.290465 6.31034e-005 0.291057 0.867698 
0.275053 0.802097 0.00011583 3.97247e-005 0.538034 
0.000129453 3.71427e-008 0.981813 0.194606 1.70701e-006 
0.808137 0.000414047 0.000313317 0.266729 0.530104 
0.585336 0.571911 0.000333324 0.5818 7.64697e-005 
0.3727 0.360901 0.360143 0.717151 0.306598 
0.905822 4.98206e-005 0.000391445 8.03142e-007 0.435119 
0.00143635 0.236165 6.30137e-005 0.236368 0.944723 
0.321318 0.634822 0.000980145 0.317178 0.628898 
8.46051e-005 0.583501 0.00309758 0.580395 0.57346 
0.544569 0.000402909 0.808381 0.271399 0.00280084 
5.25838e-005 0.44151 0.000108973 0.901567 8.50071e-005 
0.000791936 0.902348 0.00032896 0.450101 2.57281e-005 
0.360855 0.35532 0.713004 0.354049 0.344117 
0.644499 0.325827 0.629653 0.314432 0.00164855 
0.635805 0.651319 0.000538289 0.290523 0.316181 
0.236784 0.947174 4.572e-006 0.230715 1.82334e-007 
0.000253978 0.966443 6.50221e-005 0.236679 0.239584 
0.543493 0.000406577 0.80297 2.58799e-005 0.267028 
0.20368 5.95498e-005 7.83571e-005 0.000104594 0.987985 
8.9913e-005 0.320466 0.320422 0.633366 0.628316 
0.238331 0.000178786 0.234059 9.56772e-006 0.947216 
0.64208 0.308726 0.314233 0.000274958 0.629962 
0.000503221 0.869651 0.287691 0.284268 0.289349 
0.000282683 0.451549 5.67536e-005 0.000128061 0.89976 
0.000166576 0.265199 0.000114583 0.808946 0.528421 
0.000503383 9.60683e-007 4.1623e-006 0.449242 0.897891 
0.904162 7.34567e-005 0.000102202 0.444808 6.63312e-005 
0.544671 5.06339e-005 6.15671e-005 0.270105 0.798356 
0.293372 0.86616 0.289174 0.291227 1.98446e-005 
4.71566e-006 0.000641522 0.451752 0.000128119 0.900165 
5.10513e-005 0.236716 0.945904 1.20798e-005 0.231147 
1.95817e-005 0.238672 6.59165e-006 0.966772 0.240358 
0.238336 0.235021 1.53479e-005 0.943378 2.45903e-005 
0.806384 3.14221e-005 0.270824 0.536307 1.19271e-005 
0.58519 0.572865 0.576161 0.000159407 0.00400674 
0.292244 0.869603 0.00163466 0.29174 0.283313 
0.636969 0.315137 0.313127 0.638657 1.3603e-005 
0.321397 6.04974e-007 0.628934 0.636245 0.314787 
0.292913 0.000181571 0.288194 0.298131 0.875008 
0.00315201 1.18697e-005 0.264857 0.537849 0.802352 
0.32127 0.000203631 0.316095 0.642527 0.633973 
0.240556 0.000449159 0.234983 0.951729 0.00155345 
0.23898 0.945447 7.88458e-005 4.03871e-005 0.233 
0.954736 2.15024e-006 0.217621 0.232388 5.95607e-005 
0.643469 0.316394 0.630263 1.45949e-005 0.307272 
0.807008 3.03501e-005 0.533534 0.000305074 0.262967 
0.000386516 0.949264 0.235469 0.235857 2.40334e-005 
0.271038 0.000146308 0.535811 4.76222e-005 0.806019 
0.809753 0.000122724 0.265356 1.22426e-005 0.529492 
0.272398 0.53994 2.14951e-005 0.000126508 0.803166 
5.18966e-005 0.449626 0.90002 1.67393e-005 6.29251e-005 
0.585141 0.000731417 0.000219884 0.581216 0.569337 
0.312416 0.313524 0.637822 0.631986 2.15895e-005 
0.195068 9.63861e-005 6.19551e-005 0.981121 0.000131589 
0.982671 0.193889 0.000185263 4.28036e-006 0.000820879 
0.813836 0.000163342 6.70201e-005 0.534855 0.252938 
0.000451462 0.711156 0.707757 0.000278993 0.000100587 
0.239548 0.239156 0.945115 4.1566e-006 1.71283e-006 
0.00349141 0.00124411 0.708576 0.710364 8.11453e-005 
0.638862 0.632241 0.300895 0.324317 9.24356e-005 
0.291833 0.289654 0.28447 0.867264 6.36873e-005 
0.717893 0.000419574 6.25611e-005 5.76744e-005 0.703504 
0.000229117 0.000231101 0.578597 0.575509 0.581254 
0.242977 0.00018045 0.000108787 0.240048 0.941501 
3.03908e-006 1.00903 2.85522e-005 1.38252e-005 3.43464e-005 
6.74068e-005 0.945784 0.23646 0.000339789 0.236423 
0.00307822 0.00106812 0.00220532 0.712376 0.705991 
4.9338e-005 0.269592 0.810146 7.17713e-005 0.536169 
0.29485 0.290654 0.287521 8.02482e-005 0.865763 
0.639801 0.000182885 0.314035 0.631116 0.312693 
0.00609696 0.276884 0.54069 0.817872 5.37254e-006 
0.000155746 0.538913 0.267774 6.08986e-005 0.801193 
0.242106 0.237581 1.1545e-005 4.71031e-006 0.942772 
0.000315796 0.538338 0.803265 7.1364e-005 0.265459 
0.0042601 0.799555 0.264707 0.545033 1.91297e-005 
4.59366e-005 0.229791 0.228692 0.950245 0.000100657 
6.46198e-005 0.984257 0.00058898 5.38563e-005 0.190778 
0.709404 0.000432242 3.10204e-007 0.706572 6.44413e-006 
0.26733 0.528243 0.000886548 0.808407 0.000985193 
0.294625 0.000841308 0.289782 0.872127 0.268889 
0.27255 0.00293922 0.800146 0.536328 0.00111343 
0.000110323 0.550669 0.0023515 0.801372 0.26263 
0.642349 0.318314 0.00131662 0.641719 0.317198 
6.64509e-005 0.233519 0.943731 0.238289 5.919e-005 
8.33414e-005 0.290075 0.285306 0.875775 0.290032 
0.361244 0.356528 0.348781 0.357347 0.705615 
5.01883e-005 0.292855 0.291862 0.290334 0.867126 
6.85404e-006 0.000130717 1.00186 3.32432e-006 4.61968e-005 
0.272536 2.33805e-005 0.000116876 0.80169 0.533867 
0.58576 0.000481017 0.576408 1.1835e-005 0.581071 
0.272951 0.000123637 0.000120866 0.534566 0.803276 
4.87747e-007 3.32829e-005 0.195799 6.39168e-006 0.981589 
0.000171759 0.199242 8.53788e-005 1.00212 0.000144328 
0.325391 0.628835 0.640159 0.00340482 0.315509 
0.293322 0.868961 0.288353 2.48915e-006 0.288767 
0.872077 0.284129 0.286466 8.38606e-006 0.283139 
0.903667 0.45108 0.000368203 0.00482344 2.57697e-005 
0.00237726 1.76546e-006 0.537164 0.802937 0.267001 
1.4996e-006 0.000100923 0.537134 0.269715 0.804756 
0.237354 0.00105847 0.942049 0.242753 6.79518e-005 
0.645688 0.000272718 0.319791 0.318748 0.638707 
0.00215744 0.585173 0.573816 1.31377e-005 0.583807 
0.640163 0.000405702 0.629851 0.320308 0.307665 
0.000232715 0.808397 0.528439 0.267052 6.63833e-005 
0.322792 0.317142 0.632897 0.000369402 0.630884 
0.204491 0.984025 0.000218312 1.63226e-005 0.000139651 
0.000105724 2.56781e-005 0.708984 0.00391343 0.709937 
0.951526 0.233729 0.235904 3.49747e-005 1.27191e-005 
0.80832 0.536347 0.00279056 0.00138384 0.257614 
0.000331671 0.238856 0.23745 3.19837e-006 0.950371 
2.48585e-005 0.196073 0.00023078 7.41213e-006 0.982961 
0.000120216 0.000119227 0.804748 0.269665 0.535729 
0.458145 0.895225 9.92588e-005 4.96903e-005 0.0001754 
0.000260516 0.90144 0.447015 7.71851e-005 0.000122441 
0.637913 0.329619 6.31289e-005 0.317647 0.628831 
0.000323085 0.802263 2.65297e-005 0.273927 0.532968 
0.323125 0.633738 0.315826 0.000205923 0.630612 
1.02057 7.90794e-005 2.36814e-006 6.60054e-006 5.51426e-005 
0.582535 0.578698 0.000443517 0.00432686 0.575618 
0.806313 0.264454 0.000458502 0.534063 0.00677641 
0.542464 3.09926e-006 0.269063 0.000166052 0.799658 
0.81031 0.26552 0.000505072 0.000983505 0.52695 
0.807899 0.272992 0.529368 0.000288146 0.00013627 
0.000289613 0.635218 0.318667 0.635507 0.314817 
0.714915 0.701551 0.000168381 0.000254096 1.70897e-006 
0.013292 0.972887 0.000111955 0.240323 0.0435373 
0.000104219 9.67569e-005 1.00142 0.0391465 0.00316844 

