0.27014 0.807833 0.000687098 0.000125697 0.536182 
0.238263 0.238578 2.95817e-005 0.000131426 0.943715 
0.0012999 0.811617 0.270868 0.539178 0.00130645 
0.635976 0.00348353 0.320151 0.316427 0.632799 
0.197792 3.44859e-005 2.70585e-005 0.982436 4.412e-005 
0.294734 0.000639905 0.299561 0.295919 0.890192 
0.646987 0.311598 9.3765e-005 0.317672 0.62867 
0.000123546 1.15762e-005 0.197257 3.06565e-006 0.982719 
6.46078e-006 0.711125 0.000133914 0.709746 0.00244439 
4.23963e-005 0.806114 3.64905e-005 0.266997 0.534416 
0.716064 1.84013e-005 2.55284e-005 0.000344713 0.706633 
0.000135248 0.320252 0.637397 0.628927 0.315191 
3.55836e-005 0.447366 0.900593 0.000103628 7.55469e-005 
0.290964 0.292051 0.288328 0.00273687 0.86753 
3.08138e-006 0.986902 2.76326e-005 0.188393 0.000211365 
0.636032 0.314539 0.31569 0.63369 3.57182e-005 
0.268243 0.542331 1.55271e-005 0.000175309 0.803162 
1.91985e-007 0.542114 9.18922e-005 0.804828 0.267509 
0.808852 0.00326703 0.00121627 0.534552 0.265207 
0.270474 1.41816e-005 0.805541 1.90614e-005 0.534549 
0.540464 7.84347e-005 0.802719 2.07491e-005 0.264622 
0.290217 0.000183397 0.87394 0.291396 0.290175 
0.806149 0.534351 0.000129742 0.000445381 0.2644 
0.290778 0.292056 0.289719 0.866894 4.2712e-006 
0.292077 0.292827 6.56674e-005 0.290956 0.865859 
1.74318e-005 0.32146 0.633264 0.314041 0.632295 
0.32026 0.000318739 0.637414 0.62853 0.315109 
0.00011552 0.89553 0.448934 9.96817e-005 7.49918e-005 
3.35385e-005 0.269078 3.66131e-005 0.532011 0.804745 
3.02933e-006 0.000356848 0.537598 0.801419 0.267115 
0.870581 0.000179521 0.293189 0.288671 0.292163 
0.000532791 0.539529 0.806136 0.268537 0.000168032 
0.000122418 0.945925 0.233551 6.90716e-005 0.233574 
0.870008 0.290528 0.283028 0.00139399 0.283521 
1.69366e-006 0.580393 0.579799 0.000636614 0.577929 
0.807019 0.269798 0.00279993 2.54458e-006 0.531168 
2.97078e-005 1.79169e-006 0.58041 0.583671 0.57656 
0.638077 0.317244 0.318487 6.65397e-006 0.629365 
0.585422 0.000564487 2.42717e-005 0.57314 0.577473 
0.946025 0.231897 0.234803 0.00045794 5.12454e-005 
3.35817e-005 0.270673 0.000400361 0.805865 0.537473 
0.000222302 0.269327 0.535717 0.000122427 0.803064 
0.540313 0.002942 0.275343 0.00211113 0.802607 
0.000957263 0.879867 0.28573 0.288738 0.289139 
0.273218 4.17448e-005 0.534904 0.000209997 0.804448 
0.0011403 0.239363 0.237217 0.947326 5.20441e-005 
0.29593 0.00012682 0.290676 0.864924 0.288776 
0.356265 0.353181 0.70448 0.342728 0.370717 
0.535158 0.261837 0.805561 0.000364235 0.00254111 
3.51059e-005 2.25575e-008 0.710035 0.708452 4.38942e-005 
9.92014e-005 0.23773 0.944791 0.235675 2.52996e-005 
3.93646e-005 2.23548e-006 0.817962 0.269178 0.542587 
0.00192705 0.292943 0.869561 0.287405 0.287177 
0.315585 7.1281e-005 0.634117 0.314177 0.638264 
0.00215274 0.639461 0.314572 0.315079 0.632704 
1.1362e-011 2.89783e-008 2.26791e-011 1.35543e-010 1.00118 
0.00261137 0.293596 0.287259 0.28924 0.871403 
0.318252 0.31421 0.643131 8.81157e-005 0.638271 
0.249951 0.248125 0.987614 1.00687e-005 0.000477853 
0.807055 0.00187748 0.27098 0.000285939 0.538976 
0.296885 0.291755 0.86447 0.288066 0.000536336 
0.27063 0.0010323 0.54362 0.807307 4.23708e-005 
9.17282e-006 0.198752 3.20803e-006 4.10679e-005 0.982688 
0.633492 0.634032 0.322872 0.307479 5.62817e-005 
0.295707 0.863159 0.29026 9.90378e-005 0.291783 
0.638168 0.314178 0.634629 0.00034059 0.314061 
3.14781e-006 6.403e-006 1.00252 2.20814e-005 7.77085e-006 
0.804402 0.000293844 0.265786 0.536345 1.88153e-005 
0.207013 1.03051 5.48191e-006 9.40291e-005 5.17157e-006 
0.708225 1.02923e-005 0.710651 4.38442e-005 0.00117067 
0.450181 0.89632 0.000127206 0.000317079 2.68683e-005 
0.631921 0.322038 0.000173246 0.633964 0.313813 
0.534164 0.803585 1.22398e-005 0.000191807 0.267121 
0.533164 0.000112406 0.804789 0.267783 3.20865e-005 
0.197225 7.39428e-006 1.85458e-005 7.50485e-005 0.982558 
0.000189926 0.541693 0.802093 1.62599e-005 0.264703 
0.578771 0.579236 0.578699 6.30385e-005 0.00169101 
0.946648 0.229461 4.32689e-005 0.238404 7.00576e-005 
0.319528 0.319784 0.638651 0.629379 0.000126036 
0.544713 0.799476 0.000691835 0.266286 1.39564e-005 
0.808197 0.00041747 0.536931 0.269712 0.00141997 
0.294059 0.86575 0.000141908 0.288416 0.287529 
0.583877 0.582366 0.000107829 0.00237299 0.577848 
0.000179577 9.79603e-005 0.94732 0.234284 0.234124 
0.322492 0.637058 8.3009e-006 0.312489 0.632382 
0.320958 0.635436 0.631522 0.311296 7.22722e-005 
0.238518 1.0458e-005 9.2919e-006 0.236404 0.946909 
0.237299 0.240158 2.07417e-005 0.943943 0.000276726 
0.237882 0.94584 0.000147691 0.233893 4.77e-005 
0.800022 0.539396 5.21196e-005 0.268029 0.000121498 
0.000842616 0.539268 2.64901e-005 0.270562 0.80298 
0.00184331 0.985679 0.196106 0.000117145 3.6851e-005 
0.638905 2.16098e-005 0.317956 0.631075 0.312416 
0.351542 0.711288 0.34703 0.352351 0.358112 
0.366556 0.367606 0.352493 0.704952 0.337609 
0.270043 0.534799 2.644e-006 0.802145 5.81092e-005 
0.0012894 0.236915 0.23658 1.63283e-005 0.947488 
0.803896 1.22987e-005 0.00012468 0.265072 0.535325 
0.269818 6.71063e-007 6.41627e-007 0.80293 0.535745 
0.982979 0.19526 0.0001271 0.000309036 2.68459e-005 
0.295603 0.290394 0.00105077 0.874457 0.280256 
0.000418697 0.270616 0.54356 0.807225 4.23666e-005 
0.869581 0.289254 2.66666e-006 0.282333 0.28858 
0.313685 0.63447 0.635447 3.08985e-005 0.317318 
0.870997 0.286646 0.285323 0.28457 8.88195e-005 
9.65603e-005 0.449955 0.000418305 0.899527 0.000690385 
0.634175 0.634661 8.78973e-006 0.311992 0.322923 
0.232244 0.00341993 0.947333 0.235953 6.17608e-006 
0.53294 0.00425765 2.19448e-005 0.808422 0.266934 
0.22331 0.94003 0.262283 0.000109077 9.00459e-005 
1.10473e-005 0.712515 0.706874 0.000350334 8.73366e-005 
3.44097e-006 0.806144 0.539333 0.270557 0.000125088 
8.13107e-007 3.9189e-005 0.237097 0.944822 0.235885 
5.72802e-007 8.94264e-005 0.446794 3.39338e-005 0.896045 
0.58389 1.50047e-005 0.581751 0.000396786 0.580951 
0.000100352 0.803709 7.87228e-005 0.538368 0.265916 
0.542364 0.268874 0.00185167 0.000220505 0.799068 
0.00151406 0.319195 0.315275 0.633482 0.63401 
0.447892 0.00827221 0.000229774 0.898822 5.37804e-005 
3.30328e-005 3.28519e-005 0.239224 0.239252 0.954132 
0.269889 0.805042 0.000154851 0.533876 6.50733e-005 
0.704367 0.356399 0.349625 0.358604 0.358553 
0.550277 0.794216 0.262291 9.92975e-005 9.00488e-005 
3.33779e-007 0.803445 0.267361 8.61058e-005 0.538177 
0.268167 0.806675 0.536603 0.00496589 4.63318e-005 
1.44387e-007 1.40134e-007 9.04613e-006 0.982572 0.194982 
8.30134e-006 1.00865 2.50031e-005 6.71938e-006 0.000318078 
0.000202177 0.448195 4.49329e-005 2.22495e-005 0.895152 
0.264985 0.539162 0.801175 0.000349541 8.71389e-005 
0.273271 2.29202e-005 0.803044 0.536212 3.75736e-005 
2.2857e-006 0.234067 0.947853 0.000345683 0.233449 
7.50234e-006 0.581028 0.579924 0.578036 0.0021426 
0.000578995 0.195751 1.04701e-005 0.98426 1.84417e-005 
0.535579 0.267828 2.64269e-006 0.801747 5.80803e-005 
3.82949e-005 2.98042e-009 6.7989e-007 0.195937 0.982188 
6.9137e-006 0.237141 4.00902e-005 0.944997 0.235711 
0.199062 5.76477e-006 0.986235 1.78949e-005 6.32162e-007 
0.900898 0.44613 0.000488198 0.000366191 3.23222e-005 
0.000187164 0.268971 0.807204 0.54099 3.97142e-005 
0.237431 0.00203006 0.94622 6.91633e-005 0.234483 
1.82684e-005 0.895091 0.00025366 0.449091 4.96592e-006 
0.00018194 0.00018059 0.265652 0.803699 0.534213 
8.2383e-005 7.74983e-006 0.44865 0.897591 0.000323644 
0.457427 0.000885807 0.000250929 3.16261e-005 0.904323 
0.237895 0.000258166 0.23763 0.94577 0.000171415 
0.000348895 0.000725413 0.54175 0.27091 0.810807 
0.450051 0.000281466 0.897965 0.000224845 9.09858e-005 
0.29471 0.289436 0.865219 9.91676e-005 0.292056 
0.983644 0.00036816 0.190682 0.000175595 1.88016e-005 
1.31627e-006 4.59265e-005 0.89602 0.447901 4.68902e-005 
4.07776e-006 4.14587e-008 7.35212e-008 0.897417 0.448604 
0.323171 0.000166829 0.317389 0.637383 0.635367 
0.635888 0.318355 0.631909 0.313794 3.15369e-005 
0.580237 0.577769 0.000559107 0.577649 0.000254307 
0.540666 0.000875073 0.267281 0.800291 0.000169439 
3.88923e-005 3.20964e-005 0.982187 0.000198914 0.196682 
0.318862 0.637339 0.316445 0.629053 0.00115827 
0.805052 0.267779 4.25911e-005 0.533684 4.37296e-005 
0.986031 2.8968e-005 5.23716e-005 0.191067 4.39594e-005 
0.000789866 0.899352 0.000622324 0.00018424 0.447322 
0.583407 1.22384e-005 0.57305 0.581115 2.77582e-005 
0.000306566 0.195318 0.984865 2.19908e-005 2.63593e-005 
9.17328e-005 0.949207 0.229493 0.234556 4.39066e-005 
0.710891 1.70111e-005 0.00014935 0.706135 4.41273e-005 
0.805714 0.000191099 0.533736 0.00011919 0.268301 
9.32767e-005 0.000469149 0.711953 6.37281e-005 0.709078 
1.00289 1.85125e-006 2.04587e-005 2.87571e-005 4.38929e-005 
0.000960979 0.708248 4.19348e-005 8.98799e-005 0.709915 
0.238408 3.64422e-007 3.25862e-005 0.944254 0.23636 
0.654707 0.00275329 0.643624 0.314387 0.3186 
3.80003e-006 3.74261e-006 5.68354e-009 0.709697 0.71108 
0.000162868 7.9726e-009 0.19759 0.984098 0.000153832 
0.897577 3.19648e-005 5.82222e-006 0.443138 5.35103e-005 
0.713897 0.71447 0.00124595 0.000790915 5.59818e-005 
3.19643e-005 1.87967e-006 0.983951 0.197505 4.75104e-005 
0.00014329 0.803325 0.537498 0.000348531 0.268654 
0.898658 0.00302938 0.000182877 0.00183708 0.443296 
0.805812 0.535565 0.262277 0.000589754 0.00103196 
0.000654311 3.29823e-006 0.805498 0.534663 0.267481 
0.808124 0.262153 0.53085 0.0024323 8.65809e-006 
0.000386229 0.54068 0.267247 0.803637 0.000165337 
5.7712e-005 8.96887e-007 1.59768e-006 1.00145 2.74638e-006 
0.317892 0.319778 1.06859e-006 0.634483 0.631383 
0.945261 1.74496e-005 0.000152773 0.23454 0.232215 
0.000850093 0.947751 4.66691e-005 0.23747 0.234222 
0.539695 2.38859e-005 0.00012009 0.266145 0.807026 
0.00127317 0.268523 0.80477 9.89239e-005 0.53629 
0.287174 0.867319 0.289252 0.289762 5.56603e-005 
0.31627 0.637759 0.317488 7.11112e-005 0.631331 
0.236349 5.02512e-007 0.234453 0.000387355 0.95156 
0.27092 1.20813e-005 5.91531e-005 0.537578 0.807389 
0.944529 0.235548 0.000676733 6.94876e-005 0.236878 
0.635573 0.636567 0.313963 3.94641e-005 0.309303 
0.902703 2.6142e-005 0.452476 1.80741e-005 4.05389e-006 
0.000249995 0.635219 0.316211 0.633494 0.316797 
0.000109528 0.00011096 0.268815 0.536435 0.800815 
0.322871 0.64053 0.000169984 0.638452 0.318903 
0.000233185 0.580631 0.00020724 0.579506 0.580826 
0.982094 0.000332831 0.000137093 6.75307e-005 0.195764 
0.2331 0.944861 9.06355e-005 0.00010602 0.23457 
6.9441e-005 0.538316 0.265453 1.68167e-005 0.801659 
0.000831865 0.981347 1.53888e-005 1.6483e-005 0.197474 
0.944837 3.3149e-005 0.239065 0.233401 0.000160303 
0.00128469 0.636459 0.632185 0.317904 0.313996 
0.0010923 1.9761e-005 4.94059e-006 0.448198 0.897058 
0.000353469 0.000367374 0.896376 4.44611e-005 0.447466 
4.13412e-006 0.292426 0.290114 0.866082 0.290973 
0.94692 4.23664e-006 0.236551 0.000332302 0.233535 
3.44491e-006 0.237664 4.04488e-005 0.237289 0.949244 
0.364759 0.363965 0.3615 0.349002 0.702242 
0.00018788 0.535857 0.791593 1.60589e-005 0.305003 
0.806035 0.000294441 0.0114931 0.510352 0.310874 

