0.0315735 0.798273 
0.426593 0.0335381 
0.640771 -0.411311 
0.648358 -0.450723 
0.211688 0.466678 
0.620188 -0.153083 
0 1.0039 
0.852078 -0.771435 
0.840449 -0.716909 
0.0618652 0.697175 
0.240989 0.281349 
0.432177 -0.0210386 
0.438374 -0.0681551 
0.625057 -0.230923 
0.421444 0.0908624 
0.247536 0.259164 
0.824945 -0.488134 
0.0240398 0.831714 
0.63391 -0.348824 
0.0541333 0.717622 
0.0162951 0.869713 
0.413923 0.18387 
0.823711 -0.464171 
0.836902 -0.678623 
0.833813 -0.64011 
0.00818316 0.911216 
0.623486 -0.206901 
0.838511 -0.69768 
0.184925 0.658387 
0.0697936 0.683359 
0.84261 -0.735759 
0.828622 -0.556707 
0.626756 -0.256515 
0.62185 -0.180558 
0.235682 0.306496 
0.254971 0.247148 
0.230352 0.335181 
0.206779 0.505083 
0.632001 -0.326005 
0.409449 0.242318 
0.447267 -0.112274 
0.442221 -0.0917092 
0.845479 -0.753857 
0.827302 -0.531993 
0.0466913 0.741432 
0.0392167 0.769019 
0.83246 -0.619709 
0.221108 0.397653 
0.453577 -0.122355 
0.190524 0.622216 
0.630166 -0.303586 
0.429328 0.00594721 
0.643854 -0.431869 
0.826096 -0.510951 
0.638185 -0.390528 
0.628469 -0.280273 
0.201736 0.543219 
0.416361 0.152487 
0.835262 -0.65949 
0.216362 0.431191 
0.418895 0.121244 
0.829832 -0.57761 
0.424043 0.0604589 
0.0779038 0.673873 
0.411447 0.21617 
0.831116 -0.598075 
0.618591 -0.126165 
0.635913 -0.369679 
0.435136 -0.0447777 
0.196603 0.580651 
0.225851 0.364337 
0.629549 -0.288103 
0.633987 -0.349691 
0.00190795 0.968604 
0.238019 0.293256 
0.435405 -0.0483918 
0.626078 -0.242404 
0.637269 -0.382889 
0.198382 0.569383 
0.833806 -0.625279 
0.0162951 0.869713 
0.0615035 0.698806 
0.199965 0.558667 
0.827177 -0.530775 
0.212058 0.463953 
0.636529 -0.376223 
0.842705 -0.736796 
0.2539 0.247168 
0.437533 -0.0622501 
0.84746 -0.763847 
0.0234056 0.837794 
0.0387455 0.770637 
0.830678 -0.582316 
0.225812 0.368163 
0.425637 0.0554451 
0.22271 0.386953 
0.0803088 0.672918 
0.0572638 0.716851 
0.411157 0.220046 
0.835746 -0.665613 

