0.0538498 0.71747 
0.621989 -0.182586 
0.840366 -0.717574 
0.455045 -0.12164 
0.442396 -0.0932634 
0.0240529 0.830841 
0.643853 -0.432481 
0.82383 -0.466512 
0.411938 0.216487 
0.241126 0.279327 
0 1.00279 
0.827386 -0.534823 
0.429303 0.00512843 
0.184515 0.659119 
0.625146 -0.232938 
0.63404 -0.349839 
0.190887 0.618526 
0.0398798 0.766212 
0.216698 0.429235 
0.832495 -0.619864 
0.636004 -0.370571 
0.845377 -0.753075 
0.826269 -0.514015 
0.00825555 0.909883 
0.648553 -0.45115 
0.835336 -0.659018 
0.833825 -0.639277 
0.416529 0.150462 
0.630246 -0.304283 
0.235309 0.306686 
0.435186 -0.0467334 
0.206772 0.503246 
0.221063 0.396406 
0.447688 -0.113042 
0.0700783 0.682054 
0.8369 -0.67993 
0.82499 -0.488709 
0.0316629 0.798425 
0.225532 0.364894 
0.432355 -0.0222604 
0.438566 -0.0701417 
0.638332 -0.392209 
0.828592 -0.555888 
0.628411 -0.279644 
0.255696 0.244784 
0.21149 0.467652 
0.418912 0.120794 
0.426861 0.0301972 
0.414007 0.182305 
0.201843 0.541469 
0.852423 -0.771785 
0.19644 0.581225 
0.626825 -0.257632 
0.831079 -0.597871 
0.0621429 0.695794 
0.0775797 0.673624 
0.62365 -0.209192 
0.620164 -0.152728 
0.632036 -0.326132 
0.842529 -0.735347 
0.640691 -0.412346 
0.0161994 0.86695 
0.8298 -0.577022 
0.618718 -0.127791 
0.838527 -0.698481 
0.421502 0.0891494 
0.424167 0.0594064 
0.0468513 0.740067 
0.230531 0.333519 
0.247429 0.258756 
0.824923 -0.488058 
0.233855 0.322855 
0.44111 -0.0849861 
0.824184 -0.4738 
0.193235 0.608592 
0.187478 0.641718 
0.619838 -0.14666 
0.832832 -0.625043 
0.0389734 0.782276 
0.0174439 0.864226 
0.625195 -0.233816 
0.218693 0.41386 
0.626928 -0.258594 
0.424264 0.0575016 
0.646595 -0.438945 
0.0718704 0.679202 
0.0621449 0.695045 
0.0282241 0.814242 
0.247598 0.257004 
0.236874 0.305446 
0.411267 0.217906 
0.00287184 0.952324 
0.219009 0.411578 
0.829159 -0.566377 
0.00422667 0.938379 
0.224519 0.372029 
0.622361 -0.188208 
0.256326 0.244771 
0.830516 -0.585656 
0.841157 -0.724446 

