0.999921 0.00118859 
0.567322 0.248052 
0.412378 0.35987 
0.516917 0.282317 
0.336492 0.422592 
0.466682 0.318311 
0.0578092 0.761917 
0.189806 0.566304 
0.63468 0.204645 
0.403608 0.366054 
0.888569 0.0584822 
0.0801027 0.719189 
0.212663 0.541043 
0.273223 0.47874 
0.55672 0.255184 
0.959152 0.0220464 
0.611318 0.219475 
0.0176632 0.8689 
0.496138 0.297326 
0.361023 0.401696 
0.205289 0.549193 
0.395105 0.373478 
0.624226 0.211359 
0.871735 0.0674444 
0.0654208 0.74636 
0.234782 0.516949 
0.749721 0.135691 
0.536462 0.269297 
0.822492 0.0942681 
0.588904 0.23383 
0.369344 0.394277 
0.22765 0.524566 
0.477062 0.31143 
0.146583 0.619187 
0.601189 0.226536 
0.00914876 0.906852 
0.131719 0.639053 
0.671269 0.182363 
0.546524 0.26237 
0.344752 0.41474 
0.723419 0.150978 
0.24265 0.50905 
0.979095 0.0116007 
0.440031 0.338554 
0.855942 0.0763721 
0.288143 0.46528 
0.0421325 0.796892 
0.16824 0.591871 
0.0339527 0.820699 
0.312196 0.443058 
0.19833 0.556627 
0.695945 0.167634 
0.448478 0.331538 
0.0881074 0.705167 
0.485861 0.304382 
0.683897 0.175022 
0.183537 0.573678 
0.328169 0.428926 
0.257643 0.494207 
0.377867 0.387431 
0.161346 0.600889 
0.110429 0.669718 
0.710056 0.15864 
0.124842 0.649354 
0.430444 0.345133 
0.153674 0.609587 
0.386928 0.379616 
0.0946399 0.694007 
0.793897 0.110207 
0.13883 0.629374 
0.525996 0.276196 
0.320259 0.436241 
0.6587 0.190227 
0.906685 0.0493349 
0.840076 0.08523 
0.296494 0.457176 
0.176083 0.581925 
0.942737 0.0305406 
0.42087 0.35296 
0.808456 0.102138 
0.737459 0.143251 
0.102557 0.682014 
0.778114 0.119609 
0.304545 0.450086 
0.11743 0.659488 
0.456233 0.326363 
0.249485 0.502092 
0.0259807 0.840717 
0.764031 0.127394 
0.924505 0.0402755 
0.0732517 0.730962 
0.264549 0.487364 
4.76696e-006 1.00088 
0.578312 0.240903 
0.505892 0.290441 
0.280624 0.471654 
0.0499245 0.779211 
0.352007 0.408517 
0.648293 0.196626 
0.21995 0.532364 

