0.192295 0.000992554 0.983732 3.03233e-005 0.000276105 
9.14398e-007 1.90028e-005 0.449697 0.89662 9.07492e-006 
0.802717 0.267681 4.55608e-005 2.84575e-005 0.537061 
0.00012716 0.717095 3.01902e-005 1.49267e-005 0.711251 
0.292967 0.00151169 0.291425 0.288082 0.86615 
0.236014 0.00010679 0.234451 7.22521e-005 0.944592 
0.291545 0.294959 0.00025526 0.281335 0.868682 
0.943216 0.236441 5.57829e-005 6.05561e-005 0.239432 
6.57068e-005 0.580745 0.000339392 0.577181 0.575506 
8.13458e-006 0.236664 0.237614 0.943463 1.71705e-006 
0.000116367 0.982042 1.26525e-005 0.19619 1.38225e-005 
0.538905 0.000248577 0.803293 2.36061e-005 0.269939 
0.311866 0.318438 0.634859 8.25677e-005 0.638083 
0.289889 2.2903e-005 0.290689 0.866948 0.289598 
0.0001094 0.44827 0.895135 3.97556e-006 2.39834e-005 
0.231903 0.948034 0.233684 6.68067e-005 9.284e-006 
0.236731 4.35387e-005 0.943893 0.000223677 0.235556 
0.580828 0.000248611 0.57975 0.000837679 0.57661 
4.77269e-005 1.20342e-006 0.981728 0.19697 1.16012e-006 
0.326912 0.659332 0.309355 0.00119203 0.653557 
0.000894608 0.266234 0.000148149 0.802737 0.538622 
3.16406e-005 0.539561 3.30279e-005 0.798928 0.268498 
1.64352e-005 0.895183 0.00012123 0.447006 1.85278e-005 
0.19528 1.00385e-005 1.22959e-005 9.2748e-006 0.981634 
0.269501 9.62209e-005 0.801199 0.536513 2.10629e-005 
0.637054 0.000329868 0.315886 0.313007 0.635528 
0.578725 0.578871 3.57914e-006 1.08902e-005 0.578318 
0.00315282 0.554551 0.266606 1.78788e-005 0.790562 
0.894886 0.452576 0.00321529 0.00906955 8.22377e-005 
0.000150305 0.581316 0.580685 0.575222 1.77115e-005 
0.314463 7.79235e-005 0.633404 0.31773 0.63358 
0.267606 0.804419 9.1434e-006 0.533022 4.36523e-005 
2.12965e-006 0.196291 9.06984e-005 0.987577 6.74146e-007 
3.14881e-008 0.00017761 0.538447 0.801753 0.269338 
0.541253 0.808166 0.271302 0.000119601 8.46324e-005 
3.04851e-008 3.22772e-005 0.265777 0.801354 0.540474 
0.318724 0.000135594 0.318968 0.635697 0.637933 
0.272498 0.000142438 0.805542 4.79823e-005 0.532872 
0.982845 0.00319377 1.91236e-005 0.000127899 0.197873 
7.81254e-005 0.236539 1.00234e-005 0.944785 0.237275 
0.000579852 0.0005682 0.896883 3.7706e-005 0.449364 
0.26802 0.0011053 0.533529 3.49932e-005 0.804649 
0.57796 2.96796e-005 8.08698e-005 0.57643 0.578949 
3.21433e-005 0.954591 0.238057 5.74547e-005 0.237901 
0.633429 0.31785 0.00022773 0.635226 0.317099 
8.02853e-005 0.709597 0.000414694 0.705241 0.00266985 
0.00560193 0.653589 0.619317 0.318581 0.319491 
0.942626 0.240057 0.238048 6.2432e-005 4.37246e-005 
8.81423e-006 8.49177e-006 0.267832 0.533781 0.810452 
2.79766e-005 0.541131 0.268713 0.802467 2.6559e-005 
0.000465104 0.808562 5.00938e-006 0.268536 0.538721 
0.000142582 0.804299 0.534437 0.000289588 0.268397 
4.30899e-006 0.984927 0.000423068 0.00101817 0.195676 
0.317204 0.639573 0.306564 0.630848 5.8131e-005 
0.238036 0.238966 0.944626 0.000373436 8.51673e-005 
0.2888 0.289784 0.868317 0.289002 7.84336e-005 
0.270405 0.000194381 6.3088e-006 0.803843 0.537228 
0.000949589 0.535324 0.803561 0.268274 4.52971e-005 
0.579534 0.579693 0.578331 3.02107e-005 0.000103489 
0.294877 0.867055 0.290467 0.00304188 0.288237 
0.271283 0.806133 0.537571 0.000903288 9.97528e-005 
0.351637 0.707859 0.355884 0.352136 0.360776 
0.232167 0.949461 5.18195e-006 0.00173441 0.234971 
0.803983 0.536026 0.000227008 0.00158733 0.267114 
1.05329e-005 0.236519 0.94463 0.234378 2.88419e-005 
0.884526 0.297893 0.298031 0.294066 1.96556e-005 
1.00537e-005 0.195661 1.23199e-005 1.78559e-005 0.983547 
0.000116709 0.000101329 0.237084 0.945211 0.236455 
3.22835e-005 0.192021 0.982317 0.000715043 0.000275709 
0.805541 0.00043364 0.535553 0.000293794 0.267271 
0.268933 0.536311 0.000186228 0.000272992 0.80426 
1.36848e-006 2.13472e-008 1.0013 3.02302e-005 6.64438e-007 
0.000117993 1.05368 6.88806e-005 3.32267e-005 1.72453e-007 
9.98976e-008 1.75473e-005 7.69331e-005 0.897821 0.450778 
0.65349 1.04436e-005 0.648723 0.324397 0.328939 
0.642848 0.640055 0.322339 0.317373 1.17733e-005 
0.000387449 0.269585 0.801451 0.537969 2.1084e-005 
0.356285 0.355291 0.710877 0.361464 0.350666 
5.12893e-005 0.28893 0.869135 0.287694 0.286369 
0.944965 6.15746e-005 4.55259e-005 0.235646 0.233444 
0.635659 0.319482 0.633858 8.74163e-005 0.320176 
0.000125229 0.983301 0.196901 6.99498e-005 2.13878e-005 
0.635071 0.316001 0.318442 0.00246955 0.632104 
0.63664 0.316198 7.88212e-006 0.315497 0.635879 
0.236166 0.000302855 7.05657e-005 0.235535 0.944954 
0.314743 0.638726 4.71397e-005 0.316885 0.631215 
0.00014873 0.534795 0.000270534 0.264636 0.804125 
0.266697 0.000285377 2.92861e-005 0.531866 0.806426 
0.000160523 0.905241 3.81113e-005 1.90069e-005 0.450029 
4.69751e-005 0.801058 4.90347e-005 0.536602 0.26853 
0.237079 0.944387 1.95981e-005 0.232241 0.0012391 
0.31509 0.00123178 0.636633 0.63183 0.318003 
0.267351 0.539106 0.00013349 0.80184 1.2575e-005 
0.00174237 0.808522 0.264714 0.54004 3.43561e-005 
0.00399624 0.316564 0.317544 0.634682 0.636066 
0.538052 0.268415 3.39222e-005 0.800768 9.53431e-005 
0.639813 0.635722 0.000413779 0.307944 0.316755 
0.308055 0.642184 0.636139 1.52857e-005 0.322493 
9.82141e-005 0.000538611 0.237521 0.237224 0.946493 
5.1385e-008 9.58252e-005 0.195163 0.983203 6.71126e-007 
0.710696 7.32594e-006 5.00651e-005 2.20662e-005 0.705445 
3.36233e-005 8.14095e-006 0.713942 2.99504e-005 0.717947 
0.711681 0.357513 0.345047 0.354817 0.356609 
0.634814 0.000232039 0.310736 0.634007 0.318789 
0.315593 0.632462 0.63856 0.315209 1.00489e-005 
0.00019661 0.319185 0.63593 0.632894 0.317937 
1.61925e-005 4.06268e-007 0.449766 2.16722e-005 0.894002 
0.983661 0.195507 1.95138e-005 4.28245e-005 1.42714e-005 
0.585565 0.586874 0.000248487 0.575093 0.000226327 
0.239198 0.000652078 9.44957e-006 0.956202 0.238677 
0.983876 7.37068e-005 0.000121644 0.196552 3.30816e-006 
9.69576e-010 8.2339e-010 5.01867e-006 0.444173 0.905485 
0.897402 9.25053e-006 6.32176e-005 2.80257e-005 0.446561 
0.267564 0.000727094 0.533897 0.802775 3.61593e-005 
7.90721e-005 0.946927 0.237303 0.236711 0.000102771 
0.633034 0.326297 0.316736 0.632867 0.00111523 
0.0018744 0.5795 0.578427 4.49215e-006 0.576062 
0.00574791 0.26818 0.535246 0.804803 3.52317e-005 
0.534702 8.9808e-005 0.803072 0.266791 8.47705e-005 
0.291765 0.294549 0.000120195 0.865977 0.283479 
0.447972 0.899724 0.000311785 0.000189662 8.59446e-005 
0.806799 0.269006 0.530159 2.03962e-005 0.000242522 
0.000345058 0.000337182 0.923317 0.463126 0.000781545 
0.00392354 0.241237 7.20904e-005 0.240625 0.942574 
1.00314 1.9755e-005 6.71391e-005 2.0417e-005 0.000259013 
0.63006 0.638427 0.320146 2.65223e-005 0.323408 
4.81285e-005 4.70083e-005 2.48446e-006 0.983452 0.197394 
0.000862721 0.00222238 0.195076 0.000176161 0.989595 
6.74031e-006 5.0466e-008 0.709421 0.706919 3.12518e-006 
0.000428404 0.640546 0.322698 0.318112 0.644736 
0.000167931 0.000171605 0.947302 0.233292 0.237642 
0.26908 0.536896 0.807835 4.63117e-005 7.74885e-006 
7.81762e-006 0.805094 0.268417 0.000270352 0.531005 
0.635518 0.318893 0.632107 0.317293 2.25274e-005 
0.809594 0.245137 0.0236296 0.541252 1.33943e-006 
0.291021 0.289046 0.289958 0.867073 2.43839e-005 
0.351659 0.349494 0.356755 0.35426 0.71375 
0.235679 0.00105246 0.236644 0.952224 0.0001023 
0.289128 0.28983 0.288669 5.1209e-005 0.867668 
0.534366 0.804949 3.06462e-005 9.24755e-005 0.267842 
0.000157371 0.270348 0.000121555 0.533502 0.804027 
0.89668 0.000221902 0.4488 0.000363529 0.000163515 
2.62456e-008 0.00026018 0.802198 0.535902 0.266187 
0.000253819 0.293685 0.293344 0.8658 0.291541 
0.193097 0.982213 3.72235e-005 2.09763e-005 8.21623e-005 
1.02303e-008 0.000396838 0.804402 0.267634 0.537021 
0.00013206 0.536839 0.802891 8.76239e-005 0.268375 
0.000545101 0.637518 0.317187 0.635506 0.319252 
4.01275e-011 6.27759e-008 3.15298e-008 1.47726e-011 1.00285 
0.285448 0.889997 0.292764 0.293638 3.52063e-005 
0.236673 0.236451 1.50719e-005 0.94343 0.000523893 
1.09957e-005 0.31754 0.636976 0.315119 0.631826 
0.00103594 0.86913 0.29109 0.288029 0.289427 
5.12365e-005 1.30328e-005 1.69643e-006 1.00142 1.85678e-005 
0.236876 1.07477e-005 0.946055 0.234732 0.000121345 
9.21037e-005 0.00226527 0.578448 0.576921 0.579443 
0.000297564 0.709509 0.708793 3.60378e-005 2.8772e-005 
0.943785 0.232477 6.26414e-006 0.239269 0.000144758 
0.19821 4.67659e-005 1.53599e-005 0.993021 4.31664e-005 
0.324873 0.325948 0.0011726 0.626619 0.638846 
0.31722 0.318302 0.636594 0.633587 8.56199e-005 
0.269575 0.802559 2.35014e-006 6.28088e-006 0.53439 
0.289647 0.870674 3.82141e-005 0.286898 0.290369 
0.448841 1.79761e-006 3.01629e-005 1.43253e-005 0.895327 
1.01342e-005 3.15244e-005 5.33936e-009 0.705831 0.710571 
0.535602 0.0029101 0.266936 4.95003e-005 0.803273 
0.946857 2.63452e-005 0.236387 0.23309 7.24335e-005 
1.95272e-005 0.899631 0.444537 0.000146438 2.63352e-005 
2.86087e-005 0.289691 0.287198 0.284505 0.869346 
0.804298 0.538212 0.268474 4.89161e-006 0.000368022 
2.21208e-005 0.269169 0.533551 2.94903e-005 0.804056 
0.804173 0.536021 5.18437e-005 0.264985 7.92179e-006 
0.448261 6.50399e-005 0.895857 2.77055e-005 0.00058916 
0.53574 0.270943 0.804424 4.17233e-005 8.23107e-005 
0.446856 0.000146502 1.86422e-005 0.896393 0.000146667 
1.81583e-007 1.63845e-005 0.540974 0.270128 0.809196 
0.317331 0.635266 4.92052e-005 0.634435 0.317189 
0.000316161 0.957235 4.62293e-005 0.223523 0.239477 
0.359964 0.352398 0.355354 0.708838 0.349307 
0.80332 0.000106396 0.26991 0.533703 0.000763478 
0.805797 0.00360214 0.536777 0.265801 4.34671e-005 
0.868636 0.00505733 0.29093 0.287197 0.28792 
0.536314 0.00113825 0.000140738 0.802674 0.269431 
0.709381 4.64842e-006 0.000186777 0.705609 0.000147031 
2.10908e-006 4.91848e-007 4.13316e-006 0.193337 0.982447 
0.803862 0.00282862 0.267344 3.08736e-006 0.534314 
0.543407 0.813623 9.74922e-005 0.273199 0.000370453 
0.542968 0.000125348 0.271763 0.807477 8.2837e-005 
0.903589 6.43388e-005 4.62536e-005 0.450846 4.78996e-005 
7.99998e-005 0.451144 1.89934e-005 7.34073e-006 0.89795 
0.00823327 0.823254 0.530597 0.27051 0.000104535 
0.711223 0.00188467 0.7105 6.99272e-005 1.97192e-005 
0.870115 0.284384 0.285838 5.94679e-006 0.286958 
0.955957 0.000416526 0.190486 6.79918e-005 0.233461 
0.708206 0.709763 0.000300657 4.15733e-005 0.000102448 
0.868473 0.286616 0.000200542 0.288982 0.289532 
0.288564 0.00243535 0.868064 0.287702 0.288676 
0.000264351 0.45413 0.000203653 0.897258 0.00626106 
1.13084e-005 4.53774e-005 0.984658 4.09124e-005 0.193545 
0.286815 0.290924 0.86707 6.0168e-005 0.286963 
0.000516931 0.242674 0.243172 0.00106956 0.940807 
0.812995 5.88412e-005 0.000104152 0.539801 0.259113 
0.235374 0.236609 8.65194e-006 0.00409372 0.951445 
1.42293e-006 0.271655 0.806071 4.22149e-005 0.532212 
0.982994 0.000397649 0.195874 6.99148e-005 0.000483527 
7.71317e-006 0.236043 0.948442 3.49479e-006 0.235681 
0.802592 0.000147585 1.75843e-005 0.269756 0.535259 
0.537829 0.000289574 0.000264541 0.268103 0.806694 
0.529071 0.263413 0.000895043 0.00179303 0.809679 
0.577828 0.000596173 0.5818 0.578287 1.08257e-005 
0.982847 7.36297e-005 0.000121516 0.196347 0.00173752 
0.632464 0.631891 0.319096 2.64353e-005 0.322348 

