0.671808 0.181833 
0.1535 0.609174 
0.0501701 0.777403 
0.458219 0.32509 
0.709518 0.158957 
0.265139 0.486306 
0.923851 0.0396769 
0.41257 0.359424 
0.439278 0.338561 
0.85627 0.0765459 
0.131661 0.639069 
0.235356 0.51789 
0.422042 0.351543 
0.485592 0.304489 
0.448549 0.331795 
0.646452 0.19715 
0.722814 0.150868 
0.0581413 0.761262 
0.197857 0.557012 
0.304461 0.449921 
0.00923227 0.905454 
0.311386 0.443524 
0.146391 0.61881 
0.556944 0.254972 
0.600158 0.226676 
0.750624 0.134851 
0.0951751 0.693789 
0.0879054 0.705506 
0.220125 0.53278 
0.0262765 0.839541 
0.467657 0.318501 
0.344477 0.414766 
0.204966 0.549376 
0.161447 0.600054 
0.51593 0.283036 
0.394101 0.373974 
0.0345821 0.816357 
0.183133 0.574036 
0.227665 0.524539 
0.589218 0.233489 
0.960397 0.0208502 
0.546372 0.2622 
0.79307 0.11089 
0.327944 0.42882 
0.428898 0.34617 
0.38567 0.380434 
0.999769 0.00110658 
0.369516 0.393704 
0.623704 0.211316 
0.908216 0.0482442 
0.242628 0.508871 
0.525497 0.276669 
0.0422829 0.797241 
6.24245e-007 1.002 
0.980578 0.011417 
0.110179 0.669628 
0.778713 0.118948 
0.635302 0.204376 
0.683568 0.17467 
0.735849 0.143528 
0.21297 0.540151 
0.288255 0.464437 
0.175655 0.582216 
0.824266 0.0931934 
0.249884 0.501493 
0.139444 0.628219 
0.0733576 0.730931 
0.568104 0.247737 
0.658887 0.189293 
0.871881 0.0674755 
0.763022 0.127354 
0.168385 0.591304 
0.476333 0.31125 
0.3365 0.421479 
0.102698 0.681831 
0.377855 0.387519 
0.506 0.290307 
0.257141 0.49389 
0.839639 0.0848854 
0.943146 0.030153 
0.808734 0.101673 
0.0176846 0.868716 
0.535907 0.269281 
0.69668 0.166537 
0.320281 0.436238 
0.273211 0.478529 
0.610959 0.219613 
0.296581 0.456841 
0.36074 0.400267 
0.353152 0.407492 
0.0784482 0.721429 
0.28064 0.471699 
0.117057 0.65974 
0.888266 0.0588487 
0.495555 0.297426 
0.57854 0.240715 
0.190567 0.565483 
0.0656151 0.745598 
0.403387 0.366078 
0.124687 0.64863 

