0.362816 0.0398318 0.0982687 
0.122037 0.148662 0.230193 
0.277089 0.0748387 0.148912 
0.293415 0.1258 0.0816638 
0.0871146 0.139495 0.27428 
0.151282 0.115709 0.233845 
0.000755381 0.449679 0.050379 
0.0762407 0.195012 0.229906 
0.278155 0.0307794 0.191893 
0.131024 0.319124 0.050693 
0.00156816 0.0324722 0.466805 
0.265084 3.41435e-005 0.235709 
0.000179457 0.220548 0.280132 
0.191001 0.250999 0.0589603 
0.333674 0.166833 0.000416763 
0.374979 0.126209 8.40825e-006 
0.197337 0.112248 0.191326 
0.412549 0.0403131 0.0480361 
0.10827 0.0685732 0.324003 
0.000339764 0.35591 0.144651 
0.150816 0.156531 0.193526 
1.04213e-006 0.501004 1.06642e-008 
0.191575 0.0429863 0.266352 
0.0344402 0.415995 0.0503791 
0.172423 0.276349 0.0520529 
0.0341572 0.367294 0.0994451 
0.125708 0.374927 0.00019648 
0.216763 0.000121465 0.283854 
0.000392723 0.141493 0.359294 
0.328999 0.105566 0.0663313 
0.292356 0.208418 5.55536e-005 
0.0834781 0.416894 0.000455421 
0.500855 1.23919e-006 1.49321e-008 
0.0310518 0.0669826 0.402849 
0.166917 0.333482 0.000422726 
0.04074 0.000736834 0.459348 
0.0272257 0.273643 0.200025 
0.439997 0.0102371 0.0511843 
0.0752343 0.272988 0.152611 
0.077401 0.230851 0.19261 
0.0725883 0.0412892 0.38704 
0.000281479 0.100878 0.399812 
0.22543 0.128228 0.1472 
0.114637 0.0250138 0.361247 
0.0698621 0.0697886 0.361247 
0.151274 0.251646 0.0980134 
0.279845 0.15918 0.0619277 
0.119728 0.284705 0.0964341 
0.24967 0.201871 0.049273 
0.350122 8.66254e-007 0.150736 
0.457452 0.0429531 0.000433708 
0.0743819 0.356424 0.0700567 
0.303467 0.00272851 0.194654 
0.128517 0.181555 0.190788 
0.0411317 0.459475 0.000276245 
0.351861 0.0857707 0.0635266 
0.208986 0.291662 0.000179004 
0.146174 0.00468535 0.349979 
0.418873 0.0821588 7.78801e-005 
0.148429 0.0779644 0.274481 
0.0706632 0.00130827 0.428869 
0.0327757 0.184588 0.28346 
0.0697789 0.100081 0.331114 
0.32655 0.0256024 0.150348 
0.159622 0.198652 0.142557 
0.000745407 0.267143 0.233002 
0.0359975 0.035972 0.428856 
0.110543 0.115507 0.274824 
0.00671918 0.0681083 0.426038 
0.22021 0.0493455 0.231394 
0.0813295 0.319353 0.100148 
0.00153388 0.180514 0.318824 
0.191714 0.153054 0.156086 
0.318948 0.0839523 0.0979244 
0.230733 0.0792045 0.190921 
0.235549 0.161211 0.104066 
0.137909 0.0374052 0.325515 
0.183023 0.000710379 0.317692 
0.182619 0.0782971 0.239963 
0.192427 0.200757 0.107661 
0.110642 0.00309266 0.387089 
1.08596e-014 7.48491e-016 0.62368 
0.25025 0.250072 0.000571757 
0.000950241 0.399837 0.100161 
0.0358604 0.227868 0.237156 
0.00232757 0.305928 0.192612 
0.0298459 0.14702 0.324045 
0.11844 0.235025 0.147364 
0.0306032 0.108439 0.361856 
0.399714 0.00319506 0.0979267 
0.0327062 0.317621 0.15057 
0.174544 0.173675 0.15261 

