0.00909043 0.119211 1.64103 2.00419 1.90894 0.152308 0.0520934 0 
3.06689 0 0.0545969 0 2.48953 0 0.00154305 2.26775 
0.000238186 2.21882 0.795358 0 0 0 0.0145394 0 
0.386055 1.7407 0.0789254 1.44882 0.394776 0 0 0.0944291 
3.59199e-010 5.58787e-008 3.64887e-009 6.39806e-012 9.28768e-009 0 2.11846 0 
0.118396 1.34536 1.22975 0 0 0.0515105 0.0262775 1.16439 
0.018001 0.000138719 0.000260484 0 1.01497 1.64338 1.37834 0 
1.98245 0 0 1.02598 0.00163785 0 0 0 
1.92805 0.765851 0 0 0 0.25802 0.00360341 1.32792 
1.81895 0.00960229 0.000550458 2.01528 1.80648 0 0 0.018475 
1.60117 1.5689 0.0468588 1.03813 0.00218859 0 0 0 
0.675288 0.585257 0.126223 0 1.76753 0.000259708 0.272671 1.25628 
6.22078e-008 3.43868e-010 2.32166 2.44283 0 0.000182 0.00218343 2.02688 
5.78862e-009 0.216034 1.7319 1.97076 0 0 1.68351 0.000213216 
1.15796e-007 4.32157 0 0 0 0 0 0 
1.15535 1.55679 0.305739 0.115193 1.31447 0 0 0.251047 
6.99324e-016 2.05585e-015 4.6232e-017 8.10614e-008 3.02526 0 0 1.4036 
0.606574 0.454753 0.389975 0.200196 0.00149571 0.390785 1.96271 0.0851954 
0.000666775 2.81587e-005 2.62747e-006 1.84834 0 0.0263501 3.03823 0 
1.69389 0 0.365801 5.38793e-005 1.2568 1.20416 0.0927177 0 
0.209688 0.945479 0 1.08586 0.00208437 0.332948 1.05252 0.997316 
6.69357e-008 2.49808 1.65326 0.0246075 1.5628 0 0 0 
0.647649 8.88051e-005 0.000195992 1.58274 1.4675 0 0.0930644 0 
1.86393 0 0 2.10085 0 0.000151673 0 1.61187 
1.76006 0 0.0195367 1.26482e-005 0.0441498 0 0 2.79461 
7.76556e-013 5.12848e-013 4.40797e-008 1.64508 0 2.83276 0 0.147135 
0.360815 0.103054 0.0386091 1.55883 0.0918246 0.694586 1.26799 0 
0.231744 0.00568957 1.78182 7.6147e-006 2.1144 0 0 1.67497 
2.27273 0.00042519 1.06745 1.87319e-005 0 0 0.0036375 0.00200866 
1.8246e-006 5.3654e-006 4.21547e-009 211.501 0 0.00253983 56.0233 0 
5.01735e-008 1.8725 1.23228 0.0268343 0 0 1.09369 0 
1.5306 1.49976 0.0447935 0 0.00215441 0 0 1.22926 
1.3784e-005 0.000707779 1.20439 1.1448 0.195897 1.68078 0 0.135111 
4.52388e-008 1.68834 1.87409 0 0.196292 0 0 0 
1.63525 0 1.30563 0 1.31431 0 0.0292144 0 
0.549138 0.157357 0.00596147 0.143655 0.624846 1.66207 1.52324 0.022107 
4.73513e-009 6.232e-008 0 0 2.33252 0 0.713521 0 
6.75885e-010 2.79429e-008 1.32918e-008 1.15509 1.43005 1.44743 0.00338434 0.133295 
2.26975 0 0 0 0 1.11846 0 0 
2.18792e-015 8.16542e-008 4.41498e-008 3.46431 0 0 0 0 
1.84342 2.06762 0 0 0.000344435 1.84185 0 0 
0.035416 0.237245 0.00252781 0 2.30605 0.00671481 1.6488 1.92537 
0.115704 0.045958 1.81677 0.456621 0 0.340922 1.27993 0.129962 
1.26736 0.00928716 0.173745 0.0182825 1.3044 0.155239 1.23 0 
0.00260625 1.90158 0.37573 0.333276 0.0737819 0.0734765 0.121221 1.06405 
0.00730563 2.05078 0.237428 1.89193 0.170153 0.137563 0 1.67077 
1.53004 0.391591 0.0699736 1.61548 0.38902 0.204678 0.153758 0.00828223 
1.81225 2.03388 1.53674 0.000347204 0.00312938 0 0 0.0340565 
0.00121314 9.60764e-005 5.93584e-006 1.56031 2.88819 0 0.000572182 0 
4.57212e-008 1.30122e-008 1.7741 0.0764076 1.44722 0 0 0 
0.110918 1.26038 1.01168 1.43696 0 0.0610681 0.0311532 0.0653572 
1.52815 0.437276 0 0.32561 0.0942679 0.595405 1.31675 0.183215 
1.28576 0 3.1146 0 0 0 0 0 
0.0109682 0.038995 0.591586 0.278093 1.96266 0.376798 0.988146 0.242394 
4.71679e-008 0 1.76033 1.26494e-005 0.0441538 0 0 2.79451 
1.26885 0.486411 1.05558 0.000196597 0.28538 0.0894331 1.20002 0 
2.03753 0.401972 0.00341171 2.29256 0 0.024838 1.11648 0 
8.24441e-008 3.07686 0.0480479 1.16071 0.00496284 0 0.0044659 0 
0.0668676 0.819689 0.423052 0.180172 0 1.96289 0.00218884 0.0849171 
0.13869 0 0 0.555703 0.027568 1.09765 0.13157 2.96494 
0.320373 2.08186 0.454365 0.0306623 0.0016279 0.190238 0.0555941 0 
0.233322 3.08845 0.00144605 0.0616634 0 0.110438 0.826561 0 
0.274171 0.0721098 1.7134 0.0102463 1.65605 0 0.330917 0.17442 
1.54404 0 0 0 3.01926 0 0 0 
3.00433e-010 4.67367e-008 3.0519e-009 4.15392e-011 7.76819e-009 0 1.77187 1.07748 
7.11676e-009 8.20951e-008 3.07533 0 0 0 0 0 
6.72159e-013 2.50854e-005 3.10246 0.0617672 0 0.102153 0.827875 0 
0.000140423 5.86072e-006 6.81033e-009 3.13776 0.00479122 0 0 1.1478 
0.018978 1.37043 0.434287 0.975069 2.15081 1.79246 0.000180185 0.00102228 
2.36018 0.49661 0.0860209 0.310916 0.0665984 0.164867 0 0.104365 
0.000724204 0.020993 2.66295 0 0 1.79007 0 0 
1.29003e-007 1.99729 0.438878 0 0 0.0568178 0.117812 0.406079 
0.0381871 1.23146 0.0232365 0.0322574 0 0.026862 0.0366617 1.86755 
2.37924e-015 8.87946e-008 0 3.64287e-011 3.31386 0 0 0 
0.0100744 1.59578 0.189161 0.00579669 1.28259 0.149709 1.29363 0.0104761 
5.11463e-008 3.60117e-008 0 2.33448 1.11681 0 0 0 
0.424532 0.121547 0.00466812 0.111051 0.483031 1.28748 1.07116 1.60307 
7.91483e-008 2.95386 0 0 1.54102 0 0 0 
0.556629 0.157886 0 0.118526 0.0449102 0.213479 1.10579 2.02022 
1.95548 0 1.8401 0 0.0113141 0 0.000531899 1.6653 
3.74077e-008 1.39608 0 0.00585775 3.00552 0 0 0 
0.0312132 1.44414 0.00237295 1.70214 0 0.0179252 0.815203 0 
8.34185e-010 1.10326e-009 0.051619 1.05007 1.3016 1.68078 0.00343044 0.135111 
0.0274847 0.0109283 1.5491 0.000409246 1.48759 0.260091 1.06857 0 
0.00229993 0.003922 4.94673e-005 0 0.00338713 1.95534 0 0.756461 
0.000423611 0.000256838 0.0259457 1.78653 2.20135 0.0912718 0 1.65321 
1.62819 0.246412 0.225755 0.126112 0.181409 1.30138 1.26053 0.00943175 
1.92321 0 0.427502 6.12546e-005 0.00153259 1.10848 0.0853355 0 
0.460128 2.07469 0.0940691 0 0.142571 0.00554806 1.16599 0.192531 
1.41634 1.90631 0.374532 0.141112 0.0771497 0 0.198214 0.00421656 
0.0257484 0.144981 1.69286 0 0.000152518 4.32145e-005 3.0142 0 
5.06874e-008 1.89168 1.29045 0.407969 0.538975 0.069529 0.127005 0.137157 
1.54591e-005 1.74595 0.00564167 0 0.00656018 1.45433 0.00371387 1.12163 
0.24346 1.58207 0.345285 0.0234026 1.3958 0.189952 0.167126 0 
1.40402e-006 2.37529e-006 1.43087 2.9852 0 0 0 0 
1.29537e-010 0.0048344 0.00285493 1.5746 1.23052 0.00931728 0.974924 0 
1.72565 0 0.272226 0.102537 0.0560596 0 1.6238 0.00416463 
0.237533 1.07103 0 1.22982 0.00296847 0.37712 1.19216 0.22557 
1.77984 2.4441 0.47542 0.0632275 0 0.270238 1.14612 0.0120624 
3.06901 0 0 0 1.60131 0 0 0 
0.532548 1.79501 0.403885 0.0272557 0.00144704 0.944655 0 0 
3.91483e-010 7.3398e-011 0.0148649 1.86964 0 0.026822 0 2.66285 
0.25183 0.282032 0.335896 0.101719 2.10008 0 0.252723 0.0541896 
0.144828 0.21826 2.01224 0.591731 0.59596 0.399499 0 0 
3.46443 0 0 0 0 0 0 0 
2.42196 0 0.0916484 1.74161e-005 0.0607926 0 0 0.715727 
0.00167617 0.00082508 0.649348 3.5606e-005 2.11141 0 3.10905e-005 0.00209834 
0.00311918 2.25455 0.011079 0 0.00168412 1.95669 1.01032 0.121031 
2.93446e-006 3.86209e-005 0 0.000155193 1.34314 0 0 2.92193 
0.0954628 1.17022 0.556786 0 1.64555 0.846124 0.0114186 0.0881832 
0.288704 0.1178 0.248657 1.88396 0.0965218 0.305884 0.0291943 1.20944 
6.95206e-012 9.11665e-011 1.24862e-008 3.31629e-009 0 6.5064e-008 1.97238e-009 2.47672 
0.539451 0.0816408 0.074797 0.0217488 0.0574722 1.99444 1.22929 0.0107767 
2.80108 0.0738029 0 0 0.000699912 0.160806 0.625741 0.00952187 
0.19942 0.488965 1.8931 0 3.63865e-005 0.849801 0 1.41579 
2.18863 0.0159142 0 0.270125 0.0889012 1.59584 0.00615537 1.49441 
1.53443 0.00919159 0.210412 0.0221351 0 0.130998 1.02239 1.18891 
0.0109586 1.69988 0 0.000263085 0.00306193 0 1.19871 0.0608668 
0.000783615 0.000384754 0.303423 1.66377e-005 0.960426 1.16066 0.00111066 1.58684 
2.25167e-008 1.32916e-011 1.9711e-008 1.67892e-008 1.28059 0 1.69383 0 
5.10564e-008 2.46937e-008 2.11662 0 0 0 0 1.12474 
0.269571 0.107048 0.231302 2.2505 0.114323 0.231901 0.0308182 0.0692528 
0.127582 1.6731 0 1.97693 1.9089 0.152304 0.0520922 0 
2.32607 0 0 4.75968 0 0 0 0 
1.10357 3.11922 0 0 0 0 0 0 
0.105814 0.146015 1.45413 0.93334 2.15093 1.79256 0.000180194 0.00121679 
0.00596409 0.00120191 1.60638 0 0.00311613 2.8494 0.0514335 0 
0.286403 2.60798 0.0725771 0 0 1.1349 0 0.0488263 
5.62261e-011 0.00209839 0.0619602 2.1251 0 2.18339 0.00543505 1.50388 
0.00066426 0.000743911 0.00071985 0 2.68789 1.74264 0 0 
0.387226 1.74598 0.079165 0.00982874 0.307433 0.000322559 0.993404 1.37051 
5.38834e-009 4.26325e-008 5.89092e-009 1.61872 0.0162454 0.293957 0.825582 1.21843 
0.312941 1.76112 0.210887 0.000148838 0 1.61526 0.214998 0.0269717 
1.80861 0 1.23379 0.413533 0.143404 0.0650177 0.136083 0.128314 
1.9426 0.0669024 0.00369094 0 0 2.76116 0.00602224 0.00196448 
0.000430278 1.21104 0.211102 1.16132 0 1.39646 0.0402881 0 
3.45679e-010 1.22891e-009 4.50005e-010 5.95448e-008 0 2.22282 0 0 
4.28251e-006 1.68915 0 2.75097 0.015396 0 0 0 
1.78309 0.0212668 1.78353 0.000258792 0.00579817 2.07623 0.000102907 0.00328451 
0.0749182 1.77782 1.62024 0 1.25579 0 0.411026 1.62719 
2.57474 1.62954 0.0160898 0.0283871 0 4.37682e-005 0 0 
5.89529e-008 0 2.20015 1.01822 0.154548 0 0 0 
0.142122 1.74218 0.899163 0.461591 0 0.814808 0.00218888 0.0849184 
1.64132 0.208207 0.356888 0.0785833 1.59224 0.20525 0 0 
1.7812 0.00763662 0.0886037 0 0.00219575 0.00424124 1.22457 0.846844 
1.14728e-009 0 7.37696e-008 2.75345 2.80859 0.000212408 0.000578102 0.114288 
0.00602165 0.000868701 1.60638 0 0.00311613 2.84939 0.0514335 0.00596779 
0.0125678 0.000530753 4.91937e-005 0 1.54459 1.01544 3.03823 0 
1.73782 0.00917404 0 1.9254 1.97495 0 5.81888e-005 0.0184701 
0.105814 0.146015 1.45413 0.93334 2.15093 1.79256 0.000180194 0.00121679 
0.0664038 1.21423 0 0.574064 0.0414258 0 1.64283 0 
0.000667362 0.000747385 0.000713458 0 2.68803 1.74273 0 0 
0.146454 1.69751 0.874857 0.373126 0.000480529 1.30108 0.00278984 0.0914681 
0.0294773 0.0148003 2.58623 0.488706 0 0.478038 1.79453 0.182213 
1.46358 0 0.836721 0.0254115 0.0540114 0 1.56448 0 
0.15866 0.890053 1.0038 6.3524e-005 1.37738 0.108099 1.29617 0 

