1.12191e-023 4.18704e-016 1.56262e-008 0.58318 1.91424e-030 2.52186e-040 2.0968e-063 0.583175 3.19956e-027 0.583178 
0.119237 0.119108 0.113191 0.113803 0.113838 0.670558 0.0970394 0.106816 0.0798893 0.675523 
0.665215 0.112786 0.676231 0.105137 0.131147 0.116088 0.110742 0.114859 0.0939729 0.109354 
1.11397e-008 1.11406e-008 0.587966 2.47876e-029 0.587966 1.28764e-036 1.0544e-031 1.0018e-054 1.06265e-040 0.587968 
1.5538e-008 6.63516e-026 2.64436e-060 8.73909e-045 0.579887 5.73698e-049 0.579887 2.54385e-012 0.579888 2.50035e-042 
0.108444 0.107649 0.118641 0.0318701 0.949588 0.113924 0.110718 0.109204 0.105736 0.108667 
1.1943e-008 1.0216e-009 0.447345 9.22282e-077 2.54545e-069 0.894689 2.57631e-037 1.97367e-122 2.70983e-051 1.13763e-041 
0.115281 0.115182 0.108418 0.672781 0.107269 0.116194 0.668504 0.121054 0.11033 0.110232 
0.100106 0.09996 0.656835 0.110691 0.690178 0.114778 0.110723 0.109209 0.108437 0.108704 
6.4217e-016 2.39661e-008 0.894429 0 1.88527e-060 1.30385e-067 1.25746e-080 0 5.46103e-098 0.447215 
4.73507e-016 4.19979e-016 1.1444e-040 1.13671e-016 0 2.8383e-019 2.39989e-008 2.37755e-038 0.895654 0.447827 
4.96586e-011 1.19866e-008 0.447351 2.23851e-078 0.894703 4.62811e-047 2.84654e-054 1.85518e-262 3.39384e-051 4.01012e-079 
1.25629e-008 4.20183e-105 7.60857e-026 8.86613e-009 1.70212e-009 0.577362 0.577362 1.65641e-011 2.86706e-034 0.577362 
0.112807 0.673899 0.118223 0.104591 0.10736 0.121377 0.0892298 0.670402 0.108161 0.113453 
0.89448 3.7732e-015 1.37455e-018 0 1.88529e-060 1.535e-036 3.72476e-098 0 2.39061e-052 0.447241 
0.57814 0.578138 3.3482e-027 8.70579e-078 3.54411e-025 0.578131 1.74802e-015 5.63162e-011 1.17965e-063 1.20638e-120 
0.577366 1.88725e-022 0.577344 5.26562e-030 1.8155e-011 4.35875e-048 5.39372e-011 0.577354 3.76603e-027 4.7159e-062 
4.15119e-016 2.25765e-031 3.71468e-045 1.54925e-008 5.90898e-160 0.578187 1.87161e-039 0.578191 0.57819 2.26343e-050 
1.19831e-008 0.447215 1.45961e-029 1.21701e-035 1.06292e-054 6.58065e-065 0.894433 2.13738e-052 2.15758e-044 1.75619e-071 
1.54929e-008 4.63638e-034 9.01763e-047 6.16344e-130 0.578205 5.44226e-028 0 1.87649e-013 0.578201 0.578202 
1.54875e-008 2.29174e-022 5.77813e-024 0.578001 0.578002 0.577995 6.29338e-015 5.70741e-033 1.51206e-101 3.25068e-027 
0.577376 3.37118e-014 3.97407e-029 0 1.49527e-030 3.8491e-031 0.577365 0.577375 3.40626e-010 1.49559e-054 
2.39661e-008 0.894429 1.22143e-021 2.35416e-104 5.65468e-108 5.70003e-045 1.7571e-049 0.447215 5.28817e-027 1.91723e-030 
1.55244e-008 0.579379 2.33477e-023 0.57939 5.87964e-098 3.02438e-296 0.57939 1.84954e-104 6.87165e-050 1.5914e-021 
1.54702e-008 1.2126e-012 0.577358 0.577356 5.91728e-041 2.91065e-015 2.40855e-040 0.577348 2.9068e-048 1.42925e-036 
1.68927e-023 6.30444e-016 1.22987e-016 2.3972e-008 6.22349e-038 1.57489e-052 0.89465 0.447325 3.40788e-010 8.41264e-054 
1.20361e-008 3.093e-024 2.89194e-026 5.55573e-016 2.05493e-052 4.48396e-048 0.449195 0.898389 2.70122e-037 1.39178e-034 
2.6795e-008 1.06857e-022 1.28578e-030 0 3.35679e-032 6.62821e-057 1 3.21586e-016 3.51234e-035 1.14652e-025 
0.0945382 0.0936278 0.0885187 0.122068 0.108578 0.098284 0.676458 0.684745 0.108239 6.43573e-024 
2.39675e-008 0.89448 1.37747e-018 2.21925e-038 1.66712e-060 5.60741e-028 9.06991e-171 0 5.51307e-034 0.447241 
5.18017e-017 1.93327e-009 1.16366e-008 2.11546e-009 0.44726 1.50192e-029 4.31885e-035 2.27697e-055 0.89452 2.55254e-101 
0.115665 0.666506 0.119086 0.103527 0.6837 0.110469 0.0930156 0.0970227 0.100903 0.107627 
0.121574 0.114382 0.669609 0.128405 0.117276 0.117189 0.105263 0.101014 0.0659446 0.677192 
1.28004e-018 6.42169e-016 2.39661e-008 0.894429 0.447215 4.90312e-067 1.12292e-181 1.12211e-122 7.16191e-050 5.44104e-142 
0.579037 1.36034e-019 9.63317e-019 1.10053e-058 3.30162e-044 1.87748e-037 1.47073e-047 0.579031 3.61141e-027 0.579023 
1.5475e-008 4.32754e-023 0.577534 7.84126e-016 1.69858e-123 0.577526 2.01221e-065 1.19055e-076 0.577532 2.17907e-047 
1.54701e-008 4.10904e-012 0.577354 2.0666e-055 8.29279e-044 3.13428e-045 4.33384e-192 5.75173e-162 0.577352 0.577353 
1.55138e-008 5.94993e-024 0.578985 0.578971 2.70634e-059 0.578959 4.03938e-081 3.00771e-016 4.93581e-057 4.98954e-030 
0.0855162 0.0791037 0.0679427 0.0779313 0.0733427 0.0719566 0.0802685 0.0703032 0.971725 0.0978872 
1.10737e-008 1.0803e-008 0.57736 0.577347 3.60537e-013 4.54262e-028 0 1.85574e-059 3.40313e-017 0.577353 
0.669358 0.109598 0.119522 0.106114 0.116942 0.1163 0.0867697 0.0958062 0.10525 0.677815 
2.39662e-008 2.04318e-029 0.89443 3.61896e-095 1.63212e-026 6.93304e-045 1.98532e-024 4.78497e-045 0.447214 1.40434e-041 
3.38917e-009 8.10357e-026 1.18671e-009 1.60226e-071 2.02845e-009 4.16117e-062 1.12511e-008 0.44722 0.89444 6.60516e-045 
1.19831e-008 7.41676e-033 4.30895e-058 0.447215 1.77795e-028 0.89443 4.89575e-063 3.19841e-011 9.56506e-045 3.53998e-024 
1.43599e-011 4.29742e-037 1.46422e-013 6.79065e-133 1.54797e-008 0.577712 0 0 0.577709 0.57771 
1.19872e-008 6.41858e-022 0.44737 1.93113e-050 2.19556e-046 1.39838e-065 1.3178e-040 0.894742 9.2159e-034 2.50138e-051 
0.577424 1.53023e-026 0.577376 3.6799e-078 3.15707e-051 0.577392 1.70237e-036 9.88843e-048 2.74706e-110 6.85483e-059 
1.5485e-008 8.68652e-020 0.57791 3.98754e-108 1.08456e-040 8.40912e-046 3.1219e-097 0.577904 0.577909 3.82725e-077 
0.110346 0.107401 0.667851 0.127632 0.116826 0.116116 0.669717 0.122723 0.114857 0.100538 
0.118764 0.117806 0.124869 0.12657 0.668355 0.117169 0.0906269 0.098744 0.670867 0.113505 
1.54704e-008 0.577362 2.15397e-016 1.24921e-071 0.577362 0.577355 6.15464e-015 0 1.52394e-101 6.5816e-062 
0.894462 5.57493e-023 1.75494e-025 7.81653e-048 2.03732e-029 8.31456e-015 0.447234 3.91891e-030 3.76901e-010 9.76307e-018 
4.14521e-016 1.54702e-008 0.577354 6.75043e-059 1.89512e-030 2.29651e-040 2.22333e-037 0.577349 3.16853e-027 0.577352 
9.73458e-014 1.54701e-008 7.26471e-049 6.17038e-022 4.19008e-016 0.577354 0.577354 0.577353 9.1334e-056 2.11071e-027 
1.00004 0 0 0 0 0 0 0 0 0 
0.577463 4.84383e-030 8.07238e-024 7.88675e-009 1.90296e-040 0.577461 1.48797e-057 2.13018e-071 0.577464 3.53951e-024 
1.19867e-008 0.447351 3.41348e-029 2.23851e-078 0.894703 4.62811e-047 2.84654e-054 1.85518e-262 3.38482e-051 3.99461e-079 
2.67949e-008 2.78917e-024 1 0 1.38217e-023 1.04209e-024 1.0184e-077 6.73581e-018 7.53444e-043 1.80789e-074 
0.894436 1.96446e-017 0.447203 5.26547e-010 4.14006e-049 3.50006e-040 3.27827e-038 4.32199e-053 2.7486e-051 1.43928e-059 
2.39661e-008 2.49471e-024 0.894428 0 6.77278e-048 0.447214 2.7995e-100 6.7358e-018 7.70857e-039 4.95183e-021 
5.43441e-014 8.4081e-014 1.54701e-008 0.577354 0.577355 7.98499e-055 7.16839e-032 2.83054e-060 2.38433e-058 0.577353 
0.119209 0.11603 0.113141 0.119067 0.656152 0.102876 0.680926 0.12258 0.122241 0.103622 
4.14599e-016 1.5473e-008 0.577462 2.66151e-086 0.577463 0.577456 6.15572e-015 8.44232e-096 5.03212e-057 7.37329e-061 
0.104862 0.661039 0.115078 0.106476 0.105889 0.11453 0.0951235 0.105416 0.112746 0.686523 
0.577353 6.98636e-021 0.577361 4.97797e-029 8.81727e-036 4.3431e-038 2.68598e-037 6.63486e-066 0.577356 7.92812e-043 
1.19831e-008 0.447217 2.70314e-041 0.894428 5.04207e-049 3.88775e-025 8.98333e-046 8.46992e-092 5.28474e-045 2.00649e-050 
1.69466e-008 1.08287e-023 1.69467e-008 0.894431 3.67456e-030 1.65505e-073 6.76178e-085 1.38356e-015 0.447215 1.75883e-046 
0.577574 2.93364e-012 2.80641e-021 0.577572 6.32278e-012 3.67309e-072 2.81601e-052 0.577563 2.16152e-039 3.9346e-026 
1.19473e-008 9.25292e-010 2.34807e-033 1.89678e-070 1.28515e-034 0.447215 3.68794e-057 3.16573e-061 0.89443 3.54121e-024 
8.7411e-010 5.9711e-011 1.19405e-010 2.39498e-008 0.894429 1.02031e-032 1.39847e-051 0 2.2575e-094 0.447215 
0.108377 0.110682 0.102876 0.10423 0.111018 0.0694732 0.114978 0.0859131 0.679258 0.681602 
0.894463 0.447192 7.78488e-024 0 8.30732e-043 1.11064e-304 9.27537e-021 2.03295e-091 3.17682e-057 2.55536e-051 
4.14595e-016 1.73506e-030 1.54729e-008 5.53844e-063 2.22244e-051 1.56177e-056 0.577458 5.75276e-162 0.577456 0.577456 
0.111496 0.67972 0.0949057 0.104997 0.105707 0.116564 0.0976622 0.0987977 0.672441 0.102806 
1.54702e-008 1.29766e-037 3.49023e-015 0.577356 1.31547e-047 0.577354 1.69174e-059 2.12378e-071 0.577357 3.53885e-024 
0.149997 0.656285 0.0937235 0.110971 0.115574 0.102845 0.681814 0.109093 0.114128 0.111278 
0.577354 1.20225e-024 7.24067e-027 1.32575e-010 1.43014e-048 4.59779e-014 0.577352 2.68337e-122 9.86795e-049 0.577352 
1.54702e-008 3.98927e-024 7.43602e-031 0.577354 5.98282e-044 2.83889e-029 1.55839e-056 0 0.577351 0.577352 
0.119087 0.115852 0.113019 0.115088 0.649928 0.101896 0.103928 0.705127 0.108653 0.10451 
1.11543e-008 4.37898e-009 3.40212e-042 4.42397e-022 0 0.447214 1.52144e-292 1.2339e-096 2.19354e-037 0.894429 
6.42171e-016 2.39662e-008 2.16377e-036 0.894431 4.61634e-052 5.9634e-045 1.77002e-049 0.447216 3.26797e-044 3.15722e-025 
0.580067 6.0939e-030 3.37736e-019 0.580062 0.580054 1.66471e-021 9.57407e-079 1.17985e-091 4.69817e-066 4.29164e-050 
1.547e-008 0.577348 1.30315e-039 0.577358 1.38482e-039 2.52997e-039 1.69836e-014 4.86893e-016 0.577354 9.04692e-021 
6.42176e-016 2.39664e-008 0.894438 0.447218 8.78355e-100 0 1.99734e-040 1.45845e-051 3.19431e-059 1.25087e-052 
1.54701e-008 0.577353 8.94942e-019 3.23077e-049 1.786e-030 1.32041e-040 1.57639e-038 0.577349 8.76291e-053 0.577351 
1.54704e-008 4.02217e-031 0.577365 2.61478e-086 7.2337e-036 3.0683e-028 0.577363 2.532e-011 2.87867e-019 0.577364 
1.55373e-008 0.579861 1.23781e-050 2.23571e-048 4.44563e-025 2.99114e-040 0.579861 6.37305e-049 0.579862 3.64944e-042 
1.55157e-008 5.43974e-027 0.579054 9.37101e-010 1.68013e-026 0.579047 0.579059 1.70637e-034 1.13689e-051 1.14561e-066 
0.109193 0.666161 0.675834 0.105133 0.131144 0.116083 0.110738 0.114854 0.0939695 0.109349 
0.577383 1.02808e-200 7.98881e-010 1.43148e-159 0.577379 4.49573e-045 2.70956e-037 8.852e-037 3.30108e-013 0.577365 
1.54758e-008 2.73864e-031 1.0449e-036 7.20281e-016 1.29616e-014 0.577567 1.30968e-009 0.577564 2.51223e-037 0.577566 
2.39661e-008 0.894429 4.29108e-023 1.74828e-009 6.68711e-025 0.447215 0 3.9244e-062 3.15106e-034 1.13286e-025 
0.577355 3.93603e-016 7.95729e-024 3.87616e-013 1.08282e-035 0.577347 0.577359 8.5411e-084 3.74562e-090 2.05239e-012 
1.54701e-008 0.577351 3.86687e-029 0.57736 0.577345 3.89918e-025 1.16041e-056 3.37141e-027 4.43653e-011 1.31119e-076 
0.577351 6.78054e-018 8.90956e-019 1.40053e-034 4.36175e-058 0.577352 3.91989e-051 2.0925e-011 1.28123e-051 0.57735 
0.0964934 0.0839968 0.109629 0.673371 0.116698 0.0878666 0.126832 0.0901768 0.138084 0.673702 
0.577394 0.577317 1.47645e-018 3.75501e-087 0.577345 8.33505e-224 1.32206e-012 4.87885e-091 2.34448e-040 0 
0.104701 0.104565 0.10064 0.105919 0.10121 0.0934933 0.678409 0.0904562 0.078786 0.687201 
0.447213 2.81014e-030 1.84158e-050 5.74784e-039 9.69936e-028 0.894429 4.90302e-063 3.1984e-011 1.55073e-151 1.50821e-027 
0.0687665 0.0671639 0.682164 0.105519 0.111749 0.672674 0.115928 0.122393 0.117003 0.0993093 
1.5471e-008 0.577387 1.15514e-020 0.577385 3.18325e-063 0.577367 3.54724e-185 8.49785e-015 1.25537e-026 2.46468e-060 
8.5562e-017 3.19322e-009 5.99459e-051 2.37525e-008 2.66419e-098 2.97264e-098 0.894431 4.69282e-031 0.447215 0 
1.04512e-018 8.55494e-019 6.39909e-016 2.38818e-008 6.32308e-066 2.06499e-009 6.52456e-054 0.894608 2.2693e-057 0.447305 
1.19343e-008 1.35747e-009 1.56244e-031 0.448266 2.80801e-085 1.34655e-025 4.2365e-066 3.74385e-052 0.896532 3.97418e-101 
9.25951e-012 7.59953e-045 2.77435e-034 1.40335e-022 7.46045e-069 1.54699e-008 1.47489e-010 0.577371 0.577368 0.577371 
0.899435 2.18408e-011 1.249e-009 0.449719 2.37788e-031 1.21205e-039 2.77032e-036 2.47821e-015 1.63127e-037 1.76197e-034 
4.16321e-016 1.55373e-008 0.579861 2.23571e-048 4.44563e-025 2.99114e-040 0.579861 6.37305e-049 0.579862 3.65093e-042 
1.95418e-008 5.32947e-022 1.67543e-034 1.38744e-008 3.55468e-059 1.07033e-011 0.894432 5.54651e-031 2.03744e-027 0.447216 
0.577357 1.58273e-028 2.77178e-023 7.68316e-016 2.90116e-088 0.577349 1.52164e-101 0.577356 1.84584e-041 2.99641e-035 
1.69467e-008 1.43468e-029 1.69466e-008 9.69697e-103 0.894431 6.68272e-045 0 2.27357e-041 0.447214 2.83261e-039 
0.578542 0.578453 2.96861e-022 9.63451e-060 5.39215e-040 2.44005e-083 1.22792e-079 6.68961e-096 1.92929e-040 0.578482 
0.665864 0.112902 0.119175 0.679884 0.139505 0.111367 0.102118 0.114893 0.1045 0.109289 
0.449976 1.34205e-020 2.65449e-038 0.899935 6.78846e-037 5.59241e-048 3.35821e-061 9.09214e-040 3.57334e-049 3.04592e-058 
0.894429 4.66086e-021 4.29108e-023 1.74828e-009 6.62485e-025 0.447215 5.97496e-116 3.9244e-062 1.56919e-059 1.13286e-025 
0.577353 2.67132e-016 9.82576e-053 3.30315e-037 8.78607e-038 1.34829e-048 0.577353 1.40168e-061 0.577354 1.51092e-033 
2.67934e-008 3.94779e-022 1.02861e-041 6.22919e-071 2.88898e-010 5.45996e-051 1.65279e-022 1 6.37524e-037 8.3466e-012 
0.118992 0.11409 0.662139 0.677832 0.131288 0.106103 0.110703 0.113064 0.10761 0.117452 
0.111568 0.11386 0.102541 0.106249 0.108659 0.667073 0.680051 0.112945 0.101384 0.102743 
0.577387 2.16441e-020 5.76768e-025 1.46775e-017 0.577383 6.63783e-045 0.577389 2.70847e-029 2.13561e-017 4.47245e-053 
9.19975e-008 0.58303 9.50788e-027 1.23629e-035 0.583027 2.67272e-048 0.58303 2.1507e-052 4.50698e-030 1.6383e-057 
4.53997e-016 3.84346e-037 4.54171e-016 6.9736e-110 2.39662e-008 0.894432 0 2.27358e-041 0.447216 2.83262e-039 
2.67817e-008 2.78779e-024 8.42996e-010 1 1.37671e-023 1.38712e-035 0 6.30466e-016 8.71681e-060 1.79121e-019 
1.10694e-008 1.08076e-008 0.577365 0.577341 0 1.86376e-068 1.19335e-182 1.12424e-139 0.577354 4.67e-030 
0.577368 0.577414 0.577289 2.88134e-318 4.02641e-058 1.40888e-025 6.55003e-011 1.20725e-024 4.91238e-056 2.21575e-051 
4.14515e-016 1.54699e-008 0.577346 0.577357 7.17167e-100 0 0.577356 1.00374e-011 3.18247e-059 1.25086e-052 
0.0898566 0.0876134 0.0833975 0.0932721 0.0919636 0.965674 0.0874637 0.0842683 0.0948055 0.083457 
1.54836e-008 0.577856 0.577858 9.75577e-140 7.36727e-033 7.2485e-024 2.20239e-082 1.03713e-110 2.46078e-031 0.577856 
0.103565 0.100449 0.111994 0.66253 0.10672 0.685813 0.118582 0.11316 0.1072 0.106807 
3.21085e-016 1.19831e-008 0.447215 3.73408e-013 1.47912e-047 0 1.19784e-212 3.88893e-067 3.0356e-020 0.894431 
2.39894e-008 1.34733e-019 1.02582e-048 0.895296 4.44698e-030 7.56341e-028 2.44223e-046 9.17737e-167 3.3357e-049 0.447649 
1.19524e-016 1.10397e-037 4.46071e-009 1.11254e-008 0.447337 1.42878e-039 0.894675 1.34492e-019 9.89637e-035 4.13453e-031 
0.103023 0.100632 0.102568 0.662676 0.689504 0.121405 0.117833 0.114031 0.117499 4.97867e-030 
8.48809e-014 1.54702e-008 1.02768e-055 0.577355 2.32539e-129 0.577356 1.09555e-014 0.577352 1.24146e-016 2.83049e-029 
1.54755e-008 0.577554 0.577562 4.97971e-029 8.82034e-036 4.34461e-038 2.68692e-037 6.63717e-066 0.577557 7.93088e-043 
0.102468 0.100081 0.10692 0.108349 0.681766 0.665677 0.121946 0.0969046 0.108919 0.111409 
1.54721e-008 0.577427 0.577379 3.67992e-078 2.7407e-050 0.577396 2.78439e-035 4.03917e-044 4.50735e-013 6.85487e-059 
0.578699 5.20615e-018 1.83865e-033 1.02131e-077 2.21157e-123 1.1657e-038 2.74054e-046 0.57866 0.578677 3.66224e-075 
1.55531e-008 0.58045 5.22123e-037 1.37035e-034 1.22146e-060 0.580443 0 1.20563e-020 1.2881e-051 0.580445 
1.1983e-008 4.77877e-023 0.447213 0 1.88127e-075 4.51417e-049 0.894431 3.21586e-016 3.51249e-035 2.4023e-051 
0.107146 0.0950328 0.122728 0.114571 0.66465 0.109046 0.0956756 0.118646 0.137852 0.675896 
1.63825e-031 6.11405e-024 2.2818e-016 4.08991e-017 8.6515e-009 8.29798e-009 0.447387 2.29572e-055 0.894775 4.34014e-101 
1.54702e-008 6.29051e-023 0.577356 2.55647e-054 0.577357 4.22288e-106 7.09284e-146 1.12424e-139 0.577359 4.67938e-030 
2.6795e-008 5.92645e-024 2.72832e-035 6.6377e-016 1 6.11818e-031 6.68266e-015 0 1.63128e-025 5.55374e-062 
7.42733e-009 6.98986e-030 9.40369e-009 0.447216 1.77035e-035 5.84805e-023 0.894432 1.32966e-019 9.50901e-035 4.89501e-142 
1.54731e-008 0.577465 0.577455 0.577202 1.76951e-074 1.01736e-029 2.18556e-114 2.11181e-011 1.86919e-101 2.85281e-132 
2.39661e-008 0.894429 3.04031e-016 0.447216 6.83978e-017 2.84046e-023 2.12084e-045 5.20866e-045 3.06399e-017 3.22239e-029 
1.19832e-008 0.447219 1.82524e-033 1.89219e-014 1.65935e-027 0.894437 1.02504e-061 0 1.27234e-033 6.12778e-046 
0.577449 2.8072e-023 0.577429 0.577181 8.17024e-177 1.00696e-029 3.30276e-114 2.11793e-011 1.53346e-037 2.04159e-050 
9.16438e-009 9.15098e-009 8.66556e-009 1.24792e-080 0.581552 5.91295e-039 0 0.581551 0.581549 3.8641e-029 
1.54702e-008 0.577356 1.15651e-020 0.577354 7.50422e-016 7.27095e-084 9.19636e-053 0.577347 2.20839e-039 2.07949e-027 
5.96402e-012 1.54702e-008 9.46607e-040 0.577356 5.41914e-041 0.577357 3.8361e-046 2.7867e-032 6.78312e-051 0.577355 
1.55737e-008 3.79026e-032 1.02516e-022 0.581219 7.28198e-036 4.59529e-014 0.581217 0 1.74293e-068 0.581218 
4.14524e-016 1.54703e-008 4.961e-047 2.73007e-029 0.577359 9.4898e-041 7.87642e-242 0.577371 1.93175e-019 0.577365 
1.5473e-008 0.577462 9.98386e-047 3.76144e-015 2.10202e-041 0.577461 6.90828e-057 2.56149e-061 0.577463 3.54191e-024 
0.894448 7.53825e-021 2.87261e-036 1.32594e-039 3.63489e-015 5.63654e-059 2.24485e-089 2.06432e-011 0.447223 3.86171e-072 
4.16354e-016 1.06993e-031 2.80998e-044 1.93781e-023 7.10842e-060 1.55386e-008 0.579908 0.579905 2.20554e-037 0.579907 
1.15445e-013 1.17339e-013 8.47041e-017 2.11204e-014 1.19831e-008 1.36987e-040 0.447215 5.03586e-057 1.29288e-031 0.89443 
1.69893e-008 3.88688e-012 1.74646e-008 1.31114e-063 0.90931 0.454654 9.22864e-056 3.99217e-011 1.04482e-052 1.02171e-088 
0.673198 0.10626 0.0944243 0.103694 0.678865 0.106202 0.115724 0.0970365 0.104587 0.11319 
1.19831e-008 0.447216 1.35208e-023 6.83785e-039 1.47751e-043 1.59026e-027 1.89056e-107 1.99513e-054 0.894432 8.47005e-024 
0.105501 0.105342 0.0991856 0.10256 0.107065 0.110298 0.656278 0.0956831 0.695999 0.102641 
0.447393 1.16201e-016 1.36796e-018 2.07251e-023 5.79038e-026 4.1895e-031 5.56831e-013 0.894782 2.3916e-044 0 
0.580277 1.96387e-016 2.78543e-023 9.36191e-039 2.06694e-052 5.11418e-028 8.11988e-157 3.78382e-303 0.580252 0.580249 
1.54701e-008 0.577352 4.14544e-013 1.77245e-054 1.18841e-178 0.577353 2.29547e-032 0.577355 1.53545e-037 3.92989e-036 
0.088555 0.0857806 0.0913461 0.0892913 0.083956 0.0852675 0.0830741 0.96559 0.0881874 0.0852711 
0.57855 7.40452e-021 0.578541 8.51783e-061 0.578566 3.14037e-065 1.93361e-064 7.90135e-107 1.1596e-053 2.56396e-046 
1.54702e-008 0.577355 2.76998e-023 6.54114e-057 1.08255e-035 0.577347 0.577359 8.52338e-084 6.53821e-091 1.16477e-039 
1.57094e-008 1.35271e-029 0.586285 4.13498e-058 9.02925e-142 0.586284 3.47571e-027 0.560433 2.73598e-061 3.08312e-026 
4.14592e-016 9.55654e-042 3.96031e-059 1.54728e-008 0.577453 0.577249 1.10963e-080 0.577354 5.90596e-045 8.17122e-046 
1.68886e-023 6.3029e-016 1.22957e-016 2.39662e-008 0.894431 5.87615e-045 2.11844e-063 0.447215 3.09585e-038 3.15722e-025 
4.1452e-016 1.68661e-030 1.54701e-008 0.577353 0.577353 1.86376e-068 3.42039e-182 1.12424e-139 0.577356 4.70707e-030 
7.34721e-017 3.08107e-016 1.18211e-008 4.32161e-022 3.88324e-055 1.44409e-009 1.33406e-009 0.447231 3.0357e-020 0.894462 
0.577363 0.577436 1.20761e-024 0.577258 5.89036e-035 1.757e-052 4.97351e-165 8.58368e-109 0 7.28773e-018 
0.667506 0.113162 0.121356 0.110544 0.113345 0.672504 0.115368 0.114694 0.107638 0.108156 
2.67949e-008 1 1.02114e-052 1.9651e-038 4.59213e-020 2.14696e-047 2.5336e-043 7.2857e-013 1.90733e-036 1.72511e-059 
0.581833 8.60959e-015 2.23886e-016 0 0.581834 0.581827 6.31811e-015 3.94867e-033 0 3.27223e-027 
1.54702e-008 3.8103e-036 1.09523e-057 2.94428e-070 0.577357 0.57735 0 3.54993e-053 0.577352 3.60404e-035 
1.03419e-008 1.10065e-008 1.35143e-037 2.10053e-019 2.33649e-009 2.51273e-009 0.57801 0.578006 0.578009 2.14976e-073 
0.101241 0.101109 0.0983435 0.102763 0.1048 0.1234 0.117227 0.677083 0.676958 0.109394 
0.447463 1.04827e-020 1.78453e-022 2.03505e-086 0.894896 6.27059e-028 2.07987e-082 4.98204e-014 6.16224e-034 9.55441e-040 
3.98412e-009 2.21221e-012 2.23497e-053 1.13017e-008 0.447226 3.25918e-090 9.00332e-096 0.89445 2.25168e-065 2.87466e-024 
0.665709 0.676539 0.126349 0.122834 0.11312 0.110314 0.119487 0.133897 0.101361 0.118252 
8.19765e-009 1.98612e-019 2.8165e-010 1.3619e-065 2.25193e-008 0.894449 2.65096e-050 0.447225 1.41366e-024 1.50371e-027 
1.91707e-016 3.67683e-016 7.14568e-053 1.54753e-008 0.577547 0.577548 0.577555 2.23386e-021 2.69277e-087 4.38882e-011 
2.5006e-010 2.50947e-010 1.19729e-025 1.80894e-257 1.85673e-067 2.39636e-008 5.20241e-053 0.894433 0.447215 2.02045e-027 
0.676376 0.117033 0.111967 0.105306 0.0959934 0.11619 0.097495 0.0986337 0.673783 0.102654 
2.39667e-008 0.89445 2.57074e-039 2.63818e-077 1.14457e-129 2.06756e-053 4.67166e-099 4.14188e-117 0.447226 7.27369e-028 
0.10874 0.0964705 0.0998427 0.0984371 0.104982 0.117456 0.116082 0.669217 0.116647 0.679848 
1.1107e-023 4.14521e-016 1.54701e-008 0.577354 4.29112e-022 0.577348 0.577359 1.5789e-102 1.26469e-072 2.83679e-039 
2.39662e-008 0.894431 4.67447e-018 4.22784e-046 0.447216 1.11018e-039 1.29309e-073 8.68756e-066 0 1.18264e-059 
0.104077 0.670175 0.11957 0.110131 0.108071 0.672576 0.118092 0.115757 0.107687 0.110151 
0.0900034 0.0862249 0.967854 0.0769469 0.0811627 0.0901686 0.0876141 0.0917805 0.0897974 0.0826369 
5.08988e-021 2.18105e-016 2.9724e-017 8.21502e-009 2.25438e-008 0.895467 1.84351e-014 5.25584e-120 9.21796e-049 0.447734 
0.0809069 0.0748463 0.10604 0.120416 0.0973296 0.0935975 0.957955 0.0973684 0.0883604 0.0948677 
7.52665e-009 1.45288e-026 6.37478e-029 9.32437e-009 2.9766e-059 0.447215 0.894431 1.38572e-019 9.75005e-035 4.13209e-031 
0.111963 0.109064 0.106305 0.114585 0.108123 0.675121 0.107079 0.671709 0.107808 0.103697 
0.106931 0.10426 0.10969 0.678745 0.106826 0.122171 0.104994 0.0997917 0.673583 0.107004 
1.30316e-011 3.10592e-030 6.2565e-012 1.54702e-008 0.577355 2.58832e-100 0.577353 6.18841e-057 3.22625e-027 0.577354 
0.448676 0.897387 1.55083e-024 7.12617e-111 1.26091e-047 0 2.36883e-081 1.49582e-026 1.82897e-064 2.85467e-085 
2.67949e-008 1.92987e-021 1.23159e-026 1.39265e-057 1.21151e-082 1 0 3.63418e-107 2.6353e-020 2.14339e-050 
3.21351e-016 1.1993e-008 0.447585 0.89517 1.92155e-035 4.04891e-025 1.99861e-013 0 1.69612e-053 2.04182e-050 
0.447228 4.17029e-021 0.894435 4.97488e-013 4.57259e-039 1.79163e-019 7.4231e-066 5.3664e-014 2.6906e-019 3.35253e-027 
1.19836e-008 0.447235 0.894422 8.04512e-029 4.77028e-051 6.04766e-031 2.01241e-056 7.86943e-034 4.48788e-057 5.03864e-024 
4.16331e-016 1.55377e-008 2.61078e-045 0.579875 7.43125e-036 3.00446e-040 0.579875 7.47778e-021 0.579876 2.50612e-042 
2.39755e-008 0.89478 0.44741 3.98053e-063 5.59444e-037 3.03207e-027 4.23862e-036 2.02739e-011 1.30554e-051 2.04233e-050 
6.42314e-016 2.39715e-008 0.894629 8.16092e-057 3.22385e-032 1.53582e-036 0.447317 8.00904e-132 1.79339e-062 4.19621e-092 
0.577635 1.14237e-018 0.577613 2.02e-028 5.19288e-085 6.13952e-027 0.577611 0 1.77122e-031 7.81465e-036 
1.61642e-011 8.21854e-009 8.13558e-009 3.14057e-009 3.26488e-047 0.447217 4.40953e-078 0.894435 4.08542e-041 4.16679e-059 
2.62933e-008 7.86778e-034 2.76142e-026 9.69847e-135 3.58839e-009 3.65336e-009 6.42213e-010 7.06142e-021 3.65772e-087 1.00001 
0.11553 0.115204 0.109577 0.121655 0.108837 0.67007 0.100203 0.0979263 0.674751 0.106634 
0.0962852 0.0866536 0.0951403 0.6833 0.107349 0.115727 0.0975122 0.684188 0.111274 0.104584 
2.40364e-008 2.92424e-023 1.15311e-030 0.89705 4.91963e-025 0.448525 5.99246e-116 4.70707e-062 1.57379e-059 1.14862e-025 
1.09398e-008 1.09382e-008 0.577351 5.81286e-053 2.76838e-058 0.577353 2.33471e-098 8.1834e-012 6.65585e-060 0.57735 
1.54701e-008 0.577354 1.50301e-023 3.15654e-023 0.577355 7.98499e-055 7.17413e-032 2.83054e-060 1.05614e-057 0.577353 
0.577366 2.21434e-016 3.70224e-024 0.577352 2.59794e-060 0.577341 4.03169e-079 2.9993e-016 4.92201e-057 3.98446e-030 
2.24684e-008 2.01468e-029 8.33962e-009 1.99348e-020 1.29146e-058 0.894432 0.447218 1.89251e-032 6.77968e-020 5.04684e-024 
0.447244 1.06937e-017 1.82948e-028 1.99559e-063 1.90748e-129 4.51248e-054 5.42802e-026 1.93877e-053 0.894487 6.60551e-045 
0.956663 0.160642 0.102131 0.0781457 0.0449636 0.0890706 0.0807735 0.0871203 0.105969 0.0868303 
0.121412 0.109267 0.666336 0.117525 0.101361 0.114634 0.0863415 0.682968 0.107962 0.100401 
0.578482 0.578481 3.77025e-019 2.98532e-033 0 1.43537e-014 0.578362 7.60415e-028 7.26516e-041 3.55837e-035 
3.21098e-016 3.32665e-032 1.19835e-008 2.99579e-107 0.447233 0.89446 3.58323e-100 7.28772e-123 2.70914e-051 1.23629e-041 
0.447647 2.51518e-012 1.38226e-007 0 6.41731e-012 8.18839e-121 4.99044e-034 1.06785e-071 6.69952e-012 0.895289 
0.577353 2.08977e-014 1.39562e-006 2.2413e-101 0.577354 1.87471e-048 2.91708e-078 3.52846e-137 0.577351 8.25356e-062 
6.4296e-016 2.39956e-008 6.42969e-021 6.33655e-046 0.895529 4.63749e-035 0.447766 1.66882e-014 6.94259e-065 1.32452e-091 
1.54691e-008 2.2825e-010 0.577376 0.577381 0.577301 3.87795e-067 2.2311e-040 9.90564e-075 3.91205e-052 7.79843e-089 
0.577361 5.65214e-015 1.2054e-010 0.577353 1.4665e-036 3.40244e-049 5.52589e-083 0 3.09656e-011 0.577342 
3.56919e-016 1.33204e-008 6.36862e-030 7.86753e-009 0.577362 9.16652e-034 0.577339 0.577361 3.95953e-017 9.65218e-025 
1.54706e-008 1.44137e-011 3.59544e-055 0.577371 0.577369 2.3839e-072 0.577377 3.87637e-028 2.99821e-017 3.82461e-024 
1.0586e-008 2.1285e-009 1.10784e-008 9.13513e-023 0.577356 0.577357 6.47731e-034 2.50082e-011 7.13707e-058 0.577355 
3.21085e-016 1.19831e-008 6.16623e-012 1.39093e-011 0.447215 5.11243e-033 1.09365e-066 5.23273e-057 6.46852e-041 0.89443 
2.40616e-016 8.97993e-009 7.93514e-009 0.447233 0.894466 1.26096e-063 3.10035e-054 8.05014e-030 3.77984e-027 4.73207e-062 
0.577351 1.16847e-024 2.3266e-023 0.577356 7.17169e-100 3.01377e-296 0.577358 8.70145e-069 6.84756e-050 1.58582e-021 
0.578548 0.578463 1.63063e-018 2.50531e-018 6.15535e-047 3.56991e-055 7.59651e-021 3.28681e-076 0.578504 1.10537e-039 
2.39665e-008 2.21604e-028 0.894443 9.47478e-058 5.21254e-052 1.13395e-042 6.81868e-027 0.447222 4.33579e-017 3.0692e-030 
1.5468e-008 0.577273 5.15171e-024 3.15362e-023 2.43046e-030 5.35927e-031 5.24196e-024 0.577495 0.577386 4.90129e-062 
2.24684e-008 5.35514e-027 8.33957e-009 0.894432 4.21822e-035 4.00979e-100 0.447217 7.57921e-057 3.95133e-027 2.06141e-081 
1.19831e-008 0.447216 1.78632e-022 8.47295e-101 6.40794e-012 2.82766e-081 5.37439e-034 1.65513e-079 6.69307e-012 0.894433 
4.1487e-016 1.83861e-029 1.547e-008 0.57735 2.61651e-037 1.12891e-037 0.57735 0.577354 1.6705e-043 5.40456e-055 
0.662954 0.11134 0.128901 0.111742 0.112112 0.103467 0.6839 0.109595 0.0852514 0.111595 
1.19831e-008 1.46331e-020 3.58782e-026 0.447217 1.05986e-060 2.08801e-027 5.56644e-013 0.894434 4.82528e-040 0 
1.19831e-008 6.08195e-020 5.82257e-029 0.447214 4.42754e-012 2.01106e-072 2.81384e-042 2.24242e-011 3.61039e-035 0.89443 
4.1452e-016 1.54701e-008 0.577352 3.14833e-023 7.84815e-045 0 0.577352 0.577357 1.92071e-031 1.42366e-054 
3.21086e-016 1.19831e-008 0.447215 1.77998e-036 2.30849e-052 2.98181e-045 1.93342e-107 1.99513e-054 0.894431 8.57747e-024 
0.0847803 0.0865832 0.0805573 0.962039 0.0806219 0.082321 0.099922 0.113744 0.10111 0.092145 
0.577353 4.43451e-027 4.81146e-031 0.577349 1.12767e-023 5.20613e-073 1.65083e-045 8.7278e-109 0.577353 1.00476e-017 
4.14913e-016 1.54848e-008 0.577901 1.2982e-035 0.577899 3.52052e-072 0.577908 2.13179e-052 4.48113e-030 1.62389e-057 
2.39676e-008 8.68403e-022 0.894484 3.20021e-050 0.447243 4.79982e-046 1.4741e-114 2.64186e-060 7.5017e-030 2.50388e-032 
0.103222 0.963086 0.101959 0.0780154 0.0789023 0.0840851 0.074528 0.0869999 0.105866 0.0898286 
1.54704e-008 0.577363 3.12266e-016 0.577356 2.88027e-040 1.33745e-033 2.56546e-089 4.64516e-031 3.10341e-011 0.577344 
1.84037e-009 4.08474e-009 3.51402e-009 3.45597e-009 4.00445e-048 1.1157e-025 8.13945e-012 9.9614e-009 0.447214 0.89443 
1.54716e-008 0.577409 0.577387 3.24957e-036 9.06215e-047 5.70241e-031 2.64146e-100 0.577397 7.46755e-034 5.04336e-021 
0.447232 1.59765e-016 9.19296e-029 9.36376e-009 1.02902e-051 1.80462e-038 0.894464 1.33289e-019 2.90748e-037 1.38751e-034 
1.54725e-008 0.577443 0.57742 0 5.19112e-085 2.21031e-053 0.577418 0 7.72244e-039 5.40614e-021 
1.66707e-013 1.5509e-008 0.578805 1.2256e-038 0.578803 2.30646e-043 4.51256e-032 0.578798 4.31069e-161 8.6744e-051 
4.16367e-016 1.778e-033 7.086e-068 2.34179e-052 1.55391e-008 0.579926 0.579925 2.03665e-012 0.579927 2.65192e-042 
1.54709e-008 0.577382 5.08719e-055 1.25847e-015 0.577372 7.42172e-078 2.12393e-052 0 0.57741 9.49742e-040 
0.894434 8.20893e-021 1.16208e-027 3.80444e-020 5.21249e-052 1.13364e-042 3.18604e-037 0.447217 4.50721e-013 5.07088e-062 
1.54733e-008 0.57743 2.62476e-019 8.31337e-052 0.577427 1.29181e-041 8.26003e-034 0.577422 1.52439e-010 8.6538e-051 
1.54702e-008 0.577357 2.24701e-033 1.2266e-008 2.00268e-050 2.77326e-027 0 0 0.577353 0.577354 
0.119528 0.112457 0.658335 0.116225 0.117236 0.114983 0.100548 0.0842692 0.69265 0.099808 
1.19873e-008 0.447371 2.37229e-018 2.98959e-060 1.06277e-040 1.39838e-065 1.40609e-089 0.894744 9.35182e-034 3.59599e-092 
1.54707e-008 0.577374 1.56354e-027 0 7.23381e-036 5.3078e-011 0.577372 2.71325e-011 1.13906e-011 0.577372 
4.14982e-016 1.54874e-008 1.40894e-037 0.577997 9.62621e-144 2.03164e-028 5.14764e-079 0.578001 0.577997 1.51805e-043 
1.54701e-008 0.577352 3.86721e-029 0 1.49521e-030 3.84894e-031 0.577352 0.577357 1.32093e-013 1.49554e-054 
1.54695e-008 0.57733 0.577366 6.88416e-022 0.577369 4.47083e-040 2.61495e-038 9.14291e-018 4.20612e-126 1.93286e-027 
0.671796 0.115306 0.118523 0.10847 0.105279 0.121609 0.0973849 0.672126 0.108444 0.108711 
0.578043 0.578346 1.05761e-039 1.1803e-051 2.75622e-033 4.93916e-058 7.74961e-079 0.578124 3.06999e-017 1.77376e-057 
4.20732e-016 1.54722e-008 1.45883e-026 0.577432 0.57743 1.29182e-041 6.37691e-036 0.577425 1.53212e-124 3.86458e-072 
1.94166e-008 1.58755e-029 8.92456e-027 1.38329e-106 6.1624e-034 1.92047e-056 1.84653e-008 1.23227e-018 1 2.47968e-042 
0.0816668 0.0756344 0.0720298 0.0837723 0.0921212 0.0782212 0.105964 0.0697838 0.0825433 0.969072 
0.126698 0.672721 0.11166 0.686605 0.114362 0.117725 0.118247 0.124413 0.0952664 0.119594 
0.57783 1.35015e-019 0.57782 8.01324e-058 1.06992e-034 1.37148e-033 3.07033e-090 3.66119e-025 3.76429e-027 0.577825 
2.42094e-008 0.903508 6.05186e-029 0 1.99628e-030 4.11269e-100 0.451756 7.67122e-057 3.99093e-027 4.76605e-039 
0.894596 4.65706e-110 4.11189e-019 8.2415e-099 0.44729 1.10393e-038 1.93264e-015 4.72551e-033 2.0208e-042 1.01332e-017 
0.577453 1.39912e-011 5.98756e-021 1.29603e-038 0.577451 2.15714e-033 1.32957e-033 0.577445 4.30062e-161 4.27258e-052 
2.47658e-008 0.924274 8.31397e-037 1.77092e-034 1.94498e-060 0.158674 0 0.352252 3.08159e-058 0.107405 

