0.0414773 0.251451 0.207901 
0.168585 0.123881 0.208757 
0.125263 0.375736 1.76574e-005 
0.416508 0.0841328 0.000278295 
0.291722 3.99839e-006 0.209138 
0.000241717 0.0829668 0.418145 
0.166958 0.25076 0.0833044 
0.166573 0.292234 0.0420048 
0.0422796 0.0415407 0.417438 
1.336e-010 0.500872 1.78379e-010 
0.375896 0.0834648 0.0416548 
0.124465 0.168277 0.208086 
0.0001455 0.208721 0.292158 
0.250013 0.25052 0.000355985 
0.0838004 0.209025 0.208412 
0.2499 0.0842046 0.166709 
0.209399 0.0835661 0.207861 
0.125631 0.208134 0.167137 
0.29211 0.0413692 0.167282 
0.167599 0.0831214 0.250157 
8.54395e-008 0.459275 0.041703 
6.27962e-011 0.375424 0.125654 
0.0440336 0.456879 5.41257e-005 
2.6568e-010 2.63078e-010 0.501225 
0.375464 0.0416223 0.0839362 
0.415113 0.0442392 0.0416542 
0.209401 2.66272e-005 0.29156 
0.250328 0.166858 0.0836701 
0.000248471 0.0415817 0.459104 
0.208533 0.208479 0.0838473 
0.0852531 0.123656 0.291916 
0.291615 0.125352 0.0838472 
0.334102 0.124957 0.0418149 
0.208349 0.125587 0.167469 
0.333403 5.67997e-005 0.167456 
0.251028 0.208304 0.0416297 
0.125075 0.291912 0.0838522 
0.0428691 0.374586 0.0835092 
0.16804 0.0405891 0.292597 
0.125277 0.0835424 0.292093 
0.165685 0.209956 0.125224 
0.333591 0.0836278 0.0839384 
0.0850233 0.000243048 0.415588 
0.0836783 0.0417288 0.375558 
0.334173 0.166774 5.10543e-005 
0.247105 0.0430078 0.210696 
0.0418081 1.18291e-005 0.458991 
0.208325 0.250777 0.0417386 
0.289911 0.165754 0.0451968 
0.166818 0.167287 0.166724 
0.292648 0.208292 0.00021808 
0.0420894 0.125359 0.333603 
0.501135 5.39163e-010 4.17466e-010 
0.0414396 0.417588 0.041812 
0.12523 0.0417627 0.333876 
0.375793 0.125229 2.43899e-005 
0.125767 0.00046444 0.374896 
0.335437 0.0437451 0.121741 
0.0840177 0.374749 0.0420551 
0.0418512 0.166593 0.292535 
0.0828368 0.166766 0.251372 
0.209228 0.0424891 0.249543 
0.165853 0.335001 5.43355e-005 
4.48699e-005 0.250341 0.250638 
0.000378726 0.333532 0.167018 
0.125398 0.333424 0.042034 
3.33549e-005 0.292165 0.208662 
0.0405214 0.33479 0.125655 
0.0833195 0.417473 1.76501e-005 
0.0842727 0.333664 0.0833392 
0.0416338 0.292101 0.167106 
0.293266 0.0825652 0.125152 
0.12553 0.250215 0.125143 
0.0839274 0.249969 0.167132 
0.250678 8.43496e-005 0.250178 
0.458647 0.0423699 0.00017022 
0.125056 0.12498 0.250852 
6.61353e-005 0.167281 0.333923 
6.98256e-011 0.417449 0.083808 
0.0414201 0.0833396 0.376054 
0.16702 2.84541e-005 0.33389 
1.94526e-005 0.12548 0.375805 
0.459233 3.05472e-006 0.0416513 
0.417207 8.44375e-005 0.0836392 
0.0834945 0.0834436 0.33395 
0.0824024 0.293279 0.125444 
0.041508 0.20883 0.250591 
0.375576 2.94712e-006 0.125418 
0.20666 0.169009 0.12512 
0.250297 0.125149 0.125437 
0.207887 0.292717 0.000351185 
0.334809 0.0823245 0.0839212 

