0.0199047 0 0.00700285 0.001115 0 0.584898 0.639174 0.703115 
0.00231217 0.805245 0.00032966 0 0 0 2.02102e-005 0.756746 
1.00429 4.5777e-005 0.513746 0.00827483 0 0 0 0 
0.690569 0.166455 0.0493311 0.510088 0.058846 0.0210085 0.11807 0.634276 
3.07966e-009 0.114934 0.00652948 0.00537672 0.981429 0 0 0.531928 
2.95583e-008 4.63933e-006 0.565479 0.0267366 0 0.659791 0.000384075 0.726712 
0.000776898 0 0.826042 0.438896 0 0.597196 0 0 
0.654598 0.792088 0 0.0043663 0 0.0152348 7.24971e-005 0.423403 
1.78804e-008 0.667308 0.936107 0 0 0 0 0 
0.169177 0.194157 0 0.107288 0 0.00668998 0.135463 1.04629 
1.14987e-008 0.429138 0.110269 0.324076 0.303716 0 0.932811 0 
1.25291e-010 2.39823e-010 3.23542e-008 1.76988e-008 1.37637 0.00794248 0.670473 0.000582164 
2.53182e-010 2.00648e-008 8.37859e-009 0.811548 0.654032 0 0.0857436 0.636683 
0.64374 0.140314 0 0.00738183 0 0.056349 0.898231 0.0880053 
2.08718e-009 2.97556e-008 1.2459e-008 1.20643 0 0 0 0 
4.84797e-005 0.434593 0.187496 1.03721 0 0 0 0.0251086 
0.796482 0.248071 0.0519706 0.701742 0.0839533 0.080129 0.149634 0.108474 
0.000118753 0 0 0.450771 0.0104512 1.01452 0 0 
0.00481197 0.00919111 0.653969 0 0.574006 0 0.068219 0.721543 
0.00155825 0.0288856 0.00325474 1.0648 0 0.00567684 0.391856 0 
0.009938 0.234416 0 0.605439 0 0.655879 0.0195981 0.643993 
0.00887392 0.895967 0 0 0.477071 0.455168 0 0 
1.59467e-013 2.18348e-010 2.6496e-008 2.65022e-011 0 0.988879 0.480721 0.000737711 
0.0558252 0.936403 0 0.0735045 0.0393612 0.623246 0 0.00825167 
0.980085 0.00530743 0 0.00130654 0 0.000468563 0.537139 0.0369927 
0.000707748 2.99322e-007 1.2688e-007 0 0 1.02584 7.23661e-005 0.422638 
7.64201e-010 1.30536e-008 5.39328e-009 0.527882 0 0 0.9895 0 
0.0113779 0.000166544 0.892869 0.475064 6.48332e-005 0.00381819 0.491396 0.00143268 
0.00347704 0.876055 0.641495 0 0.208534 0.120177 0 0 
0.022011 0 0 1.02474 0.00730162 0.449237 0.00119208 0 
0.000107354 0.01685 0.986423 0.0649892 0.000295888 0 0.0295196 0.540849 
9.87602e-006 1.02407 0 3.31968e-005 0 0.383856 0 0.0114912 
0.0443267 0.887333 0.517751 7.05732e-007 0 0 0 0.579656 
0.61304 0.00848341 0.746694 0.00237495 0.545207 0.00640066 0 0 
0.75132 0.230553 0 0.562984 0.534871 0 0.148998 0 
0.0122557 0.0139111 0.777574 0.206124 0.0163817 0.106459 0.750977 0.170274 
0.0527188 0.751686 0.0466183 6.88539e-005 0 0.823327 0.00161745 0 
0.00528109 0.310235 0.00151526 0.0007697 0.00180745 0.464576 0.0013762 0.987944 
0.581899 0.178591 0.0376728 5.56188e-005 0 0.665068 0.10307 0.650382 
0.0381282 0.989573 0 0.39945 0 0.0261099 0 0.424525 
0.700496 0 0.0343945 0.090313 0 0.823525 0.0986757 0.0984507 
0.445835 0 0 0.0665231 0.0104512 1.01452 0 0 
0.59626 0.0492383 0.839287 0 0 0 0.509158 0 
0.0673633 0.111383 0 0.0190225 0.756432 0.817451 0.0238146 0.0024939 
7.68549e-006 0.972669 0 3.15305e-005 0 0.364582 0.425856 0.0037911 
1.03949e-008 1.98641e-008 0.836709 0 0.252093 0 0.0685052 0.724569 
6.53001e-006 0 1.20413e-005 0.569824 0.000755379 0 0 0.958357 
0.0154447 1.04735 0.0155975 0.35547 0 0 0.00836747 0.0591529 
3.06381e-008 9.65841e-010 1.144 0 0 0 0 0 
0.0839682 0.139049 0.118954 0.000641876 1.09677 0.121215 0.0168863 0.00249402 
0.496597 0.748109 0.000211677 0.651587 0.0853578 0.0489912 0.109836 0 
0.00103162 0.0735347 0.0130475 0.431446 0.776404 0.678725 0 0.000739747 
3.07489e-006 0.00393709 0.00162369 0.717605 0.675363 0.00136565 0.581465 0.0230787 
2.62121e-008 0.978249 0 0.407096 0.0153121 0.374909 0 0 
0.0444047 0 0.699141 0.652841 0.524323 0 0.0070273 0 
0.78787 0.0650612 0.836151 0.103691 0 0.0652941 0 0 
0.0405826 0.957257 0.0461646 0.199501 0.00184502 0.0466285 0.552138 0.0726052 
6.99264e-006 0.884982 0.503275 0 0 0.440098 0 8.01896e-005 
0.824853 0.0213667 0.0394254 0.291045 0.177431 0.195161 0.651491 0.0728404 
0.0385228 0.773826 0 0.531924 0.576579 0 0.00460828 0 
1.4988e-012 2.92541e-008 0 2.926e-011 0 1.09178 0 0 
0.558738 0.676094 0.67649 0.0207298 0 0 0.0144012 0.00684332 
0.769295 0.167681 0.0367754 0.00883119 0.0537994 0 0.55083 0.58283 
0.0229693 1.32145 0 0.00942783 0.0267491 0.00538852 0.47077 0.0913755 
0.993001 0 0 0.0638208 0 0.51062 0 0 
0.00552391 0.05013 0.62277 0 0.953356 0 0 0.00870491 
9.73058e-010 0.0363151 0.00206548 0.0133872 0.550924 0 0 0.959278 
0.000109966 0.000684792 0.000127513 0.000163952 2.01911e-005 0.000299852 0.974938 0.548605 
6.69057e-011 1.90942e-008 0.71261 0.106899 0.145967 0.863553 0.00347539 0.207365 
0.453881 0 0 0.995548 0 0 0 0 
1.09196e-009 1.55354e-008 0 0.581219 0.117737 0.69131 0.648765 0 
0.0533031 1.06466 0 4.59189e-005 0.302311 0.0569376 0.0161345 0.00669784 
2.5967e-008 3.13795e-009 0.976153 0.518654 0 0 0 0.0160338 
0.986578 0 0 0 0 0 0 0.53466 
0.639243 0.782366 0 0.00564025 0 0.452986 9.77977e-005 0 
2.51326e-008 0.937961 0.172566 0.0068785 0.0266026 0 0.0941889 0.580687 
0.127394 0.98329 0.224274 0.0936404 0.61241 0 0.2358 0.00541744 
1.00367 0.000891723 0 0.463123 0 0 0 0.000280017 
0.0683289 0.000289697 1.03557 0.050322 0.331964 0.322718 0 0.085598 
2.01468e-008 0.751891 0.00828722 0.0407547 0.0295935 0.500059 0.0240938 0.664654 
0.000109809 0.984371 0.424687 0.388078 0 0 0.00122822 0.0251098 
2.76556e-008 1.03212 0.415874 5.53328e-005 0 0.0372886 0.0311169 0.0244034 
0.956303 0 0.0360035 0.0572863 0.541108 0.000595903 0 0 
1.22059e-010 2.50948e-008 1.10088e-010 1.05699e-008 1.01626 0.445404 0 0.0181181 
0.0338612 0.798716 0 0.115579 6.11079e-005 0.0383442 0.782954 0.0727773 
7.96971e-008 0.00325114 0.9649 0.00246365 0.544278 0 0 0 
8.4124e-011 2.92976e-008 6.94974e-009 1.71002e-010 0 1.50123e-009 1.27639e-010 1.12517 
0.082407 0.253986 0.295905 0.224417 0.752351 0.192272 0.631156 0.0748191 
0.000195523 0.0208207 0.023074 0.0174996 0.601804 0.704395 0.650338 0.0770111 
0.634116 1.24446 0.00128489 0.164336 0.190582 0 0.691322 0.00862157 
0.127774 0.244035 0.0705403 0.13138 0.293621 0.117429 0.651268 0.781732 
7.34984e-016 2.743e-008 5.35892e-012 1.0237 0.453758 0.0782893 0 0.000555746 
0.306626 0.461924 0.710751 0.641245 0.0851118 0.04885 0.10952 0.0853484 
2.74164e-008 1.0232 0 0.000820681 0 0 0 0.42155 
0.0362434 0.803917 0.000473614 0.339839 0 0.00128861 0.649348 0 
2.93992e-008 1.09719 0 0.127671 0.0433059 0.052429 0.0270283 0.0715769 
0.256215 0.502731 0.00115237 0.158899 0.119279 0.697362 0.658342 0.0902765 
0.177217 0.239794 0.0288929 0.756632 0.0646281 0.000653266 0.150771 0.77796 
0.665044 0.0549184 0.936107 0 0 0 0 0 
0.246708 0.525729 0.199073 0.142733 0.592585 0.158581 0 0.726067 
1.17828e-009 7.27405e-009 1.27915e-008 0 8.99888e-012 0.550933 0.976488 0 
0.531301 0.801193 0 0.0147756 0.542561 0 0 0 
0.796294 0 0.0521548 0.183804 0.612994 0.433979 0.000677452 0 
0.0100614 0 0.613639 9.2678e-006 0.628714 0 0.714424 0 
0.547811 0.0420116 0 0 0 0.844181 0.489284 0.00408479 
0.203959 0.0034704 0.210577 0.682487 0.116482 0.173932 0.77124 0.185904 
0.83748 0 0.0428159 0.495304 0 0.00826028 0.49918 0.0122804 
2.98184e-006 1.85597e-005 1.38175e-005 1.95447e-007 0.519039 0.0564967 0.989561 0 
2.25633e-008 0.842074 0 0.00606922 0 0 0.483198 0.584893 
0.706242 0.85458 0 0.00105408 0 0 7.82076e-005 1.63275e-005 
5.26912e-015 2.0635e-008 1.51682e-008 1.57431e-008 1.12193 0 0 0 
4.51386e-008 1.6846 0 0 0 0 0 0 
0.577777 0 0.789197 0.519682 0 0.00272248 0.155215 0.0162227 
0.607043 0.393126 0.611324 0.0177184 0.00239719 0 0.012312 0.574736 
1.22153e-009 2.70846e-008 1.79456e-010 1.13038e-008 0 0 1.09628 0 
1.46323e-009 0.0546084 0 1.61721e-005 0.657789 0 0.707091 0.520789 
0.101717 0 0.38506 0.000601588 0 0.00234855 0.00185598 1.04139 
0.0129311 0.00018928 1.01476 3.89768e-005 6.50504e-005 0.00545803 0.493046 0 
0.171049 0.231448 0.123836 0.791423 0.65558 0.000859761 0.198429 0.086959 
0.854866 0 0 0 0.482489 0 0 0.531977 
0.770775 0 0 0.670366 0.00727692 0.451581 0.00118971 0 
0.0265962 0.242018 0.20891 0.771838 0.128521 0.732783 0.204131 0.0916363 
1.12214 0 0 0 0 0 0 0 
0.356915 1.0993 0 0 2.16897e-005 0.0172567 0 0 
5.23172e-011 0.00195251 0.505692 0.703141 2.3025e-005 0.0374067 0.00304235 0.689197 
0.00121378 0.861037 0.419038 0.0768469 0.588296 0 0 0.0374667 
2.34264e-008 0.874287 0.535908 0 0.0221661 0.0010729 0.601409 0.00924865 
0.185478 0.354243 0.560049 0.317859 0.710547 0.249294 0.0586728 0.208104 
1.25346e-008 5.71345e-013 0.467799 1.02653 0 0 0 0 
0.589952 0 0.805991 0.0123795 0.00642564 0.512611 0 0 
1.18529e-010 0.00442356 0.607732 0.0129752 0.161635 0.938762 0.0338197 0.00561603 
1.06746 0.262526 0 0.0555031 0.0365948 0.215598 0.0979393 0.0289959 
1.90507e-006 0.000658005 1.57078e-008 1.01932 0 0 0.0226828 0.490163 
6.17953e-011 2.15207e-008 8.98888e-009 0.870413 0 0 0.578936 0.632125 
0.00131375 0.0936455 0.0166206 0.549446 0.988749 0 0 0.000749515 
0.107729 0.87342 0.190671 0.64616 0.139326 0.0259891 0.152337 0.0875473 
0.811392 0.00563872 0 0.085014 0.784033 0 0.000352689 0.000474218 
0.00574981 3.98583e-005 0.68285 0.114648 0.667829 0.575445 0.0289031 0 
0.835565 0.285488 0.0157905 0.148562 0.0689373 0 0.120767 0.648988 
0.00262959 0.0620265 0 0.000161758 0.750574 0.824719 0.00432143 0.0208931 
7.4256e-009 1.22586e-008 9.91103e-010 6.71547e-010 4.29185e-010 2.60906e-009 0.545746 0.947921 
0.00092914 0 0.987949 3.7944e-005 0.00947851 0.507 0 0 
0.00236649 0.824185 1.62778e-005 0.00760999 0.481422 0.103986 0.566539 0 
0.220366 0.298179 0.15954 1.01961 0.0870887 0.0008803 0.203169 0.0884941 
0.561468 0 0 2.4186e-005 0.00238896 0.0266535 0 0.943973 
0.0120567 0 0.651267 0.0224712 0.0147143 0 0.626426 0.662025 
0.0167707 0.0185752 0 0.0548946 0.733835 0.557768 0.00133835 0.659926 
0.0102742 0.81247 0 0.000350864 0.564475 0 0.0295225 0.431928 
2.15498e-009 1.3412e-008 0.506963 0.00497711 0 0.067706 0.969438 0 
4.33635e-005 0.00460092 0.550174 0.193936 0.118173 0.693872 0.651169 0.0896435 
0.412407 0 0.337648 0.0281648 0 0.239523 0.638893 0.702805 
0.173302 0.234496 0.125603 0.801982 0.664326 0.00014878 0.201076 0.0881191 
7.5747e-009 1.4862e-008 1.22617e-008 1.27265e-008 0.906948 0 0.660433 3.72409e-005 
2.36571e-008 0.882894 0.162435 0.313721 0.0284446 0 0.0939201 0.57903 
2.93373e-008 4.60464e-006 0.561251 0.02652 0.0218126 0.65564 0.00271173 0.722035 
0.81038 0 0 0.0849059 0.783036 0 0.00035224 0.00052254 

