0.237232 3.05352e-005 3.26416e-005 0.946362 0.236537 
0.580367 0.000620846 8.83411e-005 0.580945 0.579726 
2.1722e-005 0.823823 0.54694 8.27914e-005 0.275351 
0.317314 1.67134e-005 0.636371 0.635504 0.318754 
0.634252 0.315241 4.57284e-006 0.635342 0.314398 
1.92143e-006 1.98175e-006 6.82634e-010 1.00226 3.29909e-008 
0.290389 0.289349 0.868926 0.000104196 0.289458 
0.368056 0.364654 0.701427 0.367154 0.335578 
0.000128723 2.93323e-005 0.195822 0.982871 3.1442e-005 
4.0032e-005 0.450339 0.896867 2.82154e-005 0.000152587 
0.895876 0.000581578 0.448414 4.08727e-006 0.00116182 
3.59498e-005 0.197058 5.68231e-005 1.2689e-005 0.983378 
0.535781 0.000577602 0.805518 0.27262 0.000385253 
0.635061 7.44699e-005 0.317306 0.314796 0.632554 
0.231768 6.11579e-005 0.946214 8.09738e-005 0.239274 
0.917683 0.460165 4.90181e-005 1.01025e-005 3.55123e-005 
0.319834 0.633583 0.318234 0.634126 0.00651408 
2.7918e-005 0.197831 0.98589 7.25309e-005 0.000127986 
1.71697e-006 1.77087e-006 6.61785e-009 0.895609 0.449329 
0.237383 0.951457 0.239052 5.62115e-006 0.000127169 
0.000126969 0.945507 0.000495651 0.233291 0.234947 
0.964036 0.23603 0.237466 1.97459e-005 3.30125e-005 
0.640629 0.632579 0.310267 2.64566e-005 0.313128 
0.356772 0.352939 0.352154 0.712726 0.350654 
2.66918e-005 0.291311 0.290004 0.29003 0.868101 
0.945183 0.00121339 0.235906 2.52838e-005 0.234894 
0.945372 0.0002508 7.83443e-005 0.236323 0.232068 
0.321257 0.629738 0.640572 6.1226e-005 0.314659 
0.362664 0.346721 0.357557 0.357963 0.715952 
0.270164 0.000287877 8.1707e-006 0.80317 0.536737 
0.534108 0.803555 0.268101 3.83546e-005 3.62493e-005 
0.286023 0.283675 0.86929 0.293887 6.00665e-005 
0.00109653 0.632655 0.318207 0.63345 0.319349 
0.000361661 0.455538 0.000169028 0.908145 6.7219e-007 
0.291978 0.000113857 0.873228 0.299833 0.293876 
0.000296506 0.000286963 0.944483 0.235611 0.237911 
0.873454 0.275877 0.290024 5.76517e-006 0.286123 
0.542469 0.000712668 1.37922e-005 0.808788 0.27012 
0.5408 0.267701 4.50877e-005 0.807324 5.15013e-006 
0.000215543 0.290627 0.868299 0.28697 0.286909 
0.948627 0.236631 0.000317347 0.233293 8.31531e-005 
0.000376373 0.00038874 0.000792012 0.448467 0.896033 
0.000281055 0.711136 0.000125125 0.708202 5.11149e-006 
0.948729 0.000307616 0.235046 0.236385 8.7272e-006 
0.269445 0.538483 0.806426 9.34737e-005 0.000777509 
0.356836 0.702731 0.353626 0.363321 0.358136 
0.000285741 0.901197 9.68567e-005 0.446845 9.49078e-007 
0.990016 0.000284511 0.196389 2.47505e-005 0.000764638 
0.195846 0.000196987 9.0878e-005 0.982835 1.85766e-006 
2.86365e-005 0.984778 0.196077 2.77865e-006 2.00038e-007 
0.000119332 1.96182e-006 0.198222 5.4059e-007 0.984559 
1.8736e-005 0.710661 0.000108881 0.000169602 0.708395 
0.291212 0.869835 0.293509 2.65363e-005 0.296402 
0.000763402 0.237375 0.000866858 0.945826 0.23642 
0.824342 0.00168857 0.547285 8.28436e-005 0.275525 
5.00503e-005 1.56913e-006 7.96442e-007 0.19564 0.982498 
2.85042e-005 0.6347 0.317542 0.3147 0.63236 
0.238412 0.943333 0.000500888 0.241207 0.000120769 
0.533077 7.76765e-005 0.270454 0.803799 0.00219371 
0.538668 0.000132799 0.266647 1.18504e-006 0.805275 
0.270858 0.533318 0.000209183 0.805325 6.71111e-007 
0.000171693 9.547e-007 0.712584 4.74997e-006 0.710349 
0.712979 0.000149725 0.712485 0.000234641 0.000645932 
0.000106818 0.23718 0.946774 0.233189 7.46832e-005 
0.268253 0.801088 0.000125083 0.541527 4.59275e-007 
0.000200164 0.803885 0.534422 0.268015 8.8218e-005 
0.317855 0.634661 0.317227 0.00019241 0.634466 
0.94869 0.235937 8.08133e-005 1.34013e-005 0.236289 
5.53275e-006 8.01798e-005 1.00322 6.71802e-006 8.11054e-006 
0.539346 0.270574 0.807697 5.51813e-006 0.00015583 
0.581689 0.000122051 0.578499 0.577703 1.92715e-005 
0.000165173 0.269083 0.000100725 0.537793 0.805653 
4.02665e-005 0.805625 2.43113e-005 0.267353 0.532849 
8.52883e-006 0.236076 0.000273035 0.236667 0.946626 
0.293007 0.872057 0.000129582 0.291767 0.284646 
1.00423 5.17727e-005 0.000178837 0.000196259 3.46265e-006 
0.710237 0.000184913 8.38004e-005 0.000139559 0.705279 
0.807882 0.000868427 0.539314 0.26795 0.000127467 
0.29221 0.293309 0.276633 0.869137 3.36898e-005 
0.634979 0.312237 0.000265529 0.314986 0.635636 
2.794e-008 8.66564e-006 0.449316 2.65406e-006 0.897923 
5.61493e-006 1.00574 0.00015409 1.87774e-005 4.08234e-005 
0.000515504 0.315501 0.634941 0.634074 0.314722 
0.536549 0.803621 9.4825e-005 0.267694 0.000193584 
6.83372e-005 2.08755e-005 0.448302 0.896291 8.75246e-005 
0.000810734 0.270484 0.803947 4.42765e-006 0.53402 
0.58143 0.579156 0.57658 0.000192309 2.14482e-005 
0.81403 0.270509 0.00170498 0.540284 1.10803e-005 
0.807274 0.000859296 0.267343 0.536231 0.000127887 
0.286982 0.873599 0.277734 0.286267 0.00805321 
9.71208e-007 0.000169938 0.712603 0.705402 4.09413e-006 
3.30623e-007 0.000527966 0.984499 6.32391e-006 0.195442 
0.897876 4.01906e-005 1.37497e-005 1.32859e-005 0.448116 
0.271077 0.0008675 6.85392e-005 0.538491 0.807625 
0.00411571 0.637977 0.627662 0.316741 0.322518 
6.59794e-006 0.00074975 0.242649 0.240154 0.954955 
2.68169e-011 3.43148e-013 4.34687e-009 7.66152e-007 1.00164 
3.5526e-005 0.000962198 0.237372 0.943296 0.235335 
2.68995e-005 0.000121395 0.534255 0.270966 0.806259 
0.000527371 0.98528 6.36749e-006 0.00024462 0.195209 
0.536067 0.804513 3.7278e-006 0.000159934 0.266123 
0.535831 0.000201515 0.00173223 0.267169 0.802227 
0.2378 0.00399352 0.950982 0.237224 7.50602e-005 
0.63587 0.318467 0.317305 0.631239 1.14335e-005 
0.806647 0.00108346 2.05089e-005 0.533996 0.267249 
3.2821e-005 3.31917e-005 0.268558 0.536468 0.802109 
0.00128598 0.58018 9.91213e-006 0.579783 0.577984 
0.639513 0.640199 0.00172577 0.319043 0.314124 
0.290605 0.289605 0.288998 0.000213941 0.8682 
0.235464 1.93691e-005 0.237144 0.943864 4.14318e-005 
0.000259005 0.320834 0.318237 0.635798 0.632579 
0.000176199 0.000151069 0.982128 0.19488 1.66718e-006 
8.91616e-005 0.196824 0.00118042 0.982902 3.38756e-005 
0.270009 0.000101624 0.535616 4.1938e-006 0.80363 
0.197333 4.5376e-005 0.983405 0.000281012 4.53645e-007 
0.709853 0.70985 6.29933e-005 3.65757e-006 5.1295e-006 
0.228311 0.946728 8.05058e-005 1.33503e-005 0.23539 
0.000443115 0.448699 8.06056e-005 3.97496e-006 0.896693 
0.271746 9.82965e-006 0.804176 0.535246 0.00039022 
4.48774e-009 4.82423e-011 5.27546e-006 0.982871 0.196294 
0.236205 4.33744e-005 3.21938e-005 0.236795 0.947141 
0.897003 4.62448e-005 0.000159677 0.448347 3.46376e-006 
1.36671e-006 1.39949e-006 5.79938e-008 0.710719 0.713623 
1.16396e-005 1.14557e-005 0.904075 0.452556 3.19136e-005 
0.27139 0.802166 7.0053e-006 4.56824e-005 0.534726 
0.23843 0.241303 0.94578 3.84218e-006 1.61781e-005 
4.78199e-008 6.50795e-005 0.268778 0.803702 0.535761 
3.50611e-005 0.26952 0.535799 1.86068e-005 0.802523 
1.10924e-008 0.27008 1.3115e-006 0.80292 0.536571 
0.983994 0.000280501 2.94525e-005 2.54742e-006 0.199517 
0.000102697 8.4674e-008 0.803312 0.535058 0.266711 
0.268652 0.80618 0.536824 0.000250528 1.5818e-005 
0.279678 4.20456e-005 0.278158 0.289019 0.878674 
0.450419 0.900155 0.000169971 6.19236e-005 0.000560334 
0.714143 0.357694 0.339204 0.353049 0.352789 
1.03838e-005 0.269125 0.803407 0.534896 0.000180814 
1.94783e-005 0.710124 0.707383 1.3417e-005 0.000151304 
0.636589 0.00431096 0.316482 0.632934 0.319925 
0.000243315 0.238285 0.235405 0.944822 3.37156e-005 
0.265056 8.56958e-005 0.53587 0.803907 8.69464e-006 
9.05382e-009 7.46727e-005 0.906882 5.09326e-005 0.452748 
3.62513e-005 0.289675 0.289344 0.868113 0.288401 
0.000179982 0.944972 0.23469 0.000234217 0.235718 
0.32931 0.632512 0.630021 0.313325 2.03569e-006 
3.5068e-005 0.805444 0.267757 1.06648e-005 0.535867 
0.579076 0.580971 0.000137153 0.577752 6.63806e-007 
0.640588 7.43815e-005 0.630219 0.314012 0.319825 
0.00208379 0.265063 0.5359 0.803952 8.69512e-006 
6.74778e-005 0.536692 0.265802 4.18738e-006 0.802372 
3.97923e-005 0.534516 0.806532 0.263438 2.06992e-006 
0.548272 0.271954 1.97167e-005 4.34597e-007 0.817782 
0.288107 0.28698 0.000498191 0.868629 0.28956 
0.31666 0.316821 0.632395 0.642391 6.03152e-005 
0.00161748 0.808287 3.75417e-005 0.53498 0.268261 
0.804076 0.535727 3.01398e-005 0.266362 1.42757e-005 
0.576636 0.5839 6.13172e-005 1.76233e-005 0.580613 
0.271221 0.53574 0.000152172 7.87814e-006 0.804485 
0.316991 0.00223033 0.634882 0.315321 0.632901 
0.291537 4.3165e-005 0.289856 0.869993 0.288277 
0.000125494 0.897152 6.67583e-005 8.39862e-006 0.447559 
0.802665 0.269023 9.92254e-005 0.000170094 0.533123 
0.000214983 0.577691 0.575593 0.581482 1.17745e-006 
0.806161 0.533136 0.262232 1.37048e-005 1.64722e-005 
0.316291 0.633746 0.00026579 0.315295 0.63626 
0.235294 0.236187 0.000123942 0.944317 6.62562e-007 
0.235667 0.234866 0.000742262 6.70673e-005 0.945713 
1.35689e-007 3.09861e-005 0.57892 0.578968 0.579174 
0.449506 0.000512445 0.00016679 0.89612 6.6329e-007 
0.537517 2.76939e-005 0.802731 4.98217e-005 0.268526 
0.804163 0.00020949 0.268729 3.30838e-007 0.535224 
2.73117e-005 0.31717 0.635225 0.313217 0.632492 
0.00970064 1.72992e-005 0.536714 0.803547 0.268058 
0.198383 1.00565e-005 1.87255e-007 2.32714e-006 0.98536 
0.318329 0.316974 0.633569 4.88262e-005 0.635278 
2.13227e-005 0.80509 0.267738 0.535193 8.6383e-006 
1.19043e-005 0.537415 0.804126 2.81988e-005 0.266568 
9.04987e-008 0.00018863 0.806057 0.26962 0.536605 
7.78337e-006 0.237169 0.945245 8.55932e-005 0.23727 
0.634282 0.31677 0.632699 0.316462 1.40414e-005 
0.805263 0.534005 4.67447e-005 4.44202e-006 0.272852 
0.235944 8.37703e-005 0.235276 3.24268e-006 0.944368 
0.319001 4.81236e-005 0.317163 0.633376 0.631157 
2.70291e-005 0.982077 0.000199047 0.195827 2.6408e-008 
0.00263702 0.867343 0.290573 0.289981 0.287049 
0.319253 0.317416 6.14215e-005 0.637416 0.629098 
6.25839e-006 0.237355 0.236292 8.03002e-005 0.945081 
0.449936 4.06322e-005 7.68756e-005 4.77807e-005 0.895925 
0.288733 0.286445 5.19472e-005 0.292771 0.868759 
0.869757 0.000129155 0.292549 0.288223 0.281543 
0.808154 0.000275005 0.000356751 0.259699 0.536002 
0.318846 0.640823 0.00557674 0.641194 0.317365 
2.84112e-005 0.951084 0.229974 0.227943 9.36341e-005 
0.812687 0.270062 0.539979 0.000194244 0.000781603 
0.981674 0.0161009 0.00040446 0.202325 0.00345351 
0.637328 0.312531 0.635561 5.72551e-005 0.31157 
4.79985e-006 0.899353 0.448068 2.90987e-006 3.16036e-006 
0.198403 0.986359 0.00037808 6.52854e-005 5.53324e-006 
0.582368 0.000437966 0.577459 7.35901e-005 0.578624 
2.09274e-005 0.542195 0.270648 0.80947 0.000144222 
0.868797 0.291143 0.288781 0.285617 3.41297e-005 
0.270104 0.000179594 0.802813 4.42141e-006 0.533267 
0.633773 0.63319 0.315951 0.31596 3.16736e-005 
0.455979 7.78418e-005 0.911373 6.64713e-005 8.77304e-006 
0.984218 0.195404 0.000313929 5.79377e-006 2.57787e-005 
0.867615 0.28974 0.000444927 0.28911 0.290703 
0.00254579 0.58058 0.578002 0.00205906 0.577564 
7.18877e-005 0.537343 0.000495842 0.2667 0.803717 
0.71665 0.000705039 9.26232e-005 0.712694 3.18018e-005 
0.637884 0.317878 0.320268 0.000193706 0.631651 
0.00952426 0.539019 0.00063538 0.803769 0.267706 
0.00297511 0.00298629 0.313553 0.955892 0.00260948 
0.00426286 0.409628 0.820443 0.407482 0.00604767 

