0.124879 0.250192 0.125922 
0.248163 0.0832785 0.169815 
0 0 0.501298 
0.193228 0.264921 0.0431017 
0.161353 0.0892186 0.250368 
0.0402633 0.0402935 0.420827 
0.0417144 0.459737 0.000174107 
0.00308524 0.168498 0.33004 
0.0428173 0.16762 0.291171 
0.207773 0.132284 0.161244 
0.37402 0.00141935 0.12616 
4.98284e-011 0.501478 5.09691e-010 
0.121511 0.294007 0.0865156 
0.292435 0.000181766 0.208723 
0.15583 0.305353 0.0401317 
0.0921238 0.244906 0.164275 
0.166327 0.000170787 0.334887 
0.16712 0.331187 0.00319328 
0.24909 0.0506944 0.201521 
0.00166697 0.292891 0.207525 
0.0384964 0.336316 0.126624 
0.125825 0.170937 0.204935 
0.0463512 0.288838 0.166481 
0.0429984 0.249793 0.208565 
0.37524 0.125923 0.000121293 
0.291845 0.166303 0.0431017 
0.000502555 0.419236 0.0812649 
0.0836697 0.0831921 0.334552 
0.0836249 0.293027 0.124608 
0.375113 0.0443269 0.0822634 
0.207611 0.0437835 0.250195 
0.124923 0.335296 0.0411402 
0.00065224 0.457522 0.0427821 
0.0827703 5.35517e-005 0.418511 
0.250072 0.250616 0.000553075 
0.207636 0.208088 0.0859497 
0.0842502 0.039178 0.378018 
0.161163 0.215632 0.124564 
0.201902 0.090991 0.20892 
0.000712805 0.250885 0.250088 
0.0394328 2.53574e-005 0.46173 
0.00168518 0.127156 0.372194 
0.207313 0.293195 0.00121925 
3.73166e-011 0.375558 0.125463 
0.33961 0.0787327 0.082643 
0.12367 0.0416067 0.336291 
0.0442547 0.416377 0.0411771 
3.11106e-005 0.0853635 0.415468 
0.332424 0.125618 0.043035 
0.164123 0.258054 0.0786955 
0.124766 0.0843423 0.29224 
0.0338976 0.214283 0.25397 
0.458961 0.000471268 0.0422017 
0.207826 0.167622 0.126163 
0.0895943 0.325426 0.086412 
0.458661 0.0429646 7.2751e-005 
0.296366 0.121174 0.0838842 
0.0821022 0.415551 0.00328584 
0.0819151 0.16977 0.250176 
0.336849 0.0418742 0.122936 
0.501351 1.80398e-012 1.76461e-009 
0.249315 0.216787 0.0355974 
0.0372113 0.127652 0.336812 
0.282042 0.0949806 0.124426 
0.126603 0.00069158 0.374258 
0.249638 0.000262858 0.251452 
0.336387 0.164175 0.000550526 
0.166721 0.168287 0.166672 
0.0846565 0.210059 0.206992 
0.0838715 0.125226 0.292404 
0.250389 0.124591 0.126075 
0.132465 0.208412 0.160857 
0.245478 0.163522 0.0923545 
0.167247 0.0336795 0.300018 
0.415906 0.0853093 2.97292e-006 
0.0843626 0.376298 0.0411797 
0.381426 0.0776271 0.042003 
4.96412e-006 0.0419025 0.459034 
0.000478433 0.335603 0.164837 
0.135761 0.365201 0.000972567 
0.166509 0.12567 0.209757 
0.291576 0.0473398 0.163255 
0.208712 0.000246989 0.292166 
0.417707 0.000256287 0.0838047 
0.289006 0.207441 0.00478933 
0.334669 0.000335683 0.166671 
0.0439978 0.0849311 0.372447 
0.00159052 0.208999 0.290703 
0.423605 0.0383171 0.0395246 
0.124154 0.125222 0.25187 
0.0347222 0.381621 0.0846655 
0.18857 0.187261 0.125886 

