0.247986 0.257725 
0.447181 -0.111757 
0.435068 -0.0456159 
0.423986 0.061176 
0.409745 0.238107 
0.640637 -0.410841 
0.255455 0.246081 
0.623512 -0.205727 
0.621814 -0.179495 
0.201592 0.544435 
0.643601 -0.430949 
0.838245 -0.694913 
0.63 -0.299816 
0.418932 0.121256 
0.216466 0.43108 
0.00832395 0.910592 
0.636017 -0.370256 
0.628351 -0.279172 
0.230505 0.33457 
0.22575 0.365291 
0.0388572 0.772754 
0.190602 0.622094 
8.4667e-008 1.00473 
0.627027 -0.255424 
0.206952 0.504319 
0.648008 -0.449621 
0.0695323 0.682879 
0.211695 0.466722 
0.220985 0.397787 
0.0461502 0.743853 
0.826087 -0.5111 
0.416365 0.152359 
0.824877 -0.48695 
0.638161 -0.389958 
0.0542254 0.717595 
0.840284 -0.715922 
0.453452 -0.12192 
0.842542 -0.735206 
0.836809 -0.67798 
0.618784 -0.128701 
0.0613309 0.697767 
0.632017 -0.326705 
0.633819 -0.347609 
0.845388 -0.754065 
0.0316953 0.800549 
0.42638 0.034685 
0.442428 -0.0910161 
0.834274 -0.639222 
0.851461 -0.771236 
0.831048 -0.596942 
0.19623 0.583321 
0.0239325 0.832187 
0.0778702 0.674331 
0.421377 0.0907013 
0.432142 -0.0201545 
0.016276 0.868727 
0.411362 0.217436 
0.829736 -0.576413 
0.414234 0.180313 
0.828959 -0.562602 
0.827292 -0.533159 
0.620296 -0.154771 
0.235325 0.307992 
0.832347 -0.618293 
0.184576 0.659423 
0.835305 -0.659468 
0.43876 -0.071097 
0.240893 0.282178 
0.82369 -0.463106 
0.624994 -0.230356 
0.429398 0.00537378 
0.424945 0.050387 
0.0160724 0.870183 
0.238389 0.29228 
0.622357 -0.18886 
0.619583 -0.142141 
0.834739 -0.652894 
0.19888 0.56502 
0.0388572 0.772754 
0.446405 -0.107457 
0.00527994 0.930708 
0.436126 -0.0519839 
0.826703 -0.519479 
0.0319588 0.798202 
0.628848 -0.286102 
0.21346 0.453077 
0.834197 -0.637708 
0.623604 -0.208042 
0.830123 -0.581755 
0.416981 0.144939 
0.410005 0.236387 
0.412457 0.202084 
0.842355 -0.734081 
0.829208 -0.565802 
0.000243541 0.988562 
0.823358 -0.456265 
0.637314 -0.382952 
0.640213 -0.407805 
0.838036 -0.693214 
0.229189 0.342162 

