0.245873 0.00108927 0.947432 0.000887901 0.235275 
0.809075 6.33603e-005 0.00121315 0.269062 0.525547 
0.00017156 0.28919 0.287545 0.288765 0.868197 
0.326992 0.630199 0.323591 0.630683 0.000128602 
5.94099e-005 0.635348 0.318433 0.635276 0.317732 
0.000295327 0.317546 0.636215 0.635617 0.31779 
0.742688 0.00209666 0.00032749 5.37119e-005 0.7247 
0.727293 8.77983e-006 3.50827e-005 0.692739 1.30997e-005 
0.470178 7.79742e-005 0.000994398 0.886138 0.000162986 
0.643143 0.627939 0.000477074 0.311217 0.314494 
0.631915 0.307991 0.330021 0.632348 5.65073e-006 
0.657348 0.000493642 0.315815 0.319893 0.624336 
0.269294 4.26358e-006 0.5342 0.802451 0.000114736 
0.948062 0.231605 2.25405e-005 4.86657e-005 0.23528 
0.358057 0.354239 0.349441 0.354595 0.711363 
2.48959e-005 0.236119 0.000224035 0.235622 0.944533 
0.299493 0.283418 0.866729 0.000107539 0.291788 
0.654688 0.624707 0.30836 0.314723 1.43924e-005 
5.06667e-005 1.90881e-007 1.0259 6.57824e-006 2.79434e-006 
0.00309006 0.00158211 0.898926 0.000680279 0.443812 
4.59727e-005 0.197047 7.4028e-006 1.99008e-005 0.983132 
0.00123347 0.539278 0.271608 8.04801e-005 0.798637 
0.000149088 0.636137 0.315063 0.318338 0.631156 
0.303924 0.295885 0.297492 3.57134e-005 0.857244 
0.381935 0.702982 0.361839 0.345439 0.356972 
0.000232396 0.536058 0.269556 0.8025 5.50083e-006 
0.000188304 0.27021 0.000286836 0.804095 0.537952 
7.9938e-006 5.03958e-008 2.53086e-006 1.00553 1.76e-006 
0.276446 0.00011322 1.141e-006 0.534211 0.801681 
0.452082 1.78713e-006 0.895884 0.0010811 0.000111981 
0.732014 0.00268983 0.696274 6.47801e-006 1.06625e-005 
0.281541 0.00383143 0.534513 0.00142143 0.798053 
0.000416899 0.284637 0.871338 0.287176 0.287465 
0.989757 0.000154767 3.25781e-006 0.179482 0.00062202 
0.95263 0.00079139 0.000281804 0.225858 0.22953 
4.86274e-005 0.316747 0.638986 0.313724 0.634133 
0.545383 0.000160769 0.803093 0.264269 0.000414985 
0.548774 0.000156776 0.799676 5.33123e-005 0.251887 
0.601129 8.83384e-006 0.578965 0.559617 9.72882e-006 
0.595757 4.87134e-006 0.583466 0.000133592 0.566478 
6.91741e-005 6.73701e-005 0.198664 1.20865e-005 0.984041 
0.295628 0.866817 0.000292599 0.287309 0.287056 
0.547606 0.261125 2.20608e-005 0.797392 0.00225066 
2.80144e-008 4.62327e-005 0.950905 0.235422 0.236177 
0.00198122 0.802243 0.272123 0.535993 2.60219e-005 
0.277857 0.00167149 0.80385 4.52125e-006 0.528696 
1.59566e-005 0.982432 0.195642 7.86458e-006 8.66946e-005 
0.238443 9.82748e-006 5.71192e-005 0.944955 0.234229 
0.000388681 0.266776 7.79797e-006 0.534267 0.804651 
0.000104904 0.449675 2.89949e-005 0.895525 0.000219099 
1.11881e-009 5.97722e-008 1.14297e-009 0.981915 0.196199 
0.00131185 0.900405 9.59449e-005 0.000136976 0.44933 
0.000187258 0.804259 5.94308e-005 0.269064 0.534268 
0.36169 0.358441 0.353129 0.707242 0.351744 
6.16003e-005 0.000232703 0.457562 2.02599e-005 0.892639 
0.290995 0.00179229 0.29075 0.867201 0.287583 
0.247202 7.43614e-005 0.000307496 0.241723 0.946332 
0.298621 0.867019 0.289339 0.297842 0.000255734 
0.718617 0.344471 0.348044 0.350697 0.352204 
0.812958 0.00489047 0.249894 4.52122e-006 0.528692 
0.292825 0.000100618 0.296053 0.296931 0.862137 
0.000160278 0.26765 0.537813 3.28144e-005 0.800721 
2.04164e-008 4.55085e-006 9.77242e-006 0.196765 0.981724 
0.64387 0.306928 0.000364824 0.314844 0.635054 
0.283233 0.533595 2.19443e-005 0.799521 3.1374e-005 
0.555225 0.796118 2.24245e-005 1.25069e-006 0.266135 
0.644177 0.304169 0.00018079 0.630765 0.316129 
0.241689 0.23124 0.945179 6.98329e-005 0.000813512 
0.333544 0.630151 0.629748 0.00141964 0.314238 
1.0668 0.000130011 0.00011343 0.000295131 2.7576e-006 
0.262155 0.941146 0.230184 0.00245048 7.7302e-006 
2.73109e-007 1.66526e-005 0.454262 0.891267 9.70681e-005 
0.649893 3.69486e-005 0.631475 0.301951 0.312926 
0.806492 0.536285 0.00131658 2.93166e-005 0.259527 
0.000154544 0.448969 0.000168013 2.47512e-006 0.897328 
4.66289e-005 0.194807 0.985051 5.4927e-006 5.64999e-006 
0.297504 0.287851 7.62727e-007 0.291369 0.865465 
0.55084 6.32836e-005 0.266277 5.51051e-005 0.794338 
0.00211412 2.09539e-005 0.539733 0.802917 0.266741 
0.00261627 0.26778 0.804269 0.534725 0.000401243 
0.000105923 0.442527 0.898653 0.00476279 2.60356e-006 
1.89261e-007 6.48583e-011 5.04416e-008 0.711858 0.710662 
0.946748 0.000306722 0.22314 0.000757202 0.236871 
0.330199 0.631943 0.31786 2.35127e-007 0.632959 
0.000494932 0.000338326 0.803427 0.534567 0.265775 
0.648499 0.314714 0.617348 0.000111677 0.320356 
0.242064 0.943725 0.00105513 0.237414 3.86267e-005 
0.566071 0.78749 0.274866 0.00465525 1.95635e-005 
2.72894e-005 0.584288 0.58598 0.577653 2.73487e-006 
0.000310395 0.895649 0.454062 7.92546e-006 3.96176e-006 
0.000789816 0.804492 0.542119 0.266803 2.76984e-006 
0.904464 0.000852357 0.000266225 0.00304147 0.437257 
0.000322278 0.315879 0.317301 0.635455 0.634689 
0.00175183 0.236593 0.000423173 0.944111 0.233924 
0.305356 0.287057 0.864282 0.284482 2.94878e-005 
0.470495 0.885858 1.94047e-005 0.000410033 2.74113e-005 
0.603532 0.565357 0.000829585 0.000999414 0.574184 
6.24828e-005 1.68109e-008 0.981652 5.66776e-005 0.194644 
0.000111704 0.992495 6.01038e-006 8.77163e-005 0.198115 
0.290576 0.000149091 0.870368 0.28747 0.288995 
4.41858e-006 0.000103671 0.896173 0.444792 1.69702e-005 
0.280961 0.000108561 0.799304 0.536577 0.000401492 
0.734278 0.687832 0.0010093 0.00121592 0.00818266 
0.642454 0.306235 0.315234 9.94007e-005 0.63417 
0.000139979 0.536205 1.78334e-005 0.267883 0.801968 
0.000277437 0.948534 0.237789 0.234529 8.93928e-005 
0.323645 0.00016971 0.640528 0.311441 0.631671 
0.288987 0.798379 0.00186788 0.000127037 0.538468 
0.205145 1.30341e-005 2.33604e-006 4.08914e-005 0.981414 
1.32269e-005 0.943409 0.238782 3.52479e-005 0.234583 
0.000107569 0.896098 5.86483e-005 0.44813 0.000111447 
0.817513 0.252816 0.527004 0.000138101 3.87528e-005 
0.647233 0.305696 0.634399 0.3154 0.00026044 
6.38935e-005 6.95578e-006 0.721319 0.70951 2.74913e-006 
0.000710432 0.634695 0.639424 0.315035 0.315846 
0.000152382 0.578048 4.51892e-005 0.57873 0.578216 
0.211974 0.00128523 0.00101154 0.984858 3.99224e-006 
0.592914 0.570102 0.000314826 0.57128 0.000406162 
0.881145 0.293028 0.294497 0.294086 3.56602e-006 
1.73277e-008 3.15757e-008 2.26361e-008 6.04566e-011 1.00067 
0.644506 0.628448 0.322135 0.000108946 0.309064 
0.897849 7.58544e-006 2.35147e-006 0.446173 4.8924e-005 
0.814921 4.15178e-006 0.270176 0.514304 0.00018451 
0.565424 0.253884 0.00508058 0.000260481 0.786646 
7.79515e-006 0.234729 0.236531 0.944854 5.76659e-006 
6.31742e-005 6.0646e-005 0.985755 0.19473 2.43988e-006 
0.331721 0.00942352 0.635107 0.623753 0.319543 
0.000403528 0.802704 0.271642 0.000349393 0.533546 
0.556324 0.00156197 8.81011e-005 0.261751 0.79433 
0.332562 0.311113 0.000617416 0.637094 0.634252 
0.98317 5.4322e-005 0.193533 2.79488e-005 3.89065e-006 
0.816277 0.252506 0.000821744 0.00119652 0.535151 
0.544281 0.798512 0.00143588 0.271201 1.92281e-005 
0.560793 8.70631e-005 0.262082 0.787095 0.000295779 
0.252599 0.239242 0.000133164 0.00478738 0.946205 
8.47875e-005 0.868057 0.293894 0.285014 0.288317 
0.949146 0.000654105 0.231228 0.227868 2.62914e-005 
0.00010366 0.710048 5.25932e-005 3.61657e-005 0.706234 
0.000106024 0.194582 0.000102235 0.989873 3.9978e-006 
1.49876e-005 0.234306 0.946192 0.000768181 0.233924 
2.00583e-005 0.707156 0.712585 1.89461e-005 5.84218e-006 
0.985079 0.00692556 0.000513607 2.00618e-006 0.180729 
0.203631 0.000156804 0.981649 0.000257939 3.92973e-005 
4.69781e-005 0.955138 7.12979e-005 0.239286 0.238535 
0.553178 0.270415 0.791249 0.00042134 0.000238911 
5.3282e-005 0.000100138 0.807392 0.264331 0.533484 
0.000465788 0.536381 0.809367 0.265377 5.66298e-006 
0.000137297 0.267437 0.537535 0.804081 0.000115975 
0.239312 0.000282992 0.234979 3.34758e-005 0.946936 
0.318413 0.637679 0.63514 0.314297 8.21016e-006 
0.815069 0.00339734 0.521853 3.19378e-005 0.264282 
0.983022 0.191062 0.00233783 0.00215935 2.45015e-006 
0.194053 0.983934 3.65514e-005 3.5048e-005 4.17412e-006 
0.285366 0.79408 0.540439 4.44983e-005 9.51105e-006 
0.336628 0.633677 0.000159424 0.636096 0.320643 
9.08142e-005 2.1615e-005 0.710773 3.61315e-005 0.706955 
0.243046 6.81548e-006 0.968623 0.248826 1.07043e-005 
0.300699 0.281436 1.94709e-006 0.86927 0.286865 
0.000131793 0.292305 0.292494 0.867567 0.289114 
0.000332772 2.74106e-005 0.235888 0.236645 0.94546 
0.594469 0.582996 0.559152 0.000720034 0.00228667 
0.23771 3.92995e-005 0.238687 0.943057 0.000160583 
0.947898 0.228519 0.239209 0.000145142 9.95383e-006 
0.649343 7.84625e-005 0.31661 0.625525 0.318493 
0.000138751 0.801741 5.57715e-005 0.535159 0.267391 
0.324661 0.000253225 0.317318 0.631399 0.63495 
0.299588 0.291664 0.291566 0.865074 2.50797e-005 
0.332612 0.314151 0.633657 0.628534 0.0020305 
0.556294 0.000925702 3.08859e-006 0.792588 0.264572 
9.96872e-006 7.61979e-010 0.271898 0.534121 0.802364 
0.281536 0.541809 0.000327781 2.99935e-005 0.804575 
0.000391055 0.536303 0.803311 0.00179665 0.266012 
0.813447 0.522862 0.266857 0.00243719 6.41318e-006 
0.269596 0.535844 0.803061 0.000111987 0.00256114 
0.252722 0.236423 1.13814e-005 0.943474 2.95915e-005 
0.467282 0.00328521 0.000243635 9.5165e-007 0.885894 
0.906541 0.428311 0.00247947 2.97102e-005 2.45312e-006 
0.000112857 0.98192 8.54839e-006 0.198234 1.60022e-005 
0.000325289 0.578912 0.580507 5.5489e-005 0.57682 
0.000343725 1.00279 1.64394e-005 6.57593e-006 1.56791e-005 
7.74662e-007 1.13051e-005 2.16659e-005 0.446281 0.897984 
0.000253948 0.708043 2.33142e-006 0.70966 5.46585e-006 
0.00157793 0.00155615 0.238783 0.944286 0.236939 
6.26119e-007 4.30842e-005 1.36952e-005 0.89586 0.44722 
0.000133768 0.269909 0.807345 2.32855e-005 0.536458 
0.000129639 0.538297 1.95246e-006 0.805051 0.267941 
0.593376 0.000739668 4.36971e-005 0.567607 0.574206 
0.28115 0.00031375 2.0199e-005 0.79958 0.535926 
0.287401 0.808363 7.60257e-006 0.538233 6.96088e-006 
0.887655 0.276879 7.82357e-006 0.277132 0.283369 
0.904674 0.000297317 0.434706 0.00024389 0.00214148 
1.68551e-005 1.70279e-005 0.269969 0.803549 0.535723 
0.327107 0.635355 5.63628e-005 0.306922 0.63346 
0.829303 0.521951 3.07983e-005 0.263894 9.02022e-006 
3.14093e-005 0.00034618 0.580298 0.578145 0.576794 
1.89048e-005 4.7666e-007 0.19579 0.982833 2.77138e-005 
0.870963 0.293128 0.283581 0.0012288 0.278669 
0.956591 0.218681 8.20491e-006 0.217503 0.00267924 
0.364898 0.350262 0.706217 0.356947 0.352322 
0.000583148 0.233662 0.94972 0.235315 2.50631e-005 
0.825 0.000255467 0.524731 0.264837 1.05357e-005 
0.00039293 0.235297 0.23802 8.53009e-005 0.945493 
0.81848 5.92532e-005 0.000674516 0.512336 0.26779 
0.288981 0.86938 0.290203 1.29386e-005 0.288365 
0.00096482 0.807783 0.538063 6.11422e-006 0.263058 
6.3695e-006 0.000444243 0.54272 0.270524 0.809517 
0.877991 0.0088082 0.282717 0.277753 0.286321 
0.804663 0.267962 0.000619136 0.536129 0.000420314 
0.250766 0.942673 7.5586e-005 4.86306e-005 0.234034 
0.334673 0.305068 0.634107 0.00015912 0.63068 
0.949756 0.000866232 0.000280953 0.233422 0.229292 
0.439663 0.853979 7.57571e-005 0.288216 0.0125773 

