0.212677 0.540226 
0.763751 0.127028 
4.98258e-07 1.00081 
0.736072 0.143501 
0.42133 0.352206 
0.670156 0.1825 
0.429873 0.345739 
0.183401 0.573558 
0.288261 0.464285 
0.22009 0.533019 
0.961575 0.0204256 
0.0657097 0.744806 
0.31192 0.442799 
0.9994 0.00100387 
0.0879058 0.705094 
0.457855 0.324795 
0.117557 0.658702 
0.0422628 0.795777 
0.646891 0.196608 
0.0175669 0.868955 
0.295882 0.457007 
0.0343119 0.816641 
0.377638 0.386426 
0.242204 0.50911 
0.823362 0.0935253 
0.190304 0.564812 
0.578266 0.240726 
0.942824 0.0300828 
0.622969 0.212016 
0.327962 0.42865 
0.808246 0.101872 
0.153166 0.609551 
0.495981 0.297355 
0.696607 0.166557 
0.683951 0.174047 
0.556535 0.25524 
0.257572 0.493548 
0.589098 0.23359 
0.168348 0.591029 
0.412218 0.358992 
0.438743 0.338782 
0.250129 0.501229 
0.855674 0.075949 
0.132011 0.637994 
0.303922 0.449807 
0.204752 0.548725 
0.0503167 0.777256 
0.161088 0.599896 
0.61164 0.219047 
0.0577871 0.760814 
0.265004 0.486637 
0.466872 0.31795 
0.657951 0.18987 
0.536053 0.269056 
0.103074 0.680641 
0.227533 0.524309 
0.448614 0.331387 
0.39447 0.372955 
0.386104 0.379832 
0.175878 0.582676 
0.344408 0.414129 
0.138819 0.628706 
0.146663 0.618401 
0.793689 0.110236 
0.320078 0.435395 
0.709933 0.158414 
0.98107 0.0103373 
0.369299 0.393396 
0.546061 0.261857 
0.505238 0.290286 
0.00917932 0.90596 
0.888801 0.0579168 
0.722257 0.15116 
0.234869 0.516359 
0.197722 0.556336 
0.750192 0.134784 
0.906959 0.0489082 
0.515325 0.283165 
0.0804799 0.717782 
0.403978 0.365474 
0.600239 0.226084 
0.280387 0.471644 
0.0729012 0.731653 
0.525497 0.276249 
0.838872 0.0852027 
0.48579 0.304027 
0.109796 0.670347 
0.476379 0.310692 
0.360847 0.400156 
0.924065 0.0394477 
0.778268 0.118838 
0.336146 0.421373 
0.273044 0.478485 
0.634168 0.204791 
0.352668 0.407044 
0.125589 0.647296 
0.567354 0.247713 
0.871573 0.0672863 
0.0951108 0.693265 
0.0259111 0.840307 

