0.250415 0.167745 0.0827306 
0.500673 1.05159e-007 1.44883e-011 
0.0420295 0.000680506 0.457932 
0.00029378 0.208402 0.291959 
0.206391 0.253388 0.0408984 
0.208791 0.000158462 0.29264 
0.082206 0.124961 0.294262 
0.168681 0.207091 0.125018 
0.0836181 0.0836156 0.334361 
0.16681 0.0839837 0.250828 
0.0426806 0.164994 0.293759 
0.378599 0.12259 0.000167525 
0.288874 0.0859464 0.126064 
0.166378 0.0423265 0.29197 
0.334999 0.124982 0.0407292 
0.167051 0.254341 0.0804487 
0.459397 0.0412882 2.63691e-007 
0.0421712 0.292204 0.166462 
0.039095 0.0861857 0.375629 
0.125807 0.207817 0.168251 
0.292446 9.70762e-005 0.208371 
0.376246 0.081812 0.0426482 
0.334048 0.166674 9.85531e-005 
8.27477e-008 0.501354 6.53815e-009 
0.289687 0.207455 0.00347226 
0.29179 0.167528 0.0416239 
7.44457e-005 0.459059 0.0416589 
0.292456 0.124125 0.0844266 
0.25069 0.042625 0.207526 
0.250462 0.250389 9.85788e-005 
0.208905 0.209341 0.0829525 
0.19861 0.174777 0.127429 
1.45047e-015 4.97744e-016 0.501664 
0.166478 0.000395289 0.334 
0.000461408 0.333509 0.167513 
0.00309221 0.167514 0.330363 
0.378451 0.0374604 0.0855275 
0.0430017 0.45758 3.17997e-005 
0.125818 0.334667 0.0403261 
0.00148201 0.084248 0.415135 
0.0814802 0.0430575 0.376798 
0.000216318 0.292749 0.208553 
0.249828 0.000820475 0.250995 
0.126458 0.292946 0.0818735 
0.133364 0.364957 0.00231322 
0.0869675 0.290529 0.12429 
0.0549372 0.118697 0.32802 
0.132056 0.161722 0.207427 
0.000395366 0.124884 0.375626 
0.20651 0.12855 0.166381 
0.042632 0.251144 0.207425 
0.0827549 0.418012 4.70721e-005 
0.166151 0.29419 0.0415892 
0.337864 0.0360296 0.127588 
0.290616 0.0442194 0.166295 
0.0840876 0.000464747 0.416968 
0.418574 0.041476 0.0409198 
0.168099 0.123571 0.209734 
2.09004e-005 0.376373 0.125664 
0.333385 0.00105307 0.16633 
0.251065 0.0852992 0.165128 
0.000569553 0.250748 0.250067 
0.083612 0.251322 0.166557 
0.167071 0.167451 0.166962 
0.124466 0.0452911 0.332036 
0.33157 0.0867661 0.0829823 
0.0456547 0.373207 0.0817676 
0.210379 0.291064 6.5393e-009 
0.123552 0.00103719 0.377046 
0.247061 0.21486 0.0388948 
0.126765 0.126756 0.248075 
0.080036 0.213262 0.20811 
0.207886 0.0430476 0.250478 
0.0424095 0.0421536 0.417021 
2.85521e-005 0.417755 0.0831155 
0.374785 0.000119043 0.125932 
0.208281 0.0831829 0.210085 
0.00134607 0.0436182 0.455714 
0.0831508 0.376518 0.0417093 
0.166309 0.334593 0.000363573 
0.0845501 0.333177 0.0835409 
0.418643 0.000218379 0.0829219 
0.0403989 0.41764 0.0426404 
0.459543 0.000189222 0.0417271 
0.0422875 0.208706 0.249745 
0.0820332 0.166304 0.252404 
0.12519 0.0835222 0.291985 
0.0407302 0.334273 0.1256 
0.249791 0.125956 0.125783 
0.416108 0.0844658 1.12845e-005 
0.125625 0.252163 0.123408 
0.324418 0.0518266 0.125302 

