0.000490969 0.289758 0.0154549 1.85872 1.11818 0.878543 0 0.0389956 
0.139514 1.86719 1.19828 0.00158913 0 0.300202 0.724102 0.0135313 
3.78824e-008 1.41379 0.303571 1.39289 1.33907 0.00135775 0.679587 3.95107e-005 
1.73429 0.15801 1.80905 0.000184522 0.0259362 0.0660339 0.166041 0 
0.0262612 0.855128 0.0218394 0 1.36874 1.85072 9.29573e-006 0.000556642 
1.79576 0 0.0222921 0 0 1.79679 0 0 
0.187853 1.10055 0 0.134563 0.724308 0.000366319 1.99734 0 
0.220893 1.25579 0.132041 0.944454 1.28053 0.198341 1.22241 0.438429 
0.269483 1.99983 0.917063 0 0.173709 0.864079 0.176781 4.77744e-005 
3.88231e-008 1.4489 0.994667 0.514817 0.603946 0.837022 1.15881 0.0130878 
2.22532 0.00847591 0.00063592 0.00767213 0.00107039 0 0 1.8484 
2.94682e-009 0.109977 1.55153 0 1.52651 0.220696 0 0.996455 
7.53441e-008 8.22812e-008 7.16304e-008 4.86432 0 0 0 0 
3.7337e-011 5.58262e-011 6.39738e-008 2.38754 0 0.750488 0 0 
2.03823 1.5114 0.00220904 0.000393153 0 0 0 0 
0.010925 1.88116 0.0668332 1.43004 0 1.00421 0 0 
1.67918e-008 2.32692e-009 5.19934e-008 2.04096 0.0632009 1.07844 1.0972 0.033724 
0.000965419 0.0209627 0.0035203 0 0.0178219 2.29632 0 0.839583 
0.0202493 1.45448 0.928569 1.8754 0 0.373565 0.813237 0 
1.26317e-015 4.71422e-008 2.53664e-008 3.94697e-008 1.6252e-011 0 2.48222 0 
1.50014e-008 5.54631e-009 4.20663e-008 1.67958 0.00926794 1.68622 0.211129 0.000628249 
1.90431 0.245815 0.0843795 0.266022 0.0130286 1.308 0 0.84232 
2.07344 0.284548 0.216744 0 0.223902 0 1.21937 0.20164 
3.31514e-006 1.93703 0.146594 0 0.206069 0.18317 1.08377 0.236964 
5.20077e-008 1.48973e-009 1.94175 0 1.17147 0.0413684 0.990186 0 
3.3205e-009 6.781e-008 0 2.53374 0 0 0.845093 0 
2.56515 0.0119429 0 0.892764 0 0 0 0 
0.133476 1.72532 0 0.000318419 0 0.00643643 0.953463 1.37997 
1.90725 0.35836 0.168278 1.43515 0.257401 0 0.209128 0.201639 
5.8119e-006 1.96293 0 0 0.00197265 0.023135 0.109378 2.06695 
0.024261 1.9201 0.0921525 0.0473965 0.00879223 1.20751 0 1.10842 
1.42929 0.00551639 0 1.67178 0.0243945 0.233149 1.27009 0.30721 
5.56582e-008 7.27614e-008 0 2.97697e-008 0 3.59486 0 0 
2.54736 2.79139 0 1.22806 0 0 0 0 
2.29781 0.229847 0.940762 5.15156e-005 0.00966697 0 0.0431189 0.671101 
2.43355 0.00211937 0.088255 0.393261 0.00126529 0.581152 0.000129047 0 
4.42412e-012 3.31512e-008 1.23722 0.110374 0 2.23954 0 0 
0.00189098 1.58128 0.169224 0.138467 1.2017 0.0936332 0 1.22591 
1.66092 0.109425 1.25074 0.336296 0.0433543 1.09512 0 0.231201 
1.05879 1.63223e-005 0.830861 0.0378004 2.15457 0 0.0170818 0 
0.0775873 1.83677 0.743699 0 1.41827 0.0707117 0.172106 0.0408685 
0.680733 0.491562 0.148316 0.733229 0.0290779 2.16398 0.377249 0.26098 
0.0198868 1.57324 0 1.516 0.00595717 0.00122922 0.969782 3.76708e-005 
3.7945e-008 1.41613 1.21273 0.612448 0.20863 1.32677 0.00054011 0.396165 
7.74261e-008 2.48176e-005 3.35294e-006 1.83788e-005 2.34574 0 1.23333 0 
1.51801 0.274173 0.150502 1.60987 0.176492 0.703688 0 0.0142557 
2.13225 0.625021 0.877098 0.0746131 0 0.329398 0.0228873 0.299584 
2.28393e-013 6.23437e-008 2.3267 0 0 1.01974 0 0 
3.69375e-008 1.37853 0.946356 0.0514714 0.551798 1.10593 1.14657 0.0129495 
1.77418 0.326268 0.169815 1.35127 0.00102943 0.216888 0 0.783398 
1.51731 0 1.18969 0.0602232 1.27855 0.0320593 0.823911 0.316662 
5.0694e-008 1.89193 0.113499 0 1.44319 0.0711164 1.27008 0 
0.350417 1.98995 0.217248 0.0635065 0.967249 0.192267 0.0214374 0.280606 
1.56587 1.13037 0 0.000622693 2.13096e-005 0 1.91416 0.0279626 
1.04392e-016 3.89596e-009 5.49635e-008 1.80862e-008 2.16436 0.148104 8.28986e-005 0.986926 
0.0203094 0.661323 0.0172225 0 1.05854 1.43133 0.00293252 1.80919 
0.00591509 0.211521 2.43035 0 0 0.270551 0.917123 0 
0.0134171 3.93447e-005 0.00451392 0.0074001 0.012523 1.67927 1.5595 0.987123 
0.000516643 0.0169301 0 1.92981 1.81657 0 0 0 
0.299005 2.23143 0.91717 0.0270188 0.00942513 0 0.0420402 0.654312 
1.62701 0.0472886 0.0616557 0 2.03563 0.0480493 0.0171918 0 
1.51547e-007 5.65582 0 0 0 0 0 0 
2.66216 0.0101398 4.68154e-005 0.00929637 0 0 0 0.475516 
0.283375 0 0.0151144 1.81794 1.09364 0 0.989043 0.0390219 
0.0605005 0.0692036 0.227683 0.293353 0.103945 0.0379236 1.5316 1.79925 
4.8552e-008 1.81199 1.15948 1.95031 0.000398825 0 0 0.0424023 
1.72945 2.894 0 0 0 0.920484 0.335647 0 
0.054548 1.78937 0 0 1.7448 0 0.001298 0 
0.00275206 2.27878 0.411114 0 0 0 0.00274162 0.00046891 
6.89733e-008 2.57412 0 0.00308348 0.00288772 0 0.644903 0.0272895 
2.24486 1.74786 0 6.47518e-005 0 0.00880767 0.000811763 1.04011 
1.94449e-008 0.000188822 1.33378e-005 2.08955 0 0.887412 0 0.914793 
1.88351 0.172938 0.113469 0 1.44281 0.0794782 1.26877 0.0688506 
4.03891 0 0 0 0 0 0 0 
5.08865e-005 0.00877383 0 2.30883 0 0 0 0.68167 
3.0045e-011 9.84555e-010 2.09794e-010 7.27059e-008 1.38348e-008 0 0 2.76236 
2.01208 1.48161 0 0.00059277 0.114761 0.0276691 1.09484 0.00129762 
0.000216973 0.0373597 1.88849 1.70939 0 1.09579 0.029811 0 
1.74695 1.29396 0.0018926 0.000336835 0.641836 0 0 0.000479834 
4.24341e-006 1.43318 0.915019 1.84784 1.06112 0.399589 0 0 
6.65476e-008 2.48359 0 0.00135673 0.0307877 0.00697405 0 0.668431 
1.53703e-006 0.00111931 0.000908552 0.158814 0 1.23963 2.21754 0 
6.52321e-007 0.403965 0.815994 8.97264e-005 0.205923 0.187736 2.25195 0.0487171 
3.61055e-011 1.8353e-008 6.93052e-010 4.72348e-008 6.49051e-009 3.40991e-008 2.2925 0.799808 
0.0496232 1.92135 0 0.0628433 0.00021464 1.15598 0.708457 0.0189627 
1.84944e-010 0.00690221 0.000302781 1.65629 0.000886819 0.019522 0.137202 1.74652 
0.952556 1.71145 1.38944 0 0.256016 0.0089827 0 0 
1.65239 0 0 0 1.61049 0.218798 0.00135331 0.83371 
2.9376e-008 4.09206e-009 3.21005e-008 3.21792e-008 2.02553 0 1.06496 1.35084 
0.0302043 2.39048 0.114727 0.0590073 0.0109461 0.393859 0 0 
0.153279 1.76821 0.0835097 0.0200149 1.3289 1.11762 3.02414e-005 0.00961785 
5.4513e-006 1.84114 1.97315 0.0920166 0.000127062 0 0 0 
6.63577e-011 3.22822e-008 1.20479 0.202608 0.738195 0.02555 0 2.10853 
1.08144 1.06466 1.20502 0.0605259 1.28497 0.0380334 0.0214247 0.299847 
0.100028 2.36801 0.167246 0 0.0713189 0.237664 0.168565 0.0400277 
1.68477 1.20379 0 0.000491217 0.0930975 1.24724 1.05553 0.0271703 
0.00218187 1.05187 0.00683801 0.17666 0.0144654 1.07744 0.000802856 1.99792 
1.89452e-013 6.42516e-008 1.36835e-008 2.45168 0.671756 0.00129909 0.156276 0 
0.0263964 0.819748 1.65677 0.150629 0.281346 0.377289 0 1.186 
1.09577 1.09075 0.0732141 0.539553 1.20122 3.08132e-005 0.0561278 1.12368 
1.63884 0 0 1.54024 0.92897 0.0129405 0.00748838 0 
4.8656e-007 0.0406948 2.05704 1.86198 0 0.000745094 0.000567606 0 
5.15645e-008 1.92441 0.166846 1.62495 0.000346704 0 0 0.870815 
0.000254398 0.12931 0.1339 2.33037 0.299399 1.20647 0.244742 0.0170862 
0.306368 0.884974 0.179251 0.177921 1.27805 1.60524 0.0566401 0.501552 
1.90334 0.0684104 0.259338 0 1.43602 0 0.0138152 0.192208 
2.33712 0.0343168 0.970101 0.00716559 0.0128486 0 1.16973 0 
0.0504796 1.65591 0.0211862 0 0.00975658 1.89753 0 0 
2.54613 0 0 0.000820953 0 0.0366061 0.80103 0.00120549 
2.28361e-009 4.66349e-008 6.60849e-010 1.7427 0 0.00533401 2.36934 0 
0.000682014 0.564726 1.48532 0 0.00871033 1.59518 0.000294949 1.38765 
9.41862e-010 0.0351508 1.4681 0.416837 1.14584 1.19773 0.248221 0.179583 
1.6355 1.63769 0.327028 0.377824 0 0.289028 0.224499 0 
2.19303 0.529125 0.195684 0.422534 0 0.0235981 0.315994 0 
1.86754 0.00720781 0 0 0.0225931 0.0069468 0.99456 1.45716 
3.88465e-006 1.62525 0.000996806 1.54942 0.604891 0 0 0 
2.29505 0.209193 0.0460719 0.000169382 0.825528 0.0242938 0.00201761 0.0175111 
3.86902e-023 1.44394e-015 5.38885e-008 1.76881e-008 2.11672 1.3342 7.69383e-005 0.0105344 
0.115865 2.0242 0 1.06662 0.0134381 0.010623 7.61921e-005 0 
0.433694 1.8328 0 1.52704 0 0.0280373 0.12148 0.0538207 
0.246731 2.02367 0.107082 0.282562 0.275056 0.181428 0 0.728468 
0.001485 0.00152874 2.08576 0.727545 5.96065e-005 3.83829e-005 0.0609411 0.99583 
0.0710429 1.44339 0.020603 0.00689749 0.00604478 0.000395812 1.88747 0.0131704 
1.92905e-008 0.719931 0.468532 1.17665 0.689968 1.00343 1.74153 0.0429944 
2.51387e-013 6.86203e-008 2.56095 0 0 0 0 0 
1.04369 1.04624 0.208807 0.241241 0.416589 0.150057 0.148263 1.79903 
0.015251 0.804152 0.0303719 2.06999 0.284864 0.0348586 0.0534345 0.781515 
0.162399 2.00056 0.258519 0.326874 0.438428 1.11966 8.90495e-005 0.231199 
0.0619205 1.22293 0 2.19363 0 0.00490794 0.000992669 0 
1.79892 3.01025 0 0 0.0434719 0.0130444 0 0 
1.03354e-013 3.4907e-008 3.74099e-008 4.8036e-008 2.61921 0 0 0 
3.17623e-009 0.118539 0.28506 0.361046 0.367444 0.302308 2.28233 0.319745 
5.39264e-008 1.54469e-009 2.01339 0 1.21469 0.0368847 0 0 
1.93888 0.351817 0 0 1.17835 1.05429 0.0636099 0 
0.0340074 1.10736 0.0456083 0 0.576539 1.43285 0 1.81111 
6.52537e-011 0.0024353 0.00252886 1.83533 1.37198 0 0.0680858 1.04375 
9.05683e-009 0.338006 0.00355457 2.12017 0.270999 0.300712 1.16323 0.195421 
8.73422e-010 4.90164e-010 3.37039e-010 5.75777e-008 2.47453e-008 2.33921 0.756565 0.0665816 
1.90758 0.809165 0.291613 0.257992 0.449847 0.862781 0 0 
0.00331018 0.57074 0.573297 0.759472 2.37438 0 0 0 
0.00333928 0.00965579 0.000198507 1.98116 0.0236068 0.0039076 1.34076 1.00779 
0.244825 2.35438 0.113604 0.0309103 0.0108357 0.389888 0 0 
0.00621143 1.99096 0.0443263 1.51292 0.000115512 0.0343277 0.261291 0 
5.1096e-012 5.18275e-008 3.66092e-009 1.93905 0.00496663 1.2958 0.191718 0.942943 
2.51288e-009 2.73901e-012 6.22533e-008 4.54491e-008 6.3866e-009 2.88799 0 0 
3.76642e-014 3.73723e-014 1.9802e-006 3.03066e-006 0 135.109 95.0808 0 
4.82225e-008 5.25621e-011 1.79969 1.31283 0.184452 1.50512 0 0.0182931 
0.767526 0 0.258218 0.423297 0.227078 64.9251 60.2958 38.1659 
3.32686e-006 1.94387 0.137168 0 0.564434 0.202842 1.07197 0.0385012 
0.012306 0.476496 0.0518539 1.85241 0.513343 1.00734 0.779115 0.0189717 
2.57796e-016 9.6211e-009 1.34898e-007 4.43906e-008 5.31218 0.363324 0.000287362 0.0234457 
0.000594601 0.019505 0 1.2351e-005 0.000114914 2.09347 0 1.40188 
0.0204816 1.62031 0.347944 1.59648 0.00619395 0.00129468 0.648021 3.76754e-005 
9.24807e-006 2.56087 0.00664585 0.0331651 0 0 0 0.0394008 
0.00116785 0.60605 0.0657062 2.35435 0.305633 1.25471 0.000105186 0.0171889 
0.000209756 0.0361171 1.82747 1.65415 0 1.06883 0.0288837 0.687373 

