0.197858 0.556504 
0.304016 0.449963 
0.476806 0.310552 
0.352826 0.407163 
0.778228 0.119149 
0.288281 0.464123 
0.403478 0.365862 
0.125067 0.648037 
0.430719 0.344785 
0.183575 0.573676 
0.361064 0.400083 
0.941159 0.0309078 
0.905353 0.049259 
0.466214 0.318428 
0.00924029 0.905773 
5.41893e-06 0.99957 
0.058061 0.760839 
0.296184 0.456678 
0.0729339 0.731809 
0.923223 0.0405924 
0.646576 0.196976 
0.58891 0.233713 
0.735606 0.143322 
0.153801 0.609453 
0.11751 0.65881 
0.62235 0.212156 
0.161358 0.599848 
0.658681 0.189578 
0.110163 0.669599 
0.448507 0.331467 
0.413358 0.358425 
0.205867 0.547775 
0.61172 0.218893 
0.311872 0.442721 
0.837936 0.0857012 
0.979223 0.0114892 
0.34424 0.414401 
0.495556 0.297191 
0.600473 0.226027 
0.634145 0.204426 
0.369365 0.393664 
0.265384 0.486162 
0.792962 0.110384 
0.336155 0.421768 
0.750106 0.135038 
0.807602 0.102571 
0.24983 0.501373 
0.52532 0.276345 
0.146598 0.618826 
0.578051 0.240769 
0.385798 0.380359 
0.0176267 0.86898 
0.0342564 0.816329 
0.886321 0.0593834 
0.168272 0.590713 
0.0880491 0.705049 
0.0805805 0.717759 
0.139662 0.627959 
0.227542 0.52418 
0.856154 0.0756126 
0.132186 0.637927 
0.557148 0.254554 
0.505594 0.289959 
0.320219 0.435746 
0.175634 0.58191 
0.439409 0.338191 
0.457796 0.32454 
0.102943 0.681007 
0.670871 0.18192 
0.421273 0.351809 
0.545642 0.262554 
0.27311 0.478942 
0.535699 0.268955 
0.870634 0.0680502 
0.722483 0.15106 
0.696699 0.166595 
0.190327 0.565185 
0.378248 0.386237 
0.567496 0.247769 
0.683699 0.174043 
0.0423139 0.796128 
0.708777 0.159216 
0.999604 0.001522 
0.095379 0.693354 
0.328391 0.42811 
0.212799 0.540208 
0.257591 0.493505 
0.959681 0.0212786 
0.486824 0.304135 
0.515628 0.283097 
0.0261181 0.839801 
0.0653204 0.745765 
0.822841 0.0939188 
0.219956 0.532379 
0.394632 0.372987 
0.0503068 0.777603 
0.242459 0.50896 
0.763758 0.126984 
0.235242 0.516323 
0.280845 0.471297 

