0.983731 0.190708 0.000177317 9.68772e-005 3.62645e-005 
0.000101407 0.535031 0.260251 6.24059e-005 0.804553 
0.000215768 0.895833 2.95051e-006 5.84895e-005 0.450339 
0.80352 0.263429 0.000316899 0.0125697 0.536165 
0.816071 0.000153632 7.10052e-005 0.527462 0.271565 
3.77044e-005 5.6318e-005 1.95734e-005 0.447158 0.895564 
9.65119e-006 0.269195 0.53811 0.806119 0.000146022 
3.11553e-005 0.000153414 1.6251e-007 0.191244 0.982953 
7.99786e-005 2.29513e-007 0.444544 0.897562 1.80751e-005 
0.31333 0.638062 0.000340015 0.631422 0.316983 
1.88333e-005 0.536735 3.37735e-006 0.802607 0.26467 
0.320945 0.634688 0.31252 0.63072 6.4643e-007 
7.97366e-006 0.700171 0.00072672 5.11392e-005 0.722847 
0.248356 0.941459 8.16002e-005 0.244815 0.000699962 
0.539577 0.00183624 0.803796 0.270031 0.000203944 
0.000235182 0.982129 8.11172e-005 2.03356e-005 0.19632 
0.235517 5.6158e-005 0.944359 0.233875 5.7852e-005 
0.808716 4.32959e-006 0.536008 5.1812e-005 0.26887 
1.88869e-005 0.810415 1.29991e-005 0.538307 0.27331 
0.580025 0.579283 0.577732 1.79237e-006 5.69637e-005 
0.637616 0.000186989 0.629061 0.313053 0.320462 
0.289759 0.288538 2.79108e-005 0.869111 0.287036 
0.926736 0.000496576 5.34918e-005 0.46131 8.96834e-005 
7.89272e-005 0.233047 0.231726 3.33342e-006 0.946922 
0.265042 0.805204 0.531869 5.29795e-005 0.000366309 
1.00419e-005 2.10641e-006 1.00387 3.9849e-005 1.06471e-005 
0.981855 0.00113249 0.194554 2.54748e-005 1.89746e-005 
0.000252007 0.000241365 0.441046 1.14855e-005 0.898958 
0.80874 0.00281364 0.266981 4.53275e-005 0.535441 
0.00283888 0.23322 0.00108362 0.229965 0.94934 
0.290616 5.05507e-005 0.28904 0.869388 0.288798 
1.35346e-005 0.262699 8.94992e-005 0.522037 0.818616 
0.981768 0.000105247 0.000178668 0.195701 3.11198e-005 
1.84819e-009 1.48099e-005 0.197151 0.983007 1.764e-006 
0.449633 0.899 9.31489e-006 0.000382026 0.000646893 
2.50091e-007 6.17602e-005 0.236461 0.23625 0.944432 
0.368204 0.367067 0.373067 0.696072 0.327009 
0.601919 0.597668 2.80617e-005 0.593628 1.92988e-005 
0.944667 0.000237993 0.233463 0.000962405 0.233609 
0.287901 0.286233 0.285261 0.870087 0.000104725 
0.264607 6.48664e-005 0.803498 0.537202 9.98405e-006 
0.806192 0.267882 0.000316654 0.533315 1.35218e-005 
0.535477 0.000245063 0.00013284 0.25883 0.806316 
0.267515 0.000484867 0.534903 3.17243e-005 0.80218 
3.5455e-005 0.237196 0.944519 0.235028 0.000202554 
0.00025305 0.82394 0.201743 1.47633e-005 0.546647 
0.236197 0.945298 8.78609e-005 0.000486867 0.233874 
8.84094e-006 0.196072 2.45758e-006 0.989166 2.06671e-005 
6.30933e-005 0.448804 0.894531 5.93194e-005 4.57457e-006 
0.287324 0.864516 0.290668 9.73589e-005 0.301364 
3.18283e-005 0.718442 6.56578e-005 0.715446 0.000303849 
0.805276 0.000520788 0.532785 0.264519 5.01221e-005 
9.29588e-005 0.537881 0.266381 0.80459 7.65134e-005 
0.636004 0.63167 2.98631e-005 0.317798 0.314398 
0.198074 0.980725 6.44311e-005 1.59677e-005 1.13908e-005 
0.291032 0.868817 0.000905723 0.285858 0.288271 
0.868272 0.291189 0.286763 0.285728 4.02638e-005 
0.28884 2.28841e-006 0.876408 0.28923 0.292296 
0.53638 0.802056 0.266448 6.35277e-005 4.12899e-005 
1.00454 0.000148236 9.3088e-006 0.000103743 7.98691e-005 
0.31071 0.635501 0.314765 0.000108123 0.635267 
0.634528 0.316769 0.000210657 0.634135 0.313054 
0.536607 0.267822 2.65575e-005 0.802217 2.6487e-005 
0.897073 0.449093 3.00539e-005 9.53654e-005 4.56722e-005 
0.982066 0.000327252 9.0707e-006 7.59796e-005 0.211343 
0.234505 4.89761e-007 0.000676498 0.942161 0.244411 
0.272917 9.0175e-005 5.48439e-005 0.532897 0.804579 
3.17182e-005 0.802831 0.26658 0.535845 0.000455528 
0.538438 0.00237054 0.267894 0.801558 2.39606e-005 
0.635527 0.000930288 0.312398 0.635171 0.31571 
3.25521e-006 0.0041119 0.00140769 0.73665 0.74029 
6.43859e-005 0.539041 0.802992 0.269761 0.00020374 
0.807462 0.268327 0.536839 5.08171e-005 0.000130942 
8.02594e-005 0.294587 0.867156 0.289654 0.287505 
5.51581e-005 0.870623 0.289091 0.287231 0.290118 
0.262678 0.00145206 5.83958e-006 0.804263 0.534934 
0.536157 7.87052e-005 0.802326 0.000230524 0.26841 
0.537375 0.000427972 4.20904e-006 0.803564 0.265068 
0.238192 0.000128044 0.94577 0.000234372 0.237403 
0.232666 0.00556611 0.231413 3.32891e-006 0.945642 
2.0209e-005 0.451872 3.76512e-005 0.904099 2.68174e-006 
4.41609e-007 3.17261e-005 2.16089e-008 3.5737e-005 1.00321 
0.53594 0.802104 0.000107462 0.00292182 0.268218 
0.89366 0.000198275 3.73277e-005 7.95507e-006 0.451487 
0.943937 0.236973 8.60056e-006 6.67822e-005 0.238113 
0.27342 0.535329 0.000186302 0.801525 0.000748221 
0.64069 0.318648 0.318084 0.628991 1.26413e-005 
0.00326635 0.57598 0.580548 8.80537e-006 0.578702 
0.867719 0.288389 0.00088863 0.289474 0.290692 
8.41561e-005 0.267013 1.62858e-005 0.802267 0.536049 
0.536744 0.803225 2.88972e-005 0.264645 0.00022058 
0.000903369 0.237471 0.942914 0.000233664 0.236685 
0.316911 2.65787e-006 0.636653 0.632002 0.314862 
0.289499 0.867975 0.287399 0.299422 0.00437559 
0.804961 0.535519 0.266018 0.00010525 1.33937e-005 
3.99969e-005 0.45011 2.90201e-005 7.71455e-006 0.893798 
5.68079e-005 0.237728 4.52473e-006 0.944507 0.237103 
0.000851062 0.803393 0.533754 0.270277 1.36944e-005 
0.535912 0.00099129 0.266855 1.0512e-005 0.802997 
8.18839e-007 0.000191428 0.708022 0.711996 0.000193467 
2.08765e-005 0.895769 9.40557e-005 0.448362 1.32317e-006 
0.000253249 0.634756 0.31792 0.632357 0.316368 
0.000105244 0.895518 0.449012 4.44357e-008 0.000111976 
0.536469 0.267411 0.801648 0.000191703 0.000108845 
0.236804 0.000403596 0.236988 0.944677 0.000319151 
0.000647931 0.321103 0.633596 0.632286 0.314714 
0.316053 0.635608 0.634317 5.28464e-005 0.31135 
0.273697 0.80178 2.33042e-005 0.534833 7.82431e-005 
0.946194 0.000330755 0.234906 0.232431 0.00256023 
0.804994 0.53268 0.00167571 0.264145 0.000141631 
0.000297806 0.000194247 0.692446 4.71979e-005 0.723772 
0.86946 6.88854e-006 0.286282 0.286911 0.288133 
0.631427 0.634559 0.318412 0.319303 5.68012e-005 
0.309824 0.323604 0.629665 0.000175843 0.641988 
0.196883 6.42425e-005 0.983063 2.59971e-005 5.42295e-005 
0.633837 0.3176 0.000525741 0.314333 0.633248 
0.317451 0.317446 0.0016628 0.633297 0.63673 
3.41449e-006 3.19651e-008 0.000402647 0.993022 0.198357 
0.449657 1.84876e-005 0.89705 2.58573e-005 0.000155831 
0.899297 0.000288373 0.444545 2.53801e-005 2.40902e-006 
0.86792 0.291863 0.289603 6.57953e-005 0.286099 
0.00679041 0.579967 0.00010298 0.568026 0.587361 
0.575897 8.59545e-005 0.580455 8.80397e-006 0.57861 
0.450545 6.68547e-005 9.408e-005 0.89592 3.19258e-005 
0.000413147 0.000243321 0.900887 5.31796e-005 0.448895 
0.000311843 0.941638 0.231934 5.75174e-005 0.249704 
8.8572e-005 0.281024 0.796978 0.00371493 0.535738 
0.000246457 7.05937e-007 0.536841 0.804121 0.267034 
0.000346828 0.577476 0.576794 0.580045 0.000134776 
0.000474606 0.948437 1.15787e-005 0.238085 0.236697 
0.708365 1.55888e-007 6.13516e-005 0.000591364 0.70789 
0.000154783 0.943837 0.235186 0.235305 6.85603e-005 
0.000593656 0.194238 0.00104733 0.00201494 0.98879 
0.579652 0.000398937 0.575614 0.578583 0.000135903 
0.354111 0.355078 0.708081 0.355356 0.356728 
4.0294e-006 0.000219865 0.277942 0.530586 0.802697 
0.197878 6.13958e-005 1.56042e-005 0.985549 4.49613e-005 
0.63686 0.317071 0.631773 0.315271 8.02115e-005 
0.000168821 0.325407 0.630587 0.312547 0.636649 
0.000543366 0.805605 6.04184e-005 0.268384 0.535967 
0.807553 4.76857e-005 0.267045 0.532488 1.505e-005 
0.710034 0.709094 0.000186617 1.67358e-005 1.35495e-005 
1.03855e-005 0.236557 0.236255 0.946924 0.000135067 
0.23745 0.237142 4.21536e-005 0.949387 6.59446e-005 
0.000122533 0.805786 0.53533 4.51554e-005 0.261483 
0.947118 0.231633 0.232635 2.56375e-005 0.000838412 
5.1598e-006 0.000325112 1.0002 0.199375 8.22544e-005 
8.93948e-005 0.000177102 0.532316 0.263827 0.808132 
2.37886e-007 0.00192545 0.232832 0.94575 0.238625 
0.287494 0.286035 0.867241 0.293123 0.000435253 
0.272138 0.539396 0.809142 7.78234e-005 3.77015e-005 
0.574376 0.000461759 5.10992e-005 0.566313 0.593501 
0.000192691 0.981332 0.195881 5.93127e-005 4.57405e-006 
4.51958e-005 0.535735 0.801859 0.000171652 0.268237 
0.287528 9.78552e-005 0.289682 0.289435 0.869369 
0.289331 0.29129 0.866105 0.000217622 0.288668 
0.000472658 0.000243726 0.566537 0.566346 0.599787 
0.000575724 0.636012 0.636186 0.318759 0.314199 
2.27607e-007 3.1438e-005 0.902649 0.451724 1.34256e-006 
0.57977 0.577751 3.51504e-005 6.14489e-005 0.576294 
4.30224e-008 9.93646e-005 0.2662 0.804785 0.53445 
1.07688e-009 4.33678e-005 0.195081 0.000753406 0.98294 
2.35019e-012 6.40591e-011 8.67251e-007 1.00348 2.6219e-007 
0.317989 0.000463461 0.316406 0.633631 0.632523 
0.000176685 1.00168 1.04345e-007 3.85073e-006 7.91641e-005 
0.316987 0.635346 9.99938e-005 0.315848 0.633721 
0.342411 0.340522 0.343771 0.358114 0.725144 
0.711103 0.000238876 0.000132128 0.707215 4.65484e-005 
0.269247 0.538335 5.38399e-006 0.000228763 0.805989 
0.295601 0.305041 0.298967 3.02259e-007 0.91492 
0.238054 0.23939 0.000126406 2.5763e-005 0.957511 
0.00217823 0.291474 0.289437 0.871214 0.289409 
0.631599 0.315281 0.325111 5.4666e-005 0.631292 
1.8011e-005 0.00515774 0.00170598 0.920788 0.486261 
7.32942e-006 1.45845e-006 0.807588 0.528486 0.275087 
0.946929 0.00129882 0.0008359 0.239196 0.237126 
0.000106958 0.636961 0.316627 0.317712 0.630151 
0.317197 0.632873 0.633471 0.317458 0.000134683 
0.000220937 0.000312119 0.98159 0.000103029 0.195977 
0.269777 0.000750271 0.539276 0.807901 1.28895e-005 
0.363897 0.727625 0.320583 0.342905 0.348081 
0.293505 0.29074 5.43911e-008 0.286411 0.866883 
0.000115024 0.982069 2.6009e-005 0.196439 8.0774e-005 
0.1951 5.64295e-006 2.98861e-006 7.74413e-005 0.989183 
5.48468e-005 0.288149 0.290345 0.287907 0.868151 
0.71296 0.355203 0.347181 0.353001 0.356232 
0.0030842 0.314665 0.314306 0.627043 0.642779 
3.70557e-007 0.000741522 0.945903 0.237456 0.236066 
6.35486e-005 0.532643 0.00054639 0.267793 0.809156 
0.236512 0.236889 0.947234 6.21324e-005 0.000150749 
0.451573 6.27899e-005 0.000714941 1.16074e-005 0.896704 
0.32087 1.67007e-005 0.630314 0.315358 0.635972 
0.644664 0.633621 0.318699 0.000164705 0.314562 
0.266176 0.803227 0.000121416 0.000364878 0.536475 
0.805802 0.000268516 7.61816e-005 0.269929 0.53419 
1.13658e-005 0.273013 0.807421 0.540261 6.46321e-007 
0.945226 0.234825 0.000282464 0.231951 0.000169841 
0.80523 0.533475 0.00212534 0.000230748 0.268669 
0.315762 0.320538 0.631794 0.634335 0.000314795 
0.634398 0.320452 0.635312 7.22613e-005 0.314555 
0.268218 7.63903e-005 0.802664 0.000115941 0.535557 
3.84977e-005 0.197305 0.981885 2.10998e-005 3.46305e-006 
0.7107 0.000106074 0.70574 1.07841e-005 2.65191e-005 
0.233218 0.000891427 2.07483e-005 0.229946 0.94926 
0.531708 0.261757 0.000240507 0.00506405 0.807479 
0.237691 0.945403 0.231745 1.53678e-005 0.000202967 
0.00375462 0.271014 0.533642 3.17488e-005 0.802797 
0.000634949 0.000414274 0.800915 0.267052 0.538955 
7.32483e-005 0.709263 0.70848 5.96303e-005 2.05278e-005 
0.646081 0.0225372 0.321356 0.322458 0.624882 
0.277113 0.284489 0.837802 0.00021051 0.378274 
0.302268 0.000695457 0.30063 0.904249 0.0943351 

