0.887473 0.0587207 
0.505742 0.290093 
0.303959 0.449667 
0.139247 0.628422 
0.420453 0.35265 
0.280904 0.471254 
0.242497 0.508652 
0.227547 0.524597 
0.049895 0.777682 
0.403727 0.365813 
0.219465 0.532466 
0.854863 0.0761201 
0.807657 0.102133 
0.0580046 0.760465 
0.320006 0.435708 
0.394046 0.373708 
0.683572 0.174232 
0.287947 0.464348 
8.04251e-09 1.00153 
0.778051 0.11876 
0.265169 0.486183 
0.589014 0.23361 
0.360773 0.400519 
0.12461 0.64804 
0.0881413 0.704419 
0.536018 0.268932 
0.2124 0.539885 
0.153844 0.609259 
0.343856 0.414578 
0.556711 0.254607 
0.697015 0.166448 
0.249854 0.501621 
0.43981 0.338108 
0.476341 0.31126 
0.923641 0.0397231 
0.763317 0.127294 
0.190093 0.565548 
0.386336 0.37958 
0.0423189 0.795744 
0.0808205 0.716858 
0.514424 0.283804 
0.175848 0.581658 
0.839404 0.0848258 
0.708714 0.159011 
0.567297 0.247751 
0.204862 0.548924 
0.377597 0.386445 
0.941106 0.0308173 
0.959965 0.0211517 
0.45754 0.324602 
0.52533 0.276283 
0.79274 0.110456 
0.822903 0.0935341 
0.146419 0.618632 
0.870425 0.0677017 
0.272705 0.478818 
0.00932761 0.904922 
0.311721 0.442681 
0.327348 0.429038 
0.197707 0.556761 
0.485576 0.304423 
0.369938 0.392652 
0.0177062 0.869106 
0.161008 0.599625 
0.412429 0.358836 
0.234678 0.516709 
0.736115 0.142972 
0.646711 0.196773 
0.722046 0.151108 
0.448257 0.331753 
0.979797 0.011073 
0.546181 0.262054 
0.117473 0.658893 
0.182865 0.573762 
0.999355 0.00104944 
0.466973 0.317814 
0.430794 0.34514 
0.495914 0.297059 
0.102663 0.681062 
0.0649728 0.746137 
0.335692 0.421641 
0.634832 0.204188 
0.132023 0.638114 
0.0262095 0.839496 
0.578175 0.240618 
0.623303 0.211297 
0.257218 0.493775 
0.905053 0.0492664 
0.670992 0.18154 
0.168111 0.591162 
0.0951439 0.693098 
0.749548 0.135002 
0.296245 0.45681 
0.0727163 0.731652 
0.353029 0.40733 
0.600599 0.22591 
0.0344119 0.816007 
0.612158 0.218559 
0.110011 0.66973 
0.659298 0.189082 

