1.19821e-011 9.70704e-026 5.77861e-025 2.39661e-008 0.894429 5.789e-117 2.33527e-025 1.3125e-063 3.41261e-057 0.447216 
1.5048e-008 3.58952e-009 0.577356 1.74734e-066 0.577347 1.79627e-053 1.47498e-018 9.09996e-054 0.57735 5.30559e-096 
1.54707e-008 0.577376 1.43827e-066 0 3.8004e-055 2.01117e-063 0.57738 5.11152e-070 0.577377 4.03343e-063 
0.577354 3.71813e-031 2.14508e-065 7.40736e-139 0.57736 3.32653e-042 0.577362 2.10796e-020 3.76264e-016 0 
1.54703e-008 0.577362 3.63645e-013 0.57737 0.577334 1.72556e-089 8.50052e-028 3.30047e-059 3.18536e-040 1.15767e-050 
4.14519e-016 3.8091e-046 1.54701e-008 1.95251e-089 0.577351 0.577351 0 5.47625e-050 0.577352 1.02591e-074 
4.14873e-016 1.54833e-008 9.75414e-021 0.577844 8.77708e-043 0.57784 7.38426e-030 1.08729e-049 2.67784e-040 0.577835 
0.0936034 0.0944326 0.0851451 0.0919377 0.0842276 0.966763 0.0751725 0.0741137 0.0855536 0.0861836 
1.05934e-016 1.09915e-016 6.16186e-016 2.36916e-008 3.66178e-009 8.02911e-157 1.17099e-031 0.894682 0 0.447341 
1.48463e-008 4.37986e-009 0.577681 4.88822e-024 2.50951e-024 3.71157e-089 4.61041e-107 0.577687 0.577682 2.65455e-068 
0.580117 0.580153 0.579993 2.02857e-157 1.14964e-015 2.92313e-054 2.55664e-019 3.59245e-059 3.84736e-067 3.42144e-073 
8.37893e-009 1.20756e-009 8.48115e-009 1.42359e-061 0.447216 3.57016e-028 1.738e-037 3.72702e-019 0.894432 1.28399e-020 
0.447218 2.06863e-014 5.70765e-013 0.894428 2.24741e-036 1.80353e-055 4.04042e-024 2.07182e-048 1.82955e-058 2.57534e-052 
8.25778e-009 8.51062e-009 3.16001e-021 1.38025e-280 1.75256e-009 0.447369 0.894742 4.84713e-041 8.32938e-026 4.33262e-065 
0.103452 0.107338 0.104073 0.0924465 0.116837 0.135729 0.0965074 0.0619015 0.687679 0.667816 
0.578853 0.578826 2.98233e-264 0.578741 1.33971e-075 2.83112e-012 1.35189e-012 1.57833e-014 1.58143e-070 3.91704e-248 
2.67949e-008 4.85155e-029 1 1.09312e-020 3.37057e-058 5.62453e-012 8.60371e-018 4.49612e-022 1.1232e-021 1.82694e-042 
1.20101e-008 0.448223 5.48608e-033 4.01026e-018 0 0.896448 2.24609e-029 4.59417e-145 0 5.42325e-057 
0.59658 2.50493e-067 1.63843e-045 1.88818e-070 3.83617e-044 4.23062e-046 0.596583 4.08955e-066 1.04289e-029 0.596577 
7.90937e-018 4.14579e-016 3.86742e-076 2.63256e-166 1.54751e-008 1.24508e-076 0.577541 8.96684e-021 0.577547 0.577543 
1.54947e-008 0.578269 1.34295e-086 1.50029e-044 0.578269 9.33163e-028 1.64891e-018 1.32052e-047 0.578272 1.49658e-022 
0.577351 3.63263e-031 4.60161e-191 4.45959e-082 0 0.577351 0 0 0.577352 1.16071e-074 
0.0684794 0.0734999 0.0877712 0.110803 0.965372 0.088435 0.0793227 0.0893289 0.0995173 0.0902645 
0.0795502 0.0719683 0.0752613 0.0763051 0.0855958 0.114484 0.965165 0.0965122 0.0979665 0.0902584 
1.19831e-008 1.06664e-056 5.29869e-073 8.48953e-089 1.7293e-019 1.4864e-045 0.447217 1.76695e-024 0.894435 6.67321e-063 
2.39661e-008 0.894428 0.447214 1.38487e-120 1.45574e-044 1.82941e-036 7.25493e-112 4.98743e-032 3.64732e-040 6.9034e-160 
1.54725e-008 2.54821e-028 0.577444 0.577377 4.77525e-030 2.78418e-054 2.11484e-036 8.53525e-047 0.577403 3.60821e-066 
0.115062 0.110644 0.106936 0.6766 0.665221 0.117817 0.106112 0.112735 0.11406 0.110883 
2.6795e-008 3.59149e-078 4.78926e-093 0 1.42443e-084 1.07051e-030 1.35599e-036 2.11832e-041 1 3.64324e-054 
1.54699e-008 0.577347 3.5627e-041 0.577344 9.67049e-108 2.32237e-010 5.51421e-017 8.65041e-047 0.577378 1.7857e-065 
2.40001e-008 0.895697 1.41163e-035 4.87119e-013 0.447847 8.49492e-091 3.1818e-018 8.62967e-042 2.44983e-018 4.97473e-048 
1.54862e-008 0.577954 2.66754e-083 9.70484e-010 2.31264e-024 1.20409e-027 1.67636e-018 0.577956 0.577959 2.6409e-068 
1.09097e-008 1.09103e-008 1.45055e-009 0.578359 2.40274e-028 3.711e-024 0.578365 0.578364 5.24408e-010 4.6607e-040 
2.39661e-008 0.894429 4.10145e-077 0 4.62651e-014 3.5358e-015 0.447215 4.68418e-023 2.2928e-042 2.96411e-046 
3.21085e-016 1.19831e-008 4.61638e-095 1.85553e-147 0.447215 3.7868e-013 1.3895e-042 0.894431 8.56605e-093 2.31126e-048 
0.106651 0.674261 0.120054 0.110146 0.106948 0.114961 0.125893 0.668093 0.114313 0.109064 
1.19831e-008 0.447214 5.45309e-015 0.894428 9.17424e-038 7.28912e-101 1.35047e-012 5.17292e-012 2.44661e-018 2.66153e-048 
1.40429e-009 1.5407e-008 0.577382 0.577387 6.41025e-031 6.65547e-032 2.15647e-028 7.05203e-048 0 0.577377 
0.102295 0.106146 0.107102 0.0989181 0.673478 0.112582 0.109304 0.110967 0.677097 0.109393 
2.6795e-008 0 1.20558e-065 0 2.46824e-029 4.81412e-028 1 2.40761e-065 1.76327e-035 1.54905e-048 
6.4217e-016 2.59234e-224 2.39661e-008 0.894428 3.55614e-023 1.18837e-015 0.447215 3.06695e-041 1.9471e-171 2.96411e-046 
1.08524e-008 1.10265e-008 0.577393 5.30484e-046 0.577389 4.56888e-012 7.50954e-050 7.25269e-040 3.15977e-047 0.577384 
0.577354 2.46751e-041 0.577366 1.10463e-040 3.68007e-062 2.33806e-029 4.24868e-020 1.87183e-024 0.577362 1.95079e-009 
0.577353 7.4179e-071 1.51063e-067 1.5567e-034 8.58838e-014 0.577351 0.577353 3.51431e-059 2.33274e-016 3.9123e-062 
0.65357 0.0946332 0.111433 0.13116 0.102068 0.689981 0.104059 0.112751 0.114101 0.10916 
1.32108e-008 1.43462e-050 8.04949e-009 7.15488e-036 9.96728e-073 0.577347 8.61959e-033 0.577359 5.43462e-055 0.577351 
0.111599 0.115766 0.676697 0.103172 0.10947 0.115253 0.104991 0.111143 0.117312 0.667444 
1.19831e-008 5.17516e-034 0.447218 2.05919e-150 0.894431 1.55589e-034 5.31448e-064 1.10947e-060 4.30474e-040 1.32197e-137 
1.53842e-016 5.74148e-009 7.03734e-058 4.07809e-009 9.74174e-009 1.76963e-019 0 0.448619 0.897238 4.58742e-036 
9.46807e-031 3.53354e-023 3.3021e-016 1.23236e-008 8.10842e-068 1.17865e-094 0.459924 3.92462e-023 5.053e-076 0.919849 
0.447377 0.894769 2.16246e-029 1.29905e-048 1.68194e-013 1.44097e-023 1.19875e-029 7.44704e-047 1.08097e-222 1.30826e-077 
0.666835 0.139973 0.104835 0.111874 0.0858959 0.108057 0.107724 0.120702 0.0949424 0.679662 
1.547e-008 4.16581e-013 0.577349 0 0.577356 1.69143e-014 0.577366 4.37276e-054 6.92353e-036 1.46522e-106 
0.0875319 0.672634 0.117263 0.102191 0.107876 0.115455 0.10068 0.111372 0.675874 0.111341 
0.110497 0.11465 0.114801 0.106371 0.675706 0.11626 0.664745 0.112463 0.117257 0.111319 
3.83213e-014 1.55034e-008 0.578595 0.578602 1.47744e-031 1.28803e-037 0.5786 2.98806e-028 6.18107e-062 2.19297e-019 
4.14519e-016 1.54701e-008 1.63064e-085 6.7616e-041 0.577352 0.577351 2.0642e-035 0.577355 1.89411e-073 2.76729e-036 
0.577413 0.577315 7.3223e-083 4.09747e-012 4.2966e-069 0.577359 2.16801e-034 5.49775e-017 1.07585e-076 1.65595e-015 
1.53957e-008 1.71189e-009 1.06673e-078 0 2.15536e-011 8.93852e-023 0.578117 0.578122 1.18096e-070 0.578117 
0.0960225 0.101232 0.0934556 0.0977875 0.091646 0.103749 0.111501 0.656153 0.702707 0.100065 
2.39662e-008 7.09312e-029 0.894433 2.08886e-149 1.16771e-165 3.88376e-015 7.1938e-050 0.447217 7.03253e-028 5.54348e-030 
0.894438 6.99184e-022 0.447215 1.77437e-014 1.47895e-050 8.70764e-020 2.17634e-024 3.17048e-035 1.15636e-017 3.40983e-030 
0.447216 6.27276e-060 1.43271e-020 2.97754e-011 2.94097e-060 4.89184e-039 3.86096e-073 0.894431 1.05215e-016 2.3649e-089 
0.104412 0.108323 0.110027 0.0917555 0.10229 0.07335 0.120392 0.680983 0.108003 0.673039 
3.21085e-016 1.98368e-040 1.19831e-008 2.3539e-045 5.79297e-069 0.447215 1.578e-043 3.82663e-023 2.56315e-046 0.89443 
2.39659e-008 1.20315e-010 0.89443 1.35335e-016 1.98386e-007 9.09178e-150 2.35616e-025 5.84158e-033 1.16115e-038 0.447215 
1.547e-008 0.577347 4.48845e-083 9.16177e-013 0 9.18246e-047 1.65605e-019 0.577358 8.59306e-097 0.577348 
0.577741 2.47135e-041 4.08976e-083 1.21014e-048 0.577751 1.19509e-040 3.05411e-017 1.12135e-024 0.577745 2.59448e-065 
2.32788e-008 5.7387e-009 1.78617e-054 0 5.49769e-078 5.02099e-032 0.894787 2.01366e-019 3.27714e-030 0.447394 
6.43242e-016 2.40062e-008 2.90109e-021 0 0.895923 1.04913e-012 1.04359e-046 0.447962 3.03387e-019 3.74727e-054 
0.095077 0.0986571 0.0956523 0.0820404 0.0919388 0.135291 0.690348 0.112742 0.116254 0.66701 
0.577573 2.9501e-010 2.5664e-026 0.57757 0.577591 4.61708e-128 7.55432e-042 8.60196e-024 1.73541e-076 6.62787e-040 
2.39662e-008 7.09289e-029 4.03466e-013 3.99208e-021 6.58561e-078 3.3965e-028 0 0.89443 0.447215 3.60846e-049 
4.54822e-010 1.54636e-008 2.3825e-019 0.577359 0.577357 0.577356 1.23986e-017 4.10688e-025 1.01714e-016 9.66754e-018 
0.11286 0.117114 0.126758 0.104271 0.664654 0.676606 0.109016 0.107177 0.109805 0.107943 
1.54867e-008 0.577971 4.114e-009 4.63423e-048 0.577968 1.45595e-035 4.57347e-023 2.95753e-037 1.69911e-065 0.577962 
1.54794e-008 3.06429e-012 8.41501e-025 4.26466e-084 2.66695e-028 0.577698 0.577702 0.577704 1.20405e-044 4.92547e-042 
2.39088e-011 1.69451e-008 1.69481e-008 0 0.894429 6.57134e-068 3.8713e-037 6.30673e-025 0.447215 8.09126e-064 
0.0782507 0.104762 0.0949644 0.106525 0.0972015 0.661717 0.69175 0.112766 0.114201 0.109179 
0.116643 0.65242 0.10872 0.13132 0.100565 0.691999 0.104336 0.113051 0.114405 0.109294 
0.577356 4.36104e-036 3.2501e-040 1.23265e-021 8.57845e-032 2.72512e-014 0.577358 0.577345 1.89186e-073 3.55794e-035 
1.54702e-008 0.577355 5.66899e-105 9.82138e-140 8.57844e-032 2.71176e-014 0.577358 0.577344 1.96179e-073 1.96807e-044 
0.676408 0.0933472 0.130712 0.112489 0.666026 0.11136 0.104045 0.112826 0.109925 0.111352 
2.67728e-008 0 9.05179e-018 4.30069e-033 1.47428e-162 1.08834e-009 2.96731e-026 1 0 2.10972e-062 
1.1983e-008 0.447213 6.58759e-066 3.07947e-067 6.11274e-028 1.09884e-011 0.894431 1.00776e-096 1.9755e-039 9.92211e-034 
4.51707e-009 4.68683e-009 6.87627e-013 3.52723e-009 2.22709e-008 2.25212e-009 5.07072e-044 4.30762e-009 0.894473 0.447237 
0.0988152 0.683029 0.0924412 0.667129 0.0956286 0.112396 0.110469 0.107337 0.112714 0.109212 
4.1452e-016 1.54701e-008 0 0.577353 8.0293e-241 0.577352 0.577353 4.74714e-028 4.49567e-071 8.58821e-024 
1.54701e-008 1.42157e-038 0.577351 7.28685e-082 1.78758e-044 0.577351 0 5.47625e-050 0.577352 6.69267e-076 
0.0922177 0.67021 0.106201 0.082554 0.679786 0.112997 0.109696 0.113115 0.114081 0.110906 
1.19831e-008 0.447217 1.91721e-032 2.44464e-019 0.894428 2.79275e-054 5.06061e-029 1.66263e-084 1.99155e-061 3.66317e-044 
0.109425 0.113549 0.663541 0.105843 0.108549 0.682709 0.106722 0.130451 0.115109 0.111767 
1.54701e-008 0.577352 1.45949e-067 2.2851e-036 4.83287e-015 0.57735 0.577353 2.62042e-055 2.41991e-016 1.97076e-044 
5.8181e-010 1.54682e-008 1.69358e-021 0.577691 0.577687 1.22026e-035 4.57191e-023 3.60505e-037 4.22966e-043 0.577682 
0.0877765 0.0844062 0.0876656 0.967186 0.0941283 1.86197e-021 0.092287 0.0847975 0.109199 0.0843799 
2.14791e-008 1.0738e-008 1.14146e-021 0.896203 1.41441e-013 9.2204e-058 1.62803e-032 8.19117e-028 1.09715e-054 0.448102 
1.54701e-008 0.577353 3.56169e-041 0.57735 3.07508e-050 1.08968e-015 0.577353 1.50444e-023 3.7532e-171 3.49392e-145 
9.66698e-009 0 7.07309e-009 0.447036 1.77774e-023 3.16757e-013 0.894547 5.66605e-052 2.69095e-088 1.45847e-045 
0.577358 3.82735e-011 0.577351 7.0331e-113 2.09802e-065 3.18411e-026 2.40081e-014 3.32997e-058 8.093e-044 0.577349 
2.52394e-016 9.4195e-009 7.40725e-009 0.447215 0 4.24019e-041 3.27595e-030 0.89443 2.52388e-080 8.50056e-112 
1.5111e-008 3.31419e-009 2.32734e-074 2.48994e-023 0.577354 0.577349 0.577353 1.08829e-046 2.50968e-057 3.75964e-054 
0.894429 1.1843e-070 2.0855e-085 2.17027e-023 1.52724e-055 0.447215 5.06061e-029 1.71464e-045 2.63158e-083 9.67702e-048 
1.54702e-008 0.577355 5.14064e-056 0.577385 2.15309e-080 9.63957e-056 8.32231e-053 0.577366 8.17874e-032 2.79892e-052 
1.54702e-008 1.38906e-015 0.577357 2.04968e-013 2.29773e-181 0.577351 1.31131e-018 1.50899e-089 1.04064e-040 0.577353 
0.577404 0.577438 1.95118e-014 1.74796e-102 1.52839e-056 6.98444e-033 1.40632e-018 5.82417e-032 7.47615e-070 0.577417 
0.577352 1.05581e-052 1.042e-061 1.1566e-034 3.11279e-031 0.57735 2.65097e-040 0.577354 9.28872e-031 2.08352e-071 
1.19831e-008 7.92975e-075 0.447215 5.74612e-020 1.76578e-060 9.33889e-190 5.90477e-038 1.46933e-019 0.894431 5.32292e-096 
0.577397 1.19787e-070 0.577407 1.13686e-027 2.26387e-026 1.13426e-023 0.577403 2.41045e-064 5.94065e-061 1.60004e-059 
9.01598e-008 9.34999e-017 6.35762e-007 0 3.40145e-007 1.53061e-033 0.577966 0.577967 0.577971 1.77033e-067 
5.35602e-009 2.94628e-124 2.9209e-025 1.08799e-104 2.33496e-032 2.39826e-110 1.07233e-008 1.89587e-091 0.447342 0.894684 
0.57735 7.55007e-021 2.312e-011 3.90779e-211 0.577358 0.577351 8.28228e-018 4.05689e-025 3.2704e-031 9.23574e-054 
0.0915237 0.665165 0.674753 0.114768 0.135794 0.112987 0.109687 0.113105 0.114071 0.111392 
1.00001 0 0 0 0 0 0 0 0 0 
1.54718e-008 0.577417 0.57742 7.3731e-054 2.48847e-063 0.577421 1.04889e-053 1.28513e-055 2.41729e-070 2.43709e-019 
0.577365 9.67621e-025 0.577355 0.577336 2.17135e-190 3.0048e-033 1.60609e-018 3.09766e-046 6.05781e-041 6.45037e-050 
0.894422 0 2.73534e-282 1.21412e-027 1.00572e-059 6.54855e-037 0.447234 1.15647e-047 6.67768e-064 8.87333e-205 
2.39893e-008 0.895295 3.86772e-029 3.01417e-016 9.4823e-032 7.77513e-040 2.81578e-026 1.63482e-031 3.94527e-169 0.447648 
0.447214 8.85369e-009 6.57263e-013 1.12495e-016 8.80918e-030 2.86881e-027 1.73737e-037 4.54698e-023 0.894428 1.42103e-018 
2.39681e-008 1.29154e-031 0.894501 6.99568e-011 0.447249 1.1252e-069 7.88639e-019 1.34966e-060 2.44656e-018 3.94695e-046 
1.502e-008 3.70569e-009 4.09887e-093 0.577363 1.68319e-022 1.07464e-018 8.79717e-018 0.577367 0.577364 1.64471e-175 
4.14513e-016 1.54698e-008 0.577343 1.59709e-075 1.32712e-026 3.30163e-012 0.577346 9.29258e-014 0.577368 0 
1.54701e-008 1.98671e-078 0.577353 1.17996e-034 3.39482e-124 0.577351 0.577353 6.787e-032 0 4.14763e-062 
2.39662e-008 0.894432 4.09537e-014 0.447217 2.28683e-059 8.23723e-013 3.10619e-042 8.03787e-085 7.29908e-073 1.60538e-106 
3.56128e-010 1.69487e-018 1.39381e-008 1.94932e-008 3.12886e-173 0.894433 7.1938e-050 0.447217 5.96138e-049 1.04431e-223 
1.19831e-008 6.86227e-271 0.447215 8.78464e-038 2.16197e-061 4.05129e-063 1.578e-043 3.82663e-023 3.67713e-044 0.894431 
2.39661e-008 3.17332e-078 4.28364e-093 0.894429 1.52724e-055 0.447215 5.06061e-029 2.75091e-047 2.63158e-083 3.76918e-054 
0.096208 0.100053 0.963921 0.0971839 0.0970518 0.0886774 2.28984e-051 0.0959472 0.0919522 0.086618 
0.67418 0.674942 0.0970426 0.0964003 0.0969021 0.116544 0.110473 0.112821 0.114151 0.111403 
0.894474 1.40457e-073 2.3309e-045 6.07677e-022 6.72441e-071 1.72684e-032 1.12674e-016 3.42783e-037 0.447238 1.77953e-053 
1.54712e-008 0.577393 0.577396 0.577372 1.3237e-057 8.13768e-013 2.55708e-034 1.8544e-021 6.59814e-032 4.64565e-095 
0.577669 5.04818e-013 3.47106e-010 3.20333e-012 0.57766 5.221e-012 2.14867e-032 0.577644 1.06914e-056 1.33581e-049 
1.54765e-008 0.577593 4.94833e-016 6.78352e-113 1.57826e-015 1.09352e-021 6.84582e-045 4.60971e-082 0.577582 0.577591 
0.0613384 0.0713719 0.0630368 0.113283 0.113304 0.115473 0.0954761 0.0580993 0.964952 0.089093 
6.31726e-014 1.26746e-012 1.54702e-008 0.577356 3.11161e-045 0.577352 1.19963e-043 0.577351 1.30374e-009 3.02404e-047 
1.43888e-016 2.87782e-016 1.20078e-008 0.448139 2.81378e-077 0.89628 7.95705e-078 5.60298e-027 1.33673e-173 2.86833e-054 
0.120867 0.125418 0.111539 0.103625 0.106648 0.662698 0.0933192 0.110657 0.0926105 0.683093 
1.19831e-008 1.68078e-067 1.24682e-021 2.28626e-017 9.00183e-081 4.69713e-050 0.447216 0.894432 1.17204e-061 2.95212e-089 
0.0996832 0.103424 0.0942167 0.108556 0.0877177 0.669171 0.107127 0.121496 0.682188 0.107944 
1.20049e-008 0.448029 3.16696e-087 7.02011e-104 3.73278e-111 5.54737e-041 1.28694e-019 0.89606 1.28327e-091 8.60975e-053 
8.60344e-024 3.21085e-016 1.19831e-008 0.447215 1.98169e-045 4.56665e-070 1.578e-043 3.82208e-023 3.67713e-044 0.894431 
1.16795e-012 1.547e-008 1.17766e-019 2.70363e-049 0.577349 7.49693e-091 0.577353 0.577355 8.68791e-011 3.0031e-042 
5.13422e-023 1.99e-051 1.91612e-015 1.19831e-008 0.447214 6.10714e-015 0.894432 7.27048e-023 4.24847e-016 2.03115e-035 
0.669188 0.148966 0.11568 0.109207 0.108777 0.113243 0.665108 0.10557 0.112931 0.117432 
1.54705e-008 0 1.86216e-072 0.577368 1.00492e-060 5.1772e-065 2.0386e-019 0.577369 2.1976e-097 0.577364 
0.114809 0.969653 0.0868902 0.0948842 0.0945308 0.110874 0.101873 0.0939182 0.110352 0.0882834 
4.14559e-016 5.11393e-023 1.54716e-008 5.49257e-021 0.577407 0.577401 5.42763e-112 1.50913e-089 1.82279e-039 0.577404 
1.1983e-008 6.54937e-019 2.34449e-017 1.866e-025 0.447214 0.894429 1.09203e-019 6.3294e-079 0 3.43238e-030 
1.19831e-008 1.81862e-020 0.447215 3.08905e-053 1.06657e-012 1.7508e-031 8.77761e-019 0.894432 2.32486e-082 1.11004e-017 
4.15219e-016 1.54962e-008 4.98466e-163 3.37555e-042 0.578327 6.90268e-041 5.39857e-050 0.578336 5.10707e-064 0.578327 
0.577347 0 6.3044e-047 4.94052e-043 1.00489e-060 5.22993e-063 2.03853e-019 0.577359 8.59306e-097 0.577348 
0.577362 5.86862e-048 2.18329e-026 0.577366 1.90822e-019 7.98011e-022 6.64866e-035 1.13095e-065 0 0.577367 
0.108798 0.683282 0.0625556 0.105138 0.104861 0.115056 0.663792 0.112487 0.125998 0.117481 
7.87975e-014 2.39661e-008 8.1833e-048 9.33672e-012 1.13085e-038 0.894429 0.447215 2.77858e-034 0 8.82101e-102 
0.577356 8.47803e-122 3.78836e-008 3.16693e-060 7.44268e-071 0.57735 9.03997e-019 5.12798e-063 2.24657e-065 0.577353 
1.54742e-008 0.577362 6.73641e-051 1.19037e-122 7.20667e-018 0.577357 4.70735e-027 0.577347 8.67894e-011 9.23562e-073 
1.54702e-008 0.577356 0.577351 4.91236e-019 2.09831e-065 4.56954e-025 8.84956e-042 1.22249e-034 2.80729e-028 0.577349 
1.73273e-011 1.54698e-008 0.577342 3.40466e-011 0.577352 0.577363 9.59816e-020 2.94564e-038 2.49548e-167 8.42002e-089 
0.447214 5.40793e-012 1.76912e-009 6.964e-018 2.34782e-031 0.894429 1.58544e-018 6.3294e-079 0 3.484e-030 
0.116129 0.120493 0.675216 0.10933 0.108839 0.113307 0.665486 0.107099 0.117285 0.112144 
0.894424 0.447226 4.75255e-014 1.38716e-009 2.07917e-028 4.06651e-058 1.74479e-019 8.86726e-028 1.2302e-051 2.18441e-019 
8.2465e-009 8.69476e-009 1.76095e-020 2.38156e-025 7.68408e-033 0.44723 6.53303e-037 2.15536e-066 0.89446 5.63076e-012 
0.076632 0.0795109 0.0739489 0.0675776 0.0745727 0.0645534 0.0755749 0.0848292 0.0711644 0.975408 
0.108592 0.112681 0.660885 0.138767 1.71474e-183 0.111858 0.106647 0.690901 0.0983958 0.106231 
1.55005e-008 7.91836e-040 0.578486 0 4.70169e-055 1.05147e-132 7.7173e-082 1.50287e-044 0.578491 0.578488 
0.57853 0.578565 2.57061e-011 8.71194e-207 6.31032e-011 3.35965e-116 7.19852e-024 0.578551 1.2333e-010 1.20084e-083 
0.447216 4.51313e-022 1.37004e-027 1.4499e-088 0.894429 2.77861e-055 1.39045e-017 5.14518e-060 7.64315e-065 2.74374e-043 
2.39676e-008 2.02049e-019 6.59076e-025 2.90417e-249 1.56911e-027 3.26511e-011 0.894484 0.447215 3.8536e-062 2.79165e-010 
0.114447 0.118756 0.119985 0.711416 0.110661 0.632562 0.0765835 0.11294 0.114269 0.113987 
2.07086e-024 7.72855e-017 3.11963e-016 1.19946e-008 1.57019e-011 4.01728e-157 5.82418e-032 0.447645 0 0.89529 
2.39726e-008 3.77431e-081 9.57017e-044 1.62698e-029 1.85176e-078 1.29588e-038 0.894671 1.61242e-037 0.447336 1.77992e-053 
1.19873e-008 5.72023e-028 0.447374 0.894747 4.14902e-034 7.27305e-086 2.49653e-010 1.65071e-029 4.19272e-028 0 
2.39661e-008 2.22123e-015 0.894429 0 4.74913e-077 1.64697e-020 5.71989e-079 3.6681e-034 0.447216 6.42147e-059 
1.76798e-023 6.4227e-016 2.39698e-008 3.93697e-021 1.44368e-131 0.894568 2.42075e-025 4.46908e-032 0.447284 5.78179e-045 
0.101991 0.105738 0.664673 0.112121 0.679721 0.11655 0.128524 0.112481 0.114401 0.109137 
0.577356 3.98361e-025 0.577359 5.56978e-036 3.58116e-097 0.57736 6.17424e-052 3.51366e-060 2.27454e-052 1.67163e-050 
4.15836e-015 1.55192e-007 0.577526 1.6724e-041 8.23483e-023 0.577521 3.36668e-017 0.577527 1.52797e-070 5.18147e-050 
2.39659e-008 0 1.25494e-044 3.25321e-035 4.06977e-066 2.08489e-043 1.19836e-008 2.08077e-073 1.78619e-071 1 
1.54701e-008 0.577352 0.577344 2.07057e-149 7.98093e-049 3.33493e-042 2.11213e-024 0.577359 1.91064e-016 5.54389e-030 
0.894431 1.23602e-020 5.73129e-013 1.35734e-016 1.28889e-013 1.62438e-019 2.12339e-028 0.447216 4.99549e-097 2.53449e-052 
8.12711e-009 1.3178e-008 2.36023e-140 4.26204e-028 0.577817 1.42046e-017 3.23354e-023 0.577799 0.577807 4.6782e-051 
0.105702 0.663488 0.128994 0.103536 0.114947 0.113598 0.109329 0.0940087 0.0959324 0.6828 
7.70303e-010 1.54547e-008 1.95841e-010 0.577542 5.12761e-031 0.577541 0 2.27431e-028 0.577543 1.7485e-092 
0.57739 8.01622e-012 6.33362e-095 6.11209e-052 8.838e-038 4.5183e-025 5.68517e-104 0.577395 0.57739 2.98267e-042 
4.14519e-016 2.7007e-047 1.54701e-008 0.577352 3.88216e-017 5.16753e-018 0.577354 8.4184e-025 1.06148e-051 0.577349 
1.19296e-009 2.39345e-008 3.03445e-010 0.894429 1.30928e-020 7.51015e-013 5.69388e-045 0.447215 2.89899e-019 3.38181e-030 
2.07352e-020 1.5934e-019 5.99679e-012 1.19945e-008 0.447642 4.57101e-070 1.42587e-025 3.81794e-023 3.67903e-044 0.895285 
8.94789e-009 1.9607e-009 7.727e-009 0.447248 0.894497 4.77904e-034 1.20422e-020 1.27832e-053 3.33528e-065 2.79585e-016 
4.14519e-016 1.65202e-037 1.54701e-008 2.15989e-051 6.72036e-032 0.577351 4.60778e-107 0.577357 0.577352 7.47393e-072 
0.577353 2.98132e-010 3.56415e-041 0.57735 6.71744e-043 1.78412e-036 0.577352 4.9954e-032 1.15284e-009 1.51678e-146 
1.1705e-012 1.55037e-008 0.578608 2.25234e-069 2.71219e-025 1.60798e-089 0.578611 2.32457e-038 6.7824e-178 0.578602 
0.118889 0.119021 0.121678 0.658117 0.103231 0.105935 0.107517 0.685403 0.112086 0.118338 
1.79023e-008 3.88324e-009 1.54533e-008 0.894432 0.447213 9.2776e-034 1.20566e-020 3.87219e-040 7.74782e-065 1.08494e-045 
0.894429 3.41998e-072 0 0.447216 1.1553e-059 1.10138e-040 4.33325e-132 5.44961e-024 6.67767e-064 1.96928e-189 
0.577456 0.57734 2.81235e-013 2.62621e-009 3.02117e-071 1.17725e-015 1.63716e-018 6.80785e-024 0.577422 8.66305e-112 
1.55226e-008 0.579311 6.53669e-017 5.23506e-017 0 0.579315 1.77282e-046 1.77703e-100 6.73629e-044 0.579321 
4.14858e-016 1.35643e-051 1.54827e-008 0.577824 0.577821 1.35886e-018 2.06599e-018 0.577826 1.2451e-063 0 
1.19866e-008 0.447346 0.894682 6.89538e-062 1.33088e-027 2.01427e-027 3.7163e-032 3.57348e-055 4.68095e-062 3.49519e-165 
0.0762346 0.0791096 0.073608 0.0716233 0.0794234 0.120262 0.0754634 0.963575 0.114206 0.0995482 
6.42328e-016 2.3972e-008 1.00951e-129 0.894649 1.35396e-041 5.03075e-064 2.96415e-109 8.97279e-032 0.447325 4.18668e-085 
2.39661e-008 2.01473e-019 0.894429 1.46504e-013 1.84603e-113 0.447215 4.22828e-025 5.96654e-118 2.23837e-083 1.11414e-053 
0.447217 0 1.34576e-065 0 4.1102e-022 2.78156e-029 0.894431 3.18513e-056 1.51607e-070 6.51064e-039 
0.102657 0.106533 0.0984037 0.672746 0.104085 0.10804 0.108269 0.11264 0.678697 0.10932 
8.40735e-018 3.29599e-048 6.42115e-016 2.39661e-008 0.894429 0.447215 4.24618e-025 3.0565e-084 2.89e-083 3.77076e-054 
1.19831e-008 2.37235e-016 1.19232e-021 0.447217 6.90301e-030 2.86882e-027 1.73749e-037 4.54701e-023 0.894433 5.39397e-096 
2.19703e-016 2.27976e-016 1.18161e-008 4.47164e-283 3.30967e-034 1.00187e-008 8.26874e-031 0.57816 0.578166 0.578161 
1.54701e-008 3.19463e-039 5.74771e-073 0.577354 0.57736 4.72451e-012 0.577361 2.10795e-020 1.67155e-049 0 
2.39662e-008 3.99047e-019 4.06911e-012 4.32472e-030 0.894433 9.51327e-012 0.447217 3.31216e-034 1.23538e-063 0 
7.85035e-023 6.4217e-016 3.21035e-029 1.33619e-024 2.39661e-008 0.89443 9.27628e-055 2.52997e-025 3.65918e-030 0.447215 
7.1382e-008 0.577399 0.577409 2.21428e-012 2.31338e-026 1.17551e-023 0.577405 3.12918e-064 1.47116e-314 1.20614e-065 
2.39674e-008 0.894476 1.83186e-045 8.11517e-111 2.98764e-111 1.718e-032 1.15583e-016 3.42783e-037 0.447238 1.86377e-050 
0.0930813 0.0858482 0.0884 0.103763 0.0930251 0.13699 0.678388 0.111077 0.67765 0.109179 
0.447939 2.57279e-049 0.895869 1.72206e-041 1.35333e-027 1.99409e-015 7.2549e-015 3.67529e-058 7.24621e-217 3.93841e-040 
0.648522 0.0934645 0.109481 0.143482 0.111688 0.111548 0.0913611 0.694851 0.113902 0.111061 
1.02024e-008 5.24746e-011 3.39769e-009 8.0316e-043 1.11756e-008 0.578805 0.578808 1.31242e-047 0.57881 2.3804e-043 
0.89443 1.8741e-024 1.61542e-029 4.8325e-013 0.447214 1.1466e-069 7.88576e-019 1.64414e-014 2.39098e-018 4.96768e-048 
0.961584 0.0660144 0.0857666 0.0942295 0.0935021 0.088065 0.100357 0.106043 0.109531 0.0844051 
1.19995e-008 0.447828 1.07292e-065 5.00564e-011 1.0903e-070 2.00598e-023 5.32372e-045 1.01272e-019 6.09448e-033 0.895657 
0.578118 6.31708e-016 2.56882e-026 0.578115 1.91141e-019 0.578108 8.18468e-035 1.42558e-065 6.51128e-076 2.10168e-045 
2.67949e-008 3.86456e-055 6.95026e-012 1 8.17472e-040 7.08517e-013 1.95439e-044 4.14854e-034 3.16239e-039 2.25495e-042 
1.54751e-008 2.02977e-023 0.577538 0.577535 5.45949e-016 0.577529 1.72478e-037 5.35183e-051 1.66166e-148 2.09957e-045 
4.14689e-016 1.54764e-008 1.53996e-021 0.577589 8.83334e-038 1.09351e-021 6.84578e-045 3.78632e-043 0.577578 0.577587 
0.577593 8.07414e-060 4.94449e-016 1.46681e-124 1.2031e-052 3.06117e-021 6.84582e-045 4.60971e-082 0.577583 0.577591 
1.54734e-008 0.577477 7.59033e-011 0 3.71334e-044 4.17211e-046 0.57748 2.31488e-025 1.00935e-029 0.577474 
2.67949e-008 1.15756e-023 2.12861e-022 4.21286e-031 1 8.5311e-033 8.77446e-050 2.04176e-032 8.84696e-046 1.66751e-092 
1.54552e-008 8.26086e-010 0.577398 0.577406 9.7326e-077 5.08654e-041 7.65909e-052 0.577398 8.89389e-011 1.32362e-034 
0.577348 0.57736 2.33285e-052 5.51447e-111 3.39033e-028 1.10672e-028 0.577355 1.26089e-047 2.22344e-023 9.72585e-067 
0.0937685 0.125735 0.114147 0.127869 0.116678 0.665208 0.0910258 0.677876 0.110022 0.110991 
0.895917 1.07258e-015 9.50935e-017 3.47503e-041 8.83918e-013 0 4.70978e-066 4.55235e-025 4.15692e-052 0.447959 
2.39661e-008 9.16381e-080 0.894429 0.447216 1.1567e-059 1.1014e-040 5.50132e-131 3.06514e-084 6.67767e-064 2.30205e-287 
1.34109e-015 5.00501e-008 0.447829 5.65061e-021 3.0028e-017 0.89566 3.29086e-105 1.0355e-024 6.38669e-117 6.80349e-056 
4.53479e-010 1.54766e-008 1.21929e-085 0.577843 0.577835 1.79779e-053 7.65701e-018 9.36248e-054 0.577838 5.3233e-096 
0.57736 7.53896e-071 0.577351 1.47012e-059 1.40207e-141 7.89999e-070 8.9478e-019 0.577344 0 2.49351e-021 
1.48379e-008 4.37739e-009 0.577355 7.24594e-021 0.577352 2.15947e-018 1.24362e-025 0.577357 2.48621e-113 4.78957e-056 
6.42173e-016 2.39662e-008 0.894433 3.33448e-241 1.87823e-030 2.66049e-034 0.447217 8.24716e-033 5.01108e-082 3.55892e-035 
0.577349 3.11969e-021 5.78541e-067 0.577359 2.12434e-065 1.09893e-019 1.07947e-019 1.95411e-057 0.577347 1.13749e-034 
8.92433e-013 5.21107e-037 1.19831e-008 6.28953e-051 2.1789e-037 0.447215 7.36142e-051 0.894432 7.02024e-016 1.94737e-019 
0.577768 8.18894e-024 2.38889e-047 4.62849e-048 0.577765 8.68406e-058 1.3634e-024 1.33794e-034 4.36891e-032 0.577759 
0.11119 0.11159 0.11447 0.679241 0.111749 0.114288 0.110968 0.109195 0.109187 0.665102 
4.10102e-016 3.45709e-027 6.03738e-017 1.54702e-008 0.577357 9.20408e-047 0.577349 1.00523e-020 0.577352 2.79425e-010 
1.04127e-008 1.14413e-008 0.577356 8.25617e-096 8.34037e-045 7.79609e-093 0.577349 0.577355 1.6487e-048 1.50962e-034 
4.14516e-016 1.54699e-008 0.577347 3.29106e-012 0 5.79189e-047 7.99832e-086 0.577358 1.19526e-060 0.577348 
1.55586e-008 0.580656 6.82964e-077 3.33958e-063 0.580653 0.580652 1.70116e-015 9.46557e-041 9.49842e-042 6.51019e-024 
2.39691e-008 0.89454 1.95346e-026 1.1859e-012 1.7998e-313 0.447234 5.49702e-039 5.33355e-022 6.03647e-167 9.755e-112 
0.125322 0.129964 0.671248 0.664582 0.125656 0.113528 0.111207 0.110152 0.109753 0.111572 
0.0842061 0.0845108 0.0799203 0.118077 0.0929536 0.110694 0.680556 0.676536 0.109933 0.107944 
2.00042e-011 1.54729e-008 0.577457 0.577458 0.577426 1.383e-090 1.7291e-042 4.34797e-048 4.13474e-048 1.20261e-077 
1.11253e-023 4.15201e-016 1.54955e-008 0.578302 1.22761e-026 3.30051e-012 0.578306 5.14593e-014 0.578327 0 
0.673013 0.0973839 0.672327 0.114985 0.0928751 0.109429 0.10626 0.124692 0.113735 0.110881 
1.54703e-008 0.57736 1.35595e-082 2.39296e-059 0.577357 1.2589e-018 3.12096e-033 0.577362 8.67157e-035 5.32017e-060 
6.23663e-017 2.32754e-009 1.52941e-008 1.19038e-040 9.94773e-052 0.577355 0.577357 2.31439e-025 2.99043e-030 0.577352 
0.447215 3.87373e-126 4.08593e-083 7.19143e-026 1.05518e-019 6.51035e-035 4.88426e-020 5.92412e-066 1.87526e-307 0.89443 
1.54692e-008 0.577316 0.577326 4.51953e-022 0.577422 1.65207e-132 1.34609e-081 1.80251e-037 2.77001e-040 8.70355e-102 
1.54701e-008 0.577351 5.94978e-033 7.29493e-082 5.4543e-061 0.577353 1.01647e-053 6.82281e-067 0.577353 6.69269e-076 
0.67349 0.143747 0.117699 0.122341 0.0878397 0.11404 0.110247 0.0795903 0.67032 0.0922909 
5.94926e-010 5.52302e-010 3.6024e-007 0 6.07343e-062 0.577902 2.00387e-017 1.4722e-032 0.577904 0.577912 
0.666467 0.0960507 0.132507 0.668583 0.142909 0.110364 0.104032 0.112654 0.114003 0.1156 
1.54699e-008 0.577346 0.577359 1.04715e-039 9.61926e-015 1.53073e-031 3.2668e-020 1.866e-024 0.577355 1.34174e-097 
1.54701e-008 0.577353 2.14507e-065 4.67393e-038 0.577359 4.7245e-012 0.577361 2.10929e-020 1.67204e-049 4.71859e-272 
0.577311 7.43426e-071 0.577327 1.04532e-019 0.57742 8.01002e-219 1.36552e-036 1.73531e-037 2.16403e-052 3.90228e-062 
2.39665e-008 0.894443 1.03167e-012 0 1.30958e-020 1.0474e-012 5.78573e-045 0.447222 3.02886e-019 3.38186e-030 
2.67949e-008 1 3.42383e-013 3.16764e-018 1.14077e-028 9.05796e-041 3.73881e-017 7.00943e-089 7.05693e-034 5.33132e-187 
1.54708e-008 0.577378 7.15121e-099 0.577375 8.89119e-125 0.577369 1.0026e-033 8.17449e-047 2.3777e-254 1.22869e-055 
0.57735 9.04939e-042 2.6012e-065 8.58332e-014 4.23984e-031 4.82244e-032 0.577355 2.01197e-032 0.577354 1.59523e-048 
0.577551 6.83308e-013 3.69643e-061 0.57758 7.4882e-080 8.1389e-034 1.90348e-051 0.577545 3.02735e-061 3.02506e-047 
1.84968e-008 4.09841e-078 3.21996e-092 1.18274e-067 0.69031 0.111802 0.106213 0.69172 0.0981325 0.110458 
0.103501 0.107398 0.108365 0.100085 0.684153 0.114322 0.110998 0.109089 0.109215 0.665279 
0.577751 0.576977 2.61621e-020 5.34359e-011 0.577328 3.25972e-013 8.18627e-073 7.03928e-025 2.04406e-016 2.01241e-095 
1.54704e-008 0.577362 2.18491e-026 0.577366 1.79427e-019 3.30392e-015 1.1924e-039 8.8567e-066 7.19975e-098 0.577367 
1.11116e-023 4.14689e-016 4.1263e-029 1.54764e-008 0.577589 1.09351e-021 7.16373e-018 3.26246e-019 0.577578 0.577587 
0.109135 0.113236 0.114407 0.676752 0.108832 0.113673 0.665498 0.107101 0.117287 0.112146 
1.19831e-008 2.21533e-183 0.447214 8.11385e-034 1.77918e-024 2.86451e-016 0.894433 7.25448e-071 1.25995e-248 1.39691e-034 
1.19831e-008 0.447215 6.57175e-013 8.8934e-018 2.86765e-025 4.24153e-041 1.43228e-038 2.15529e-066 0.89443 5.63057e-012 
0.11463 0.11892 0.680355 0.109945 0.105872 0.116343 0.112707 0.0866564 0.671125 0.111915 
2.67949e-008 1.51141e-014 1.42797e-015 4.13847e-024 1.17698e-031 1 2.56522e-018 4.43337e-025 0 1.26084e-039 
1.54703e-008 2.05616e-010 2.03359e-018 0 0.577412 3.86346e-046 0.577415 8.30464e-026 1.28848e-030 0.577409 
0.110733 0.114888 0.10466 0.120899 0.0975124 0.667721 0.043875 0.121246 0.682188 0.107944 

