8.79804e-009 2.59132e-008 8.82171e-010 2.66705e-008 1.4265 0 0.476144 0 
9.46726e-014 3.53323e-006 0.739056 0 0.139384 0.533332 0.616483 0.701169 
1.08839 0.180336 0 0.0137024 0 0 0.253899 0.00281147 
0.0438258 0.0586949 0.0620144 0.271613 1.02539 0.0223076 0.000759985 0.15287 
3.43935e-008 4.89989e-012 4.57912e-010 1.2837 0 0 1.62409 0 
2.64079e-011 2.09274e-008 6.58877e-012 0.781024 0 0 0.000688996 1.28364 
3.66556e-009 7.2053e-009 2.26114e-008 0.896182 0.139098 0 0.00497796 0.535006 
8.44327e-008 6.71018e-006 0.973016 0 0.00342915 0 0.0262163 0.602324 
2.08275e-008 0.777293 0.0348316 0 0.0104766 0.689968 0.177639 0.119039 
3.21641e-005 0.0275645 0.624312 0.596196 0.110182 0.000871462 0.184067 1.89086 
6.48166e-008 5.15122e-006 0.746957 0 0.00375565 0 0.608697 0.629275 
0.705726 0.0151165 0.522987 0 0.00918881 0.875125 0 0.0126919 
3.83521e-011 4.27193e-008 1.84603e-008 1.7368 0.6854 0 0 0 
1.40023 0 0.00904897 0 1.11205 1.35096 0 0 
0.566076 0 0.000115216 0 0 0 0 1.10018 
1.09473e-005 0.00825936 1.28888 0.00358281 9.4746e-005 0.25147 0 1.94584e-005 
1.85642 0.834122 0 0.00798183 0 0 0 0 
3.50413e-008 1.13656e-011 1.30776 0.976741 1.21663 0 0.00133738 0.00731845 
6.08855e-016 2.27228e-008 0.848027 0.372566 0.000711966 0.367266 0.562625 0 
1.19108e-007 0.000157996 1.86395 0.906567 0 0 0 0 
1.15701 0.0836342 0.504166 1.68238e-005 0 0.149476 0.173488 0 
1.63433 0.000286994 0 0.0314697 0.000835733 0 1.98442 0 
0.000813967 1.07972 0.00417758 0.483511 0.00441306 0 0.00941358 0.000647169 
1.25684 0.152374 1.43256 0.0468747 0 0 1.0126 0 
1.15102 1.83364e-005 0.636137 2.30252e-005 0 0 0.000907445 0.00410372 
0.000124731 2.19927 1.24785 0.000542381 0 0.0104065 0.00016043 0 
2.15283e-005 1.27122 0 0.0340705 0 0 0.276817 0.00331681 
0.687873 1.05974 0.0167171 0.217619 0 0.250147 0 0 
9.73786e-010 2.65848e-008 0.992826 1.84178 0 0 0 0 
6.86129e-016 6.95586e-016 4.36381e-019 3.64638e-008 2.57242e-010 1.36088 0 0 
5.9148e-016 2.20744e-008 9.31024e-009 0.894104 0 0.000601563 0.464495 0.512052 
5.99834e-010 3.01705e-008 3.91261e-009 1.36125e-008 1.24353 1.30014 0.000162914 0 
0.950729 0.00298018 0 0 1.82098 0.000126207 0.000542476 0 
5.96965e-008 1.41082e-008 2.28928 0 0 0.00337652 0.00291762 2.66715 
0.545271 0.128865 0.47428 0 0 0.00108271 0.000935559 0.855244 
0.488662 0.510751 1.05388 0.0362203 0.0405319 0 0.00376518 0.00323702 
1.00586 1.27231 0 0 1.20593 0 0 0 
0.0795169 1.21656 1.40373 0.946477 0 0.00253824 0.000305966 0.149335 
0.981657 0 1.87844 0 0.00390778 0.645166 0 0 
2.4449 0.00147433 0.018597 1.09499 0 0 0 0.00697356 
6.12508e-016 2.28591e-008 2.64279e-010 1.0123e-008 0.933076 0.974571 0.605927 0 
1.1766e-005 2.75887e-005 0.771045 0 0.581752 0 0.0260242 0.597911 
0.11981 0.137646 0.0792719 0 0.96473 0 0 0.846661 
0.0560182 0.00680457 0 0.0229824 1.37851 0.490209 0 0.000583131 
0.838256 0.028587 0.0746209 0.0167989 0.699766 0 0.234216 0.00346829 
3.26407e-008 1.21817 0 0.000403247 0 0 0 0.482695 
0.0369481 0 1.38843 0 0.507581 0.00012833 0 0.0687426 
1.35394 0.0111048 0 0 0.00632525 1.25875 0.937171 2.57993e-005 
1.55655 0 1.763 1.05327 0 0 0.510068 0.918758 
6.46428e-008 2.4125 0 0 0.946108 0 0.00342082 0.0068927 
0.443689 0.866565 1.04573 0 0.24614 0.00711161 0.124133 0.123183 
6.81357e-016 2.54286e-008 1.09885e-008 1.03383 2.06717 0 0 0 
0.0302981 1.05183 0 0.00301203 0.783351 0.0388237 0.0573737 0.65331 
0.0132129 1.05002 2.00967 0 0 0 0 0 
3.54123e-011 1.4055e-009 5.90784e-010 3.47256e-008 0 0 1.29723 0.660734 
2.93251e-006 0.976202 0.26767 0.0162457 0.171378 0.414742 0.416907 0 
5.7565e-008 6.28902e-008 3.18187 0 0 0 0 0 
0.268576 0.339721 0.572642 0 0.533681 0.830012 0.514842 0 
1.02264e-010 1.13407e-009 3.13209e-008 1.16969 0.00431187 0.205101 0.537411 0 
0.682672 0.434687 0.141236 0.11267 0.770394 0.263418 0.120517 0.000583662 
0.00953967 0.758154 0.0466406 0.00970354 0.00381976 0 0.619088 0.640017 
0.964393 0 0.115768 0 0.183172 0.0515018 0.66038 0.0874469 
0.113808 0.152421 0.161041 0.746089 0.718069 0.0223075 0.000759981 0.152869 
1.51544e-008 0.565569 0.244044 0 1.07174 0.00110242 0 0 
7.04904e-008 1.42728e-011 0 2.63074 0 0 0 0 
0.0316346 0 1.18876 0 0.189693 0.562699 0 0.061846 
0.825576 3.23254e-005 0.00355718 0.789513 0 0.0942394 0.000634086 0.674091 
0.958416 0 0.00607298 0 0.00146894 0 0 0.667569 
7.22076e-010 1.1579e-009 3.73799e-008 3.01969e-010 1.10658e-008 6.7571e-009 1.4775 0 
0.000489312 0.000326885 0 0.886132 0.00153176 0.934567 0.00161567 0 
0.00511467 0.981127 0 0 0.788094 0.0601393 0.4301 0.00138929 
3.02788e-010 4.85543e-010 1.56329e-008 0 3.48381e-011 5.98177e-013 0.583822 1.2877 
2.63135e-006 0.875948 0.240134 0.0145771 3.13494e-005 0.359517 0 0.635265 
1.50655e-010 0.00562251 3.69375e-007 1.0331 0.764999 0.00145723 0.000352903 0.655957 
2.55419 0 0 0 0 0 0 0 
0.597649 0.686621 0.395505 0 0 0 0 0.85308 
2.21343e-008 0.826063 0 0 0.00862544 0 0 1.16442 
7.97642e-008 2.97684 0 0 0 0.958956 3.08609e-005 0 
0.0791134 1.21038 0.00528067 0.369665 0 0.427574 0 0.0957875 
1.90618 0.000616641 0 0 0.735656 0 0 0.00715769 
0.232052 0.310276 0.33463 0.0314506 0.467247 0.841228 0.0467336 0.1516 
0.237259 0.268857 0.000854768 0.165394 0.228839 0.373234 1.16595 0.117389 
2.01935e-008 2.1721e-011 0.753633 0 1.55458 0.143621 1.07376 0.0565618 
2.69003e-005 0.0395336 0.895402 0.855078 0.158025 0.00124987 0.263993 0.0132698 
2.51824e-008 0.939822 0 0.683546 0 0.0442413 0 0.686645 
1.44184 0 0 1.18338 0 0.0460251 0.866973 0.000202829 
0.00512268 0.407119 0.776621 0 0.00440887 0 0.714568 0.167615 
0.230923 0.00353013 0.866092 0.000109658 0.740521 0.0049768 0.0823964 0.0840867 
5.62624e-009 3.39694e-013 5.69469e-008 0 2.13564 0 0 0 
0.020261 0 8.30125e-005 0.025224 0.747993 2.31753e-005 1.26179 0 
0.0542599 0.000478216 1.39496 0 0.00724604 0.117699 0.423804 6.21814e-005 
0.25263 0 0.0335469 0.913032 0.123022 0.327965 0.187475 0.843067 
1.04969 0 0 0 0.787121 0 0 0.563399 
2.45213e-008 0.915147 0 1.85985 0.00234267 0 0 0.00543417 
7.06994e-006 6.60616e-006 4.06209e-009 2.18308e-006 0.802025 0.512669 0.0326538 1.54126 
0.181616 1.0002 0.177402 0.123718 0.965562 0.330151 0.151049 0.000731524 
0.791373 0 0.0944579 0 0.00220179 0 0.531754 0.667306 
3.71413e-005 0.000150459 0.000844498 1.41768 0.00710837 0.409062 0 0.0353188 
1.8888e-015 3.82441e-019 0 7.04909e-008 0 0 0 2.63076 
5.97475e-006 3.17616e-005 1.30694e-005 5.12797e-005 2.6214e-005 0.874908 0.00352664 1.85901 
1.14895 0 0 1.69499 0 0.0510358 0.0451437 0 
2.67083e-006 2.96186e-005 3.92392e-005 1.19343 0.00439941 0 0.524159 0 
1.26293 0.0916151 0 1.09126 0.000984702 1.06839 0.0695373 0.00535572 
6.17012e-008 0 2.30272 1.03128 0 0 0 0.998216 
0.0200162 0.0196184 0.894529 0.853833 0.157795 0.147361 0.170899 0 
0.0659645 0.731524 0.966722 0.0268642 0.00258272 0 0.533354 0 
1.17304e-008 2.59167e-009 5.08662e-009 0.486876 0.00315025 0.984424 0.384633 0.211721 
1.38546e-009 0.0517062 0.81555 0.00299717 0 1.06432 0.047232 0.00493306 
0.940657 6.76266e-005 1.7995 0 0.0058475 0.01 0 0.00106433 
0.627032 0.00044297 0.0117393 0.98928 0.0185239 0.187653 0.101251 0.0866704 
1.88427e-009 0.070322 1.14118 0 0.261816 0.0831722 0.516445 0.0308099 
1.0804 1.70994 0 0 0 0 0 0 
0.627138 0.877619 0 0.736475 0.00102548 0 0 0.000150801 
0.247538 0.24241 0.905831 0.0686112 0.12521 0.000157699 0.00634481 0.640012 
0.0234734 0.839736 0.0539067 0.691967 0.635177 0.000101329 0 0 
0.0445468 0.0875645 0.274744 0.824214 0.135707 0 0.00485661 0.577673 
8.41234e-008 3.13953 0 0 0 0 0 0 
1.35021 0.000294659 0 1.27961 0.880029 0.000254156 0 0 
0.000659999 0.875481 0.00338736 0 0.0032658 0 0.771324 0 
1.09088e-013 4.07123e-006 0.85159 0 0.00128069 0.603896 0 0.659995 
2.62577e-008 0.979952 0.0119142 0.805597 0.00680457 0.000168395 0.247997 0 
0.763327 2.77998e-005 0.638366 0 0.741716 0 0.0307899 0.0299483 
6.41985e-006 5.99872e-006 4.66667e-008 0 0.710431 0 0 1.14963 
3.80673e-005 0 0.401168 0 1.67735 0.00571153 0.621828 0.966476 
1.19996e-010 2.23209e-008 3.07732e-009 0.840919 0.700505 0.00510096 0.251504 0.0602057 
0.82581 0.793112 0 0.0306872 0 0 0.565929 0.00325595 
0.29601 0.289878 1.08158 0.0819388 0.149532 0.000104489 0.00757727 0.00319729 
2.44799e-008 3.74226e-010 0.913712 0.0146509 0.754957 0.0268762 0.034541 0.085569 
0.0236547 0.0193622 1.11135 0.0802817 0.830792 0.000158006 0.563719 0 
6.28804e-014 2.34673e-006 87.5812 0 65.12 0 151.595 33.1517 
0.298202 4.75051e-006 0.157375 1.00935 0.047051 0.0222839 0.000735179 0.152206 
2.04397e-008 0.762819 0.637941 0 0.741181 0 0.0350191 0.0299874 
0.000388894 0.757339 0.626822 0 0.0703527 0.000275748 0.109196 0.633325 
8.62122e-010 4.9411e-008 0 0 1.84433 0.0459671 0.947472 0 
0.0102982 2.28083 0 0 0 2.73583 0.0195771 1.65107 
2.45596e-008 0 0.916579 0 1.82215 0.000922476 0.0335195 0 
0.25176 0.337176 0.0243907 0.97761 0.00187419 0.19836 7.03776e-005 0.155397 
2.04231e-016 7.62201e-009 2.31015e-008 0.907875 1.81647 0 0.0019182 0.95784 
1.14889 1.83024e-005 0.606323 2.27442e-005 0 0.0440098 0.000896885 0.00405597 
4.35037e-010 2.31265e-009 9.53254e-010 3.73471e-009 0.16854 0.924788 0.0037891 1.99736 
0.00296563 1.85037 0 1.10117 0.145943 0 1.05629 0 
0.0285879 0.00206646 0.914804 0.87306 0 0.149479 0.173356 0 
0.00687415 0.00882657 2.42417 0.000446521 1.00854 4.21686e-005 0 0 
0.000234496 0.00358764 1.85899 0.574182 0 0.660075 0 0.147064 
2.00782e-008 0.749328 0.350083 0.679868 0.624237 0.00166939 0.234506 0 
4.41983e-007 0.147131 0.0403132 0.750937 0.491644 0.354177 0 0.635239 
1.09434 0.181321 0.00877769 0.0221301 0 0 0.243702 0.00289503 
9.15318e-006 0.00690573 0.929534 0.00258393 0.709787 0.0222908 0 0.596901 
0.981867 2.3018 0 0 1.86295 0 0 0 
2.77008e-006 3.14388e-005 0.432744 0 1.66709 0.00570387 0.620993 0.965179 
3.94429e-011 4.27338e-008 1.84666e-008 1.73739 0.685297 0 0 0 
4.49163e-009 8.61609e-007 32.1561 0.00425384 0 0 0 0 
2.04948e-009 0.0729503 1.18383 0 0 0 0.520921 4.39959e-005 
0.00130965 0.0357542 0.978065 1.81561 4.78093e-005 0 0 0 
5.59938e-013 9.28357e-010 2.55333e-008 0.953546 0.83548 0.219639 0.766456 0 
2.73832e-011 0.00102195 0 0.91387 0.904098 0.00145723 7.39789e-005 0.655957 

