0.448882 0.331224 
0.026208 0.839305 
0.131966 0.63831 
0.658734 0.189465 
0.161382 0.599662 
0.7768 0.119443 
0.611803 0.219012 
0.855488 0.0756882 
0.189851 0.565558 
0.154779 0.608608 
0.0956948 0.69243 
0.421223 0.352182 
0.589297 0.233444 
0.21265 0.540414 
0.823071 0.0935957 
0.0895701 0.702625 
0.0727631 0.731233 
0.369072 0.393901 
0.351837 0.40823 
0.46727 0.317318 
0.280555 0.471492 
0.205387 0.548682 
0.412317 0.35911 
0.387423 0.379356 
0.842021 0.0835877 
0.515211 0.28323 
0.698105 0.165346 
8.41165e-07 1.00076 
0.336296 0.421188 
0.264841 0.486229 
0.0798271 0.718937 
0.761903 0.128004 
0.28864 0.463953 
0.431241 0.344657 
0.808286 0.102096 
0.748888 0.135448 
0.737858 0.141988 
0.168259 0.590976 
0.458379 0.324557 
0.251147 0.5005 
0.304945 0.448948 
0.0666619 0.743487 
0.889531 0.0582522 
0.980164 0.0106397 
0.62435 0.210743 
0.24412 0.507789 
0.495485 0.297117 
0.683825 0.174159 
0.117769 0.658341 
0.296326 0.456964 
0.138986 0.628304 
0.219863 0.532791 
0.273113 0.47854 
0.361159 0.400006 
0.009266 0.905183 
0.793611 0.110049 
0.535785 0.269189 
0.1244 0.648248 
0.227792 0.523732 
0.402096 0.366951 
0.64703 0.196559 
0.439652 0.338325 
0.669943 0.182428 
0.906224 0.0488935 
0.257885 0.494502 
0.546801 0.261884 
0.147074 0.618027 
0.0342784 0.816267 
0.940421 0.0309108 
0.486197 0.303855 
0.394118 0.373571 
0.55737 0.254937 
0.477606 0.31054 
0.724468 0.150151 
0.234918 0.51644 
0.634689 0.204324 
0.871243 0.0673635 
0.52641 0.275188 
0.0178048 0.868629 
0.312042 0.442313 
0.327806 0.428881 
0.960479 0.0207506 
0.999727 0.00105517 
0.0504709 0.777324 
0.602089 0.225057 
0.579924 0.240143 
0.377463 0.387047 
0.506021 0.289641 
0.058012 0.760845 
0.34426 0.414154 
0.11017 0.669787 
0.925052 0.0390776 
0.709148 0.159044 
0.102735 0.681405 
0.176425 0.581525 
0.568176 0.247302 
0.320341 0.435549 
0.0423311 0.795963 
0.181471 0.575887 
0.195981 0.558645 

