0.84259 -0.735983 
0.216392 0.431078 
0.0781169 0.674491 
0.416561 0.150956 
0.644133 -0.433501 
0.206879 0.502957 
0.00830326 0.910063 
0.184439 0.659231 
0.230674 0.332826 
0.442248 -0.09265 
0.828646 -0.556959 
0.211551 0.467823 
0.618678 -0.127293 
0.254595 0.245738 
0.424029 0.0604697 
0.826102 -0.511219 
0.620283 -0.153974 
0.623564 -0.207889 
0.0240753 0.830444 
0.626725 -0.256576 
0.829852 -0.577641 
0.648441 -0.451092 
0.0317069 0.799025 
0.625088 -0.232484 
0.0831211 0.671598 
0.840395 -0.717321 
0.831104 -0.59872 
0.0701355 0.681749 
0.640919 -0.413716 
0.838545 -0.698183 
0.0621165 0.695199 
0.8454 -0.754071 
0.429279 0.00482396 
0.453446 -0.122228 
0.82734 -0.534329 
0.825013 -0.490208 
0.201788 0.542301 
0.196455 0.580852 
0.414318 0.178143 
0.630214 -0.304285 
4.35142e-006 1.00114 
0.85107 -0.771852 
0.635998 -0.370366 
0.411453 0.216208 
0.247235 0.258772 
0.426724 0.0318106 
0.0546168 0.714945 
0.835257 -0.659272 
0.419043 0.118718 
0.833773 -0.639617 
0.823803 -0.466456 
0.432103 -0.0208838 
0.0467954 0.740744 
0.438432 -0.0699798 
0.836683 -0.677364 
0.832419 -0.618767 
0.633997 -0.349261 
0.0394276 0.768335 
0.221071 0.396628 
0.42154 0.0894701 
0.235653 0.305617 
0.632085 -0.327622 
0.0160584 0.870119 
0.447312 -0.112539 
0.638166 -0.391459 
0.628479 -0.280638 
0.190676 0.621057 
0.621867 -0.180617 
0.241101 0.28122 
0.40942 0.242725 
0.435274 -0.0464637 
0.225868 0.363591 
0.0277513 0.815753 
0.0784023 0.67409 
0.644655 -0.436379 
0.63289 -0.334144 
0.635147 -0.362312 
0.825075 -0.4909 
0.0629058 0.694791 
0.646855 -0.446214 
0.0425518 0.755887 
0.246544 0.260941 
0.8366 -0.660033 
0.628271 -0.278087 
0.82344 -0.458716 
2.39988e-005 0.997474 
0.825726 -0.503898 
0.220745 0.398096 
0.623436 -0.206005 
0.827501 -0.537705 
0.621319 -0.172284 
0.0577648 0.706767 
0.831828 -0.608618 
0.216179 0.432722 
0.200361 0.563346 
0.423447 0.0673757 
0.626428 -0.251353 
0.833413 -0.633049 
0.82911 -0.565639 
0.0694516 0.682439 

