0.288111 0.464825 
0.241782 0.509872 
0.922947 0.0405233 
0.312098 0.442806 
0.0259359 0.841248 
0.197721 0.55722 
0.264077 0.488299 
0.0179035 0.869451 
0.670002 0.183219 
0.377591 0.387208 
0.042137 0.797 
0.280345 0.472386 
0.622614 0.212415 
0.447045 0.332809 
0.00899749 0.907342 
0.566286 0.248922 
0.525244 0.276757 
0.465938 0.318913 
0.272514 0.479911 
0.102374 0.681778 
0.721094 0.152167 
0.0878288 0.705333 
0.124768 0.648136 
0.05014 0.780825 
0.161131 0.600614 
0.791559 0.112121 
0.303302 0.450704 
0.999188 0.00210257 
0.634012 0.205081 
0.420247 0.353468 
0.167863 0.592523 
0.360548 0.401418 
0.806493 0.103399 
2.45626e-08 1.00228 
0.836162 0.0868687 
0.485011 0.305624 
0.577251 0.242144 
0.456813 0.325366 
0.368289 0.394673 
0.869982 0.0683169 
0.109774 0.670456 
0.146058 0.61976 
0.555353 0.256779 
0.295563 0.457803 
0.682188 0.175273 
0.734948 0.143985 
0.534468 0.270434 
0.0579609 0.761459 
0.386015 0.380288 
0.0729179 0.731767 
0.0955576 0.692097 
0.219575 0.532655 
0.853701 0.0773092 
0.154028 0.610619 
0.475194 0.311838 
0.0654073 0.746837 
0.335586 0.423778 
0.327428 0.429563 
0.610591 0.219592 
0.116877 0.659316 
0.822247 0.0948883 
0.505485 0.2908 
0.599423 0.22728 
0.694839 0.167847 
0.977698 0.0121413 
0.495216 0.299019 
0.58835 0.234525 
0.393534 0.373962 
0.886082 0.0601969 
0.175163 0.583695 
0.411231 0.360652 
0.904035 0.0505234 
0.319349 0.43667 
0.226994 0.524839 
0.64609 0.197504 
0.344377 0.416708 
0.212317 0.540599 
0.761762 0.12824 
0.183303 0.574176 
0.658099 0.189983 
0.749167 0.136224 
0.250185 0.501157 
0.13918 0.628841 
0.958435 0.0223995 
0.190211 0.565796 
0.204821 0.549466 
0.0801305 0.719284 
0.257245 0.4953 
0.234854 0.516974 
0.351733 0.407895 
0.0342845 0.817437 
0.939026 0.0322149 
0.131706 0.639088 
0.429112 0.346386 
0.544689 0.263041 
0.402146 0.367347 
0.438848 0.339075 
0.514688 0.28411 
0.70831 0.159743 
0.77637 0.119918 

