0.448565 0.895317 7.20804e-005 7.96906e-005 1.40446e-005 
0.293786 0.863955 0.290036 0.000137169 0.293179 
0.295002 0.000607203 0.289031 0.879809 0.293542 
0.707342 0.708958 7.28828e-005 2.04847e-005 1.40457e-005 
0.806114 0.268233 0.532462 5.52266e-005 7.37562e-006 
0.713092 0.000644488 0.709859 2.82007e-005 6.31113e-005 
0.537682 0.0015378 0.270167 0.8012 0.000223721 
0.804853 0.267032 0.000256841 2.72558e-005 0.533736 
0.631583 0.00081663 0.314523 0.321131 0.634845 
1.75142e-005 6.107e-006 0.981372 4.99994e-005 0.196864 
6.97885e-005 1.02279 7.39807e-005 2.9172e-007 2.34117e-006 
0.238608 1.72651e-005 0.943624 0.000115873 0.235551 
0.710648 4.4923e-005 4.2832e-005 0.705497 7.79198e-005 
0.319615 0.00039635 0.323016 0.643271 0.63694 
0.267128 0.541781 4.87706e-005 0.803943 1.4143e-005 
8.47077e-005 0.450276 2.63404e-005 0.894429 0.00045101 
0.590312 1.12017e-005 0.585255 1.44921e-006 0.578613 
3.10636e-007 9.07046e-007 3.04107e-006 0.441607 0.900289 
0.289444 0.000816093 0.865801 0.292162 0.289142 
0.000203461 0.98243 0.194928 5.8927e-005 8.33837e-005 
0.000489049 0.314687 0.634559 0.63466 0.317893 
0.0028176 0.870242 0.286882 0.286095 0.288703 
0.000160755 0.988945 0.000321544 8.62807e-005 0.194895 
0.540271 0.27228 0.000203455 0.800116 9.68519e-005 
6.07208e-007 7.17891e-006 3.84513e-005 0.196763 0.982563 
0.000586525 9.61194e-006 0.982408 0.194427 3.50399e-005 
2.82057e-007 1.14724e-006 2.61848e-007 1.00185 1.56327e-005 
0.291304 0.867081 0.293222 0.287768 1.63035e-005 
0.636442 0.000189034 0.316974 0.634034 0.316522 
0.000199991 0.902205 0.000320492 3.77732e-005 0.451014 
0.321215 0.643057 0.320705 0.00013599 0.639416 
0.866745 0.290202 0.28862 0.000237812 0.289396 
0.235004 0.240927 0.944685 0.000330003 1.24406e-005 
0.872371 0.288343 0.00156109 0.281122 0.28974 
0.31763 0.319854 7.06373e-006 0.63014 0.63753 
0.000737973 0.708806 0.707105 0.00180195 9.35868e-005 
0.286855 0.288482 0.865787 0.293664 3.10603e-005 
0.537213 0.267025 0.801521 2.7811e-005 0.000532198 
0.580325 0.574959 0.000207095 3.21523e-006 0.579096 
0.00237917 0.291951 0.28605 0.870736 0.290515 
4.11356e-005 4.24312e-005 0.270038 0.536864 0.801574 
0.315415 0.636813 0.633699 0.314892 6.14271e-005 
0.450417 0.000106164 0.000200644 0.896815 3.24929e-005 
0.639386 1.69829e-005 0.631689 0.317383 0.317748 
1.89976e-005 0.278419 0.541118 0.000147291 0.819331 
0.292875 0.296535 0.292741 1.40263e-005 0.861967 
0.316221 0.632378 0.324643 0.63358 0.000147367 
8.25427e-006 1.31818e-009 8.12072e-006 9.20264e-008 1.00688 
0.00124306 0.590699 0.57334 0.000210436 0.576078 
2.21921e-005 0.813892 0.5422 0.00247113 0.271747 
0.983001 9.57758e-005 7.01175e-005 0.194981 6.36896e-005 
0.197824 5.83338e-005 5.79226e-005 0.982233 3.51414e-005 
0.293135 0.293804 3.02039e-005 0.295145 0.863723 
0.903529 0.000113027 0.44969 9.22432e-005 2.0876e-005 
0.262145 1.98729e-005 4.36683e-006 0.803563 0.538329 
0.000128053 0.647145 0.31138 0.638101 0.318349 
0.00109605 1.00766 1.10245e-005 0.170487 0.00629224 
9.26205e-005 0.577324 8.64314e-006 0.580876 0.576126 
0.637563 0.316896 0.0026762 0.629561 0.316665 
4.37432e-005 0.197821 2.24591e-005 0.982901 3.07483e-005 
0.00129267 0.635344 0.633221 0.316759 0.320004 
0.584966 0.583354 0.578939 1.08965e-005 8.91528e-006 
1.19267e-007 7.61922e-005 0.197549 0.984602 1.82049e-005 
3.79971e-005 3.22619e-007 0.23087 0.944608 0.241342 
0.355176 0.356202 0.713517 0.362292 0.329322 
0.000129795 0.534857 0.804344 0.267771 4.38807e-006 
0.870298 6.36051e-005 0.288385 0.28658 0.288343 
0.536648 0.804247 0.265073 3.13329e-005 4.45445e-006 
0.000738066 0.897675 0.448628 7.37008e-007 4.06523e-006 
0.313863 0.634335 0.000206754 0.314583 0.637233 
0.236949 0.237886 2.07436e-005 0.000243673 0.952 
0.29383 0.866537 0.000569685 0.287322 0.290278 
0.000297889 0.580457 0.577802 0.576197 0.000117457 
0.898162 0.00398684 0.000259618 0.00017288 0.44725 
0.000422553 0.000429582 0.802435 0.266187 0.538222 
1.56776e-006 4.65393e-006 5.10725e-006 0.98127 0.19872 
6.31471e-007 8.06351e-005 0.449298 0.894827 3.24191e-005 
0.238773 0.950288 0.23243 0.000131974 0.00271412 
0.946368 0.000172569 0.000227595 0.23397 0.234051 
0.0013874 0.713392 0.00162057 0.707714 0.000626521 
0.000435619 0.28907 0.868753 0.282758 0.289982 
0.537022 0.000155293 1.66866e-007 0.802549 0.269271 
0.270434 0.810647 0.000194612 0.535703 0.00204874 
0.808079 0.531842 0.000143324 0.266165 3.95064e-007 
0.291652 0.2899 0.287195 0.866087 1.00642e-005 
0.356317 0.357624 0.352095 0.706802 0.357891 
0.00125667 0.450397 0.00187571 1.55168e-006 0.907966 
0.636961 0.631916 0.318662 0.313342 0.000140588 
0.270159 0.000173692 0.533315 0.000151065 0.804363 
0.804285 0.53532 0.00023146 2.35779e-005 0.266366 
0.00584765 0.543232 0.269883 0.799672 6.16246e-005 
0.267089 0.801948 0.536953 2.4952e-005 0.00574904 
2.42619e-006 0.000165164 0.536304 0.265261 0.803707 
0.316179 0.32095 0.63544 0.628676 0.000888764 
0.635906 0.633313 0.315881 2.36829e-006 0.315067 
0.580833 2.43924e-005 0.578176 0.578344 0.000117859 
0.000320027 0.815536 0.53875 0.268921 3.42472e-007 
0.000327182 1.88245e-006 0.577283 0.575176 0.58227 
0.237461 4.2568e-007 0.236075 0.944313 9.74311e-006 
0.806021 0.533235 0.266002 9.20819e-007 4.76965e-006 
0.00019865 0.898354 0.000170845 0.444205 3.66275e-005 
0.323399 0.628325 0.636179 0.0046398 0.315109 
0.196164 0.983122 0.000158828 1.13089e-006 2.5289e-005 
0.537643 0.269749 3.90572e-005 1.51534e-005 0.804764 
0.642986 0.62847 0.00118003 0.314942 0.312986 
0.529756 0.000134137 0.805593 3.65158e-005 0.268835 
0.000438491 0.237179 0.000320304 0.235778 0.943309 
0.00157525 0.315919 0.635792 0.316845 0.632762 
0.947685 0.236534 6.05599e-005 0.232486 0.000116866 
0.00234833 0.267018 4.79122e-007 0.799719 0.540045 
0.000922565 0.217155 0.950641 7.02858e-005 0.234014 
0.98821 1.81036e-005 0.193465 8.66948e-006 7.25881e-005 
0.63176 0.317565 0.000134668 0.314801 0.637153 
0.000142522 0.000146945 0.811414 0.540267 0.269585 
0.462659 0.000163082 0.0018952 3.52783e-006 0.921387 
0.983884 0.197318 0.00126865 9.34073e-005 0.000880008 
0.63395 0.318406 0.31651 0.000134212 0.631054 
0.236251 0.9443 0.000419724 0.000109942 0.234964 
0.638052 0.315038 0.634472 0.31489 0.00305317 
0.450866 0.000405641 0.896749 0.000132223 3.51071e-005 
0.538646 0.806983 1.68839e-005 0.00391645 0.268239 
0.000254858 0.943958 0.235591 4.2967e-005 0.235024 
8.02811e-005 0.195254 0.981854 0.000118992 2.05578e-006 
0.000264855 0.290905 0.282419 0.286041 0.86999 
0.809506 0.000242144 2.14332e-005 0.533819 0.269421 
0.316618 0.317537 0.632766 0.000198311 0.636478 
0.540594 0.00481293 0.808104 0.261888 1.00822e-005 
0.944891 1.3596e-005 0.234237 3.46764e-005 0.239055 
0.271008 0.535651 0.000959894 0.000736819 0.802415 
0.264822 3.31106e-005 0.801475 9.67905e-005 0.539664 
0.637687 0.319173 0.634774 0.000576197 0.315235 
6.11579e-006 0.714098 1.24601e-005 2.08882e-005 0.711583 
0.000177924 0.542148 0.269544 3.24992e-005 0.808814 
1.00815 7.84716e-006 0.000114374 3.1473e-005 3.05006e-005 
0.0024037 0.237768 0.946292 0.235563 3.51196e-005 
0.804484 9.09252e-006 0.000134659 0.265138 0.535743 
0.318692 0.643021 4.45842e-005 0.626143 0.312919 
0.537838 0.805935 1.22896e-005 0.266556 9.38261e-007 
1.77725e-005 0.537064 0.000176328 0.267356 0.802505 
0.233046 4.90348e-006 2.359e-005 0.231206 0.947044 
0.196586 7.38484e-005 8.32857e-005 2.49007e-005 0.988901 
0.000155721 0.240464 4.30924e-005 0.944181 0.238947 
4.04546e-005 0.195151 2.89122e-005 0.000884074 0.987656 
0.946619 0.236789 4.29402e-005 2.31473e-005 0.234423 
0.947129 0.233896 0.233851 2.41731e-005 1.83369e-005 
0.72318 0.366735 0.357833 0.358332 0.344411 
0.805888 1.24647e-005 0.268927 0.533039 9.42437e-006 
9.73671e-005 0.540846 1.68054e-007 0.808263 0.271188 
8.97948e-005 0.453288 0.898809 0.000132609 3.42586e-005 
1.36554e-005 0.000140626 1.60489e-006 0.710673 0.709839 
1.20845e-005 0.000134994 0.446373 1.24137e-005 0.896947 
0.00034746 0.319809 0.322553 0.644473 0.648071 
0.000489549 0.638547 0.316882 0.317917 0.633197 
0.000230901 0.276724 0.80368 0.533973 0.000224937 
4.47802e-008 0.000197404 0.269114 0.80147 0.537159 
0.896866 0.447331 6.81273e-005 7.89275e-005 9.84034e-006 
5.57932e-006 0.809265 1.32299e-005 0.266875 0.535258 
0.236106 0.236517 5.59526e-005 0.944713 1.40542e-005 
3.87942e-005 9.79526e-006 0.705567 2.50874e-005 0.716089 
0.237799 0.945556 0.000134715 0.2351 0.00222568 
8.59058e-005 0.809013 4.80222e-006 0.527273 0.268331 
0.576894 0.00337476 0.000173515 0.579313 0.579397 
3.5232e-006 0.00017368 0.539748 0.80158 0.268284 
0.803305 0.00108502 0.534345 0.267809 3.61264e-005 
2.96805e-007 3.11174e-005 1.00292 4.47208e-005 1.82742e-005 
0.898267 8.84079e-007 0.000295135 0.445837 9.81494e-005 
3.72821e-007 0.000191702 0.238355 0.236458 0.943947 
0.869509 0.282997 0.288958 0.287537 6.23944e-005 
0.807121 9.91867e-005 0.535056 7.56918e-005 0.273453 
0.804406 0.000191478 0.264961 1.64217e-006 0.537631 
5.779e-005 0.237945 0.237503 0.94812 7.97467e-007 
0.000117751 0.269741 0.53486 0.804594 8.23488e-005 
0.000600424 0.538577 0.799027 3.63385e-005 0.269732 
0.584728 0.594424 0.000542243 0.586828 0.00205918 
2.35928e-007 5.92188e-006 0.943485 0.238831 0.235893 
0.00021904 0.808459 0.267025 0.534296 0.000246493 
0.318971 6.89314e-005 0.634479 0.633338 0.316154 
0.000146614 6.86366e-005 4.72299e-005 0.895281 0.447671 
0.639062 0.31933 0.315734 0.635193 7.0613e-005 
0.238791 0.000810939 0.944789 0.235271 3.50761e-005 
0.19713 4.68698e-005 0.984088 0.0001119 3.29925e-005 
0.269483 0.00157553 0.00210711 0.536353 0.803494 
0.000309346 0.947223 0.23339 0.235559 0.000288348 
0.00439018 0.240421 0.238422 8.80403e-005 0.95259 
0.234156 0.000238615 3.78717e-005 0.94355 0.241196 
0.538528 0.000967114 0.269075 4.74092e-005 0.801214 
0.288503 0.289696 0.865574 4.83408e-005 0.292705 
0.707609 0.000159788 0.000253889 1.44559e-006 0.713949 
0.290904 0.288877 8.33288e-005 0.866723 0.294871 
0.26757 0.80535 0.000242744 9.87718e-005 0.535222 
0.238839 1.61647e-005 0.23684 2.87309e-005 0.946219 
0.00106484 0.271906 0.000256759 0.532245 0.803407 
0.285541 4.79233e-005 0.285084 0.283017 0.8732 
0.355462 0.358131 0.353243 0.348153 0.71185 
0.268411 0.000383878 0.805813 0.533567 4.56943e-006 
0.98331 0.000248979 0.000478348 4.20043e-005 0.194565 
3.56531e-005 0.803017 0.272832 0.000215085 0.533642 
0.316694 0.00039011 0.631749 0.31412 0.637297 
0.00020855 0.947669 0.000113493 0.228705 0.236672 
1.68371e-005 6.21374e-006 0.895371 0.000125226 0.452414 
0.945568 1.68099e-005 0.233621 0.2353 2.52302e-005 
2.35328e-006 0.0001699 0.898892 0.448344 3.51461e-005 
0.804146 0.266977 0.000632893 0.533601 4.24948e-006 
0.353707 0.706794 0.355015 0.355027 0.360067 
0.269717 8.50419e-005 0.536479 0.803187 4.90606e-006 
1.65209e-006 0.000220456 0.198161 3.38987e-005 0.983873 
0.270126 0.538017 0.803522 1.03401e-005 1.1255e-005 
0.000327912 3.69802e-006 0.710625 0.705952 9.91407e-005 
0.000118679 0.263243 0.802597 9.05968e-007 0.537824 
0.542606 0.00181187 7.58276e-006 0.268807 0.80694 
0.645894 0.647369 0.450753 2.07161e-005 4.30971e-006 
0.45158 0.000406283 0.898169 0.000132432 3.42632e-005 

