0.184666 0.659255 
0.235543 0.305051 
0.84533 -0.753502 
0.648472 -0.450164 
0.618668 -0.126716 
0.077651 0.674476 
0.211803 0.466411 
0.82491 -0.487994 
0.230327 0.335057 
0.0846831 0.672326 
0.0392781 0.768699 
0.643736 -0.431476 
0.00813465 0.910392 
0.416404 0.15152 
0.0694396 0.682783 
0.636016 -0.371216 
0.0316101 0.80025 
9.55724e-007 1.00471 
0.22121 0.39532 
0.0620296 0.696297 
0.621785 -0.180011 
0.447236 -0.111974 
0.826182 -0.512734 
0.836709 -0.677772 
0.046941 0.739047 
0.828562 -0.555189 
0.423966 0.0606717 
0.426565 0.033267 
0.225596 0.365483 
0.0541257 0.716539 
0.442315 -0.0913351 
0.429233 0.00574278 
0.625048 -0.230833 
0.435198 -0.0455595 
0.631945 -0.326242 
0.409474 0.244054 
0.829862 -0.577772 
0.842488 -0.735493 
0.255839 0.244819 
0.411417 0.216441 
0.838436 -0.697638 
0.454162 -0.122172 
0.835237 -0.659118 
0.247217 0.259759 
0.0160903 0.868665 
0.623452 -0.206681 
0.240902 0.280368 
0.64079 -0.411841 
0.190716 0.621011 
0.196654 0.579772 
0.8325 -0.619042 
0.413824 0.185123 
0.43858 -0.0710011 
0.0236971 0.832556 
0.831073 -0.598362 
0.630195 -0.303953 
0.42149 0.0896703 
0.201845 0.541313 
0.840346 -0.7169 
0.633943 -0.349003 
0.620146 -0.151793 
0.216335 0.431628 
0.626743 -0.256435 
0.43211 -0.0209104 
0.823755 -0.465076 
0.851427 -0.77139 
0.419088 0.118844 
0.638254 -0.392538 
0.833841 -0.639569 
0.628391 -0.279878 
0.206848 0.503806 
0.827383 -0.533906 
0.0546295 0.71644 
0.0465187 0.740337 
0.433658 -0.0338527 
0.0148898 0.874454 
0.038828 0.770748 
0.416573 0.149902 
0.830178 -0.58367 
0.236595 0.300586 
0.429211 0.0059697 
0.641385 -0.416826 
0.239673 0.28677 
0.833699 -0.632306 
0.000607195 0.979312 
0.638702 -0.396277 
0.206434 0.506429 
0.201732 0.557941 
0.630066 -0.302265 
0.221822 0.391695 
0.0616829 0.697542 
0.209764 0.481232 
0.841303 -0.725099 
0.423411 0.0676533 
0.189978 0.635551 
0.624417 -0.221508 
0.628381 -0.279763 
0.830937 -0.595955 
0.218247 0.417023 
0.832194 -0.616153 

